6 0.18517110266159695 0.4513148542999289 0.09353612167300379 0.11371712864250177
6 0.26577946768060834 0.3205401563610519 0.09961977186311786 0.11940298507462686
6 0.4250950570342205 0.24520255863539445 0.09581749049429657 0.1222459132906894
6 0.6330798479087452 0.27292110874200426 0.09049429657794676 0.11371712864250177
6 0.8319391634980988 0.5735607675906184 0.16882129277566538 0.11087420042643922
5 0.24600760456273763 0.5259417199715707 0.08441064638783269 0.06254442075337598
5 0.3247148288973384 0.43852167732764746 0.09277566539923954 0.06538734896943851
5 0.45703422053231935 0.3742004264392324 0.09277566539923954 0.0845771144278607
5 0.6079847908745247 0.3820184790334044 0.09505703422053231 0.0845771144278607
4 0.32661596958174904 0.6019900497512438 0.08441064638783269 0.07107320540156362
4 0.3980988593155893 0.5518834399431414 0.09353612167300379 0.07604832977967306
4 0.4885931558935361 0.5163468372423596 0.08745247148288973 0.07889125799573561
4 0.5840304182509506 0.509594882729211 0.08212927756653991 0.07107320540156362
4 0.7106463878326996 0.6492537313432836 0.08136882129277566 0.09168443496801705
3 0.3692015209125475 0.6474769012082445 0.06920152091254753 0.08386638237384506
3 0.423574144486692 0.6190476190476191 0.07604562737642585 0.08955223880597014
3 0.491254752851711 0.5941719971570718 0.07604562737642585 0.10803127221037669
3 0.5798479087452472 0.5888415067519545 0.07376425855513308 0.11300639658848614
2 0.6125475285171103 0.7739872068230277 0.09657794676806084 0.09097370291400142
1 0.38821292775665395 0.9310589907604833 0.10114068441064639 0.12366737739872068
0 0.49201520912547525 0.9324804548685146 0.14600760456273765 0.1222459132906894
