0 0.50625 0.8446483180428134 0.178125 0.20183486238532108
1 0.37265625 0.8648318042813455 0.13593750000000002 0.17614678899082567
2 0.6140625000000001 0.7033639143730887 0.1546875 0.11009174311926605
3 0.31367187500000004 0.5425076452599388 0.09140625000000001 0.08440366972477063
3 0.38671875 0.5134556574923547 0.09375 0.10214067278287461
3 0.472265625 0.49816513761467884 0.09609375 0.12048929663608562
3 0.58125 0.5003058103975535 0.09843750000000001 0.11253822629969418
4 0.753125 0.563302752293578 0.125 0.08807339449541284
4 0.598046875 0.41070336391437307 0.10859375 0.09969418960244647
4 0.478125 0.40152905198776756 0.10312500000000001 0.10336391437308867
4 0.374609375 0.43241590214067277 0.10859375 0.09051987767584098
4 0.27968750000000003 0.4785932721712538 0.1015625 0.08134556574923547
6 0.8703125 0.4626911314984709 0.15781250000000002 0.11926605504587155
6 0.63203125 0.17155963302752292 0.115625 0.10703363914373087
6 0.48867187500000003 0.12813455657492354 0.12578125 0.11926605504587155
6 0.34921875 0.16697247706422016 0.12187500000000001 0.12477064220183486
6 0.20234375000000002 0.2840978593272171 0.10625000000000001 0.10825688073394495
5 0.225390625 0.38012232415902136 0.11328125 0.07155963302752293
5 0.355078125 0.3018348623853211 0.12265625000000001 0.08134556574923547
5 0.483984375 0.2602446483180428 0.13046875 0.09602446483180428
5 0.6171875 0.2914373088685015 0.15156250000000002 0.08623853211009173
