1 0.3688736027515047 0.8327566320645906 0.12553740326741186 0.13379469434832758
0 0.5038693035253654 0.8281430219146483 0.20980223559759245 0.13725490196078433
2 0.6874462596732588 0.6666666666666667 0.15391229578675839 0.10265282583621685
3 0.3276010318142734 0.5069204152249135 0.10490111779879623 0.09803921568627451
3 0.42605331040412725 0.4821222606689735 0.09888220120378333 0.09803921568627451
3 0.5236457437661222 0.4535755478662053 0.10146173688736028 0.10668973471741638
3 0.6341358555460017 0.4550173010380623 0.10920034393809115 0.09919261822376009
4 0.8082545141874463 0.5155709342560554 0.1238177128116939 0.07727797001153403
4 0.6526225279449699 0.37139561707035756 0.1238177128116939 0.08765859284890427
4 0.5318142734307825 0.370242214532872 0.117798796216681 0.08996539792387544
4 0.4230438521066208 0.40340253748558247 0.1117798796216681 0.08708189158016148
4 0.29879621668099743 0.43656286043829295 0.117798796216681 0.07727797001153403
5 0.23860705073086844 0.3370818915801615 0.09888220120378333 0.061707035755478666
5 0.40412725709372316 0.27306805074971163 0.1117798796216681 0.07093425605536333
5 0.5438521066208083 0.23356401384083045 0.117798796216681 0.08073817762399077
5 0.679707652622528 0.2494232987312572 0.12123817712811694 0.0790080738177624
6 0.8662940670679278 0.38696655132641294 0.14531384350816853 0.1510957324106113
6 0.6848667239896818 0.1447520184544406 0.13155631986242478 0.11303344867358708
6 0.5356835769561479 0.10668973471741638 0.13757523645743766 0.13610149942329874
6 0.40842648323301806 0.15542099192618225 0.1289767841788478 0.12629757785467127
6 0.22184006878761822 0.23990772779700115 0.12209802235597593 0.11880046136101499
