6 0.17642276422764228 0.3246753246753247 0.0975609756097561 0.10245310245310245
6 0.2983739837398374 0.19227994227994227 0.10569105691056911 0.12337662337662338
6 0.47804878048780486 0.13672438672438672 0.12032520325203253 0.12626262626262627
6 0.6333333333333333 0.1821789321789322 0.0991869918699187 0.12337662337662338
6 0.866260162601626 0.5144300144300145 0.15365853658536585 0.12121212121212122
5 0.2426829268292683 0.40115440115440115 0.1 0.06349206349206349
5 0.3386178861788618 0.3134920634920635 0.09024390243902439 0.06421356421356421
5 0.47520325203252034 0.26551226551226553 0.09349593495934959 0.09090909090909091
5 0.609349593495935 0.30158730158730157 0.09674796747967479 0.07215007215007214
4 0.29634146341463413 0.4834054834054834 0.108130081300813 0.07792207792207792
4 0.38983739837398373 0.43398268398268397 0.09024390243902439 0.08008658008658008
4 0.4861788617886179 0.4033189033189033 0.1024390243902439 0.08802308802308802
4 0.5898373983739837 0.4163059163059163 0.1048780487804878 0.08802308802308802
4 0.7390243902439024 0.5833333333333334 0.1024390243902439 0.09595959595959595
3 0.3386178861788618 0.5299422799422799 0.09024390243902439 0.08585858585858586
3 0.40772357723577235 0.51010101010101 0.07886178861788617 0.10966810966810966
3 0.47804878048780486 0.49278499278499277 0.08130081300813008 0.12265512265512266
3 0.5678861788617886 0.5014430014430015 0.07886178861788617 0.11976911976911978
2 0.6065040650406504 0.6836219336219336 0.13821138211382114 0.09884559884559885
1 0.37886178861788616 0.8412698412698413 0.11707317073170731 0.15728715728715728
0 0.49065040650406505 0.8427128427128427 0.13577235772357724 0.20346320346320346
