1 0.4481065918653576 0.8097615085967832 0.09817671809256662 0.13422074320576818
0 0.5669705469845722 0.8333333333333334 0.17461430575035064 0.16139767054908488
2 0.687938288920056 0.6921797004991681 0.11921458625525946 0.09428729894620079
3 0.3965638148667602 0.5751525235718248 0.07503506311360449 0.11092623405435387
3 0.46633941093969145 0.5282861896838603 0.091164095371669 0.11369938990571271
3 0.5364656381486675 0.5005546311702718 0.08415147265077139 0.1192457016084304
3 0.6360448807854138 0.5080421519689406 0.08415147265077139 0.13976705490848587
4 0.802594670406732 0.5651691625069329 0.105890603085554 0.06988352745424294
4 0.6420056100981767 0.413477537437604 0.11150070126227209 0.07487520798668885
4 0.5192847124824684 0.4212423738214088 0.11150070126227209 0.07709373266777593
4 0.44214586255259464 0.46894065446478095 0.1002805049088359 0.06821963394342763
4 0.36325385694249646 0.5141430948419302 0.091164095371669 0.07210205213533001
6 0.876577840112202 0.4398225180255131 0.12622720897615708 0.13976705490848587
6 0.6563814866760168 0.18968386023294512 0.0785413744740533 0.10537992235163617
6 0.464586255259467 0.17054908485856907 0.12272089761570827 0.1192457016084304
6 0.32748948106591863 0.24320576816417086 0.11220196353436185 0.10926234054353856
6 0.211781206171108 0.3868552412645591 0.11220196353436185 0.09706045479755963
5 0.6493688639551192 0.3047698280643372 0.1150070126227209 0.06600110926234055
5 0.4961430575035063 0.2911813643926789 0.105890603085554 0.06544647809206879
5 0.38323983169705467 0.3488630061009429 0.10308555399719495 0.07210205213533001
5 0.28751753155680226 0.44398225180255135 0.09256661991584852 0.06045479755962286
