6 0.8223826714801443 0.5168269230769231 0.14873646209386282 0.1146978021978022
6 0.6519855595667869 0.198489010989011 0.11263537906137183 0.10714285714285715
6 0.4592057761732852 0.1363324175824176 0.12418772563176894 0.1201923076923077
6 0.31841155234657037 0.1926510989010989 0.09530685920577617 0.11332417582417584
6 0.15342960288808663 0.35714285714285715 0.09602888086642598 0.10576923076923078
5 0.211913357400722 0.43028846153846156 0.09891696750902526 0.07074175824175825
5 0.34259927797833933 0.3200549450549451 0.1075812274368231 0.10714285714285715
5 0.46823104693140793 0.2682005494505495 0.11191335740072202 0.0789835164835165
5 0.6245487364620939 0.30631868131868134 0.09386281588447654 0.0837912087912088
4 0.2732851985559567 0.5082417582417583 0.09747292418772563 0.07280219780219781
4 0.3682310469314079 0.4447115384615385 0.08808664259927797 0.09684065934065934
4 0.46570397111913353 0.4093406593406594 0.10108303249097472 0.10714285714285715
4 0.5750902527075812 0.4182692307692308 0.08592057761732852 0.11950549450549451
4 0.7328519855595668 0.5961538461538461 0.10685920577617328 0.09890109890109891
3 0.31263537906137184 0.564217032967033 0.08519855595667869 0.0885989010989011
3 0.38267148014440433 0.5302197802197802 0.08519855595667869 0.1043956043956044
3 0.46281588447653427 0.5058379120879122 0.08519855595667869 0.11195054945054946
3 0.5581227436823104 0.5123626373626374 0.07220216606498195 0.125
2 0.6 0.7108516483516484 0.14729241877256316 0.10164835164835166
1 0.371841155234657 0.8887362637362638 0.12274368231046931 0.14972527472527475
0 0.4938628158844765 0.8835851648351649 0.15740072202166064 0.19024725274725277
