1 0.416958041958042 0.8357235984354628 0.1258741258741259 0.07431551499348109
0 0.5611888111888111 0.8220338983050848 0.17307692307692307 0.10951760104302477
2 0.7001748251748252 0.6456975228161669 0.1520979020979021 0.14146023468057367
4 0.7854020979020979 0.5114080834419817 0.12325174825174826 0.11538461538461538
4 0.6346153846153846 0.3872229465449804 0.1520979020979021 0.10951760104302477
4 0.4825174825174825 0.3891786179921773 0.13111888111888112 0.11342894393741851
4 0.38024475524475526 0.4380704041720991 0.11538461538461539 0.10169491525423728
4 0.28846153846153844 0.49869621903520206 0.11538461538461539 0.07822685788787484
3 0.3277972027972028 0.5671447196870926 0.1258741258741259 0.10169491525423728
3 0.4117132867132867 0.529986962190352 0.1048951048951049 0.121251629726206
3 0.4956293706293706 0.5065189048239895 0.11538461538461539 0.15254237288135591
3 0.6215034965034965 0.5065189048239895 0.09965034965034965 0.16036505867014342
6 0.8653846153846154 0.40384615384615385 0.16783216783216784 0.14667535853976532
6 0.6647727272727273 0.17503259452411996 0.17045454545454544 0.1271186440677966
6 0.4785839160839161 0.14374185136897 0.13898601398601398 0.13494132985658408
6 0.32124125874125875 0.204367666232073 0.1284965034965035 0.13102998696219034
6 0.208479020979021 0.33344198174706646 0.12325174825174826 0.13102998696219034
5 0.24388111888111888 0.4146023468057366 0.13636363636363635 0.07040417209908735
5 0.34353146853146854 0.3226857887874837 0.1258741258741259 0.08213820078226858
5 0.47465034965034963 0.26988265971316816 0.14685314685314685 0.10169491525423728
5 0.6424825174825175 0.2894393741851369 0.15734265734265734 0.0938722294654498
