1 0.3434379457917261 0.8285968028419183 0.10199714693295293 0.13913558318531674
0 0.445435092724679 0.8475429248075784 0.15335235378031384 0.1604499703966844
2 0.5955777460770328 0.6912374185908822 0.16262482168330955 0.09295441089402012
3 0.5641940085592012 0.5076968620485494 0.0898716119828816 0.10834813499111899
3 0.4646932952924394 0.49940793368857306 0.08202567760342368 0.10597986974541147
3 0.3833808844507846 0.5293072824156305 0.0891583452211127 0.09828300769686205
3 0.3074179743223966 0.5595026642984013 0.08416547788873038 0.08407341622261692
4 0.7457203994293866 0.5947306098283007 0.09914407988587733 0.08229721728833629
4 0.5841654778887304 0.4221432800473653 0.09843081312410842 0.08880994671403196
4 0.4632667617689016 0.41237418590882174 0.09486447931526391 0.08821788040260509
4 0.3630527817403709 0.4461219656601539 0.10128388017118403 0.0965068087625814
4 0.2746077032810271 0.5124333925399644 0.0898716119828816 0.07992895204262877
6 0.8584165477888731 0.5106571936056838 0.1405135520684736 0.10361160449970395
6 0.6497860199714693 0.19834221432800472 0.10128388017118403 0.11249259917110715
6 0.456490727532097 0.1492007104795737 0.12125534950071327 0.11841326228537595
6 0.2760342368045649 0.20988750740082887 0.11412268188302425 0.12729425695677915
6 0.12375178316690442 0.3579040852575488 0.1262482168330956 0.12137359384251035
5 0.20114122681883026 0.438129070455891 0.09700427960057062 0.06394316163410302
5 0.33024251069900146 0.33866193013617524 0.11840228245363767 0.07815275310834813
5 0.4732524964336662 0.2847838957963292 0.12339514978601998 0.07815275310834813
5 0.6180456490727533 0.3087625814091178 0.11340941512125535 0.08229721728833629
