0 0.4817073170731707 0.6560606060606061 0.12682926829268293 0.132996632996633
1 0.5741869918699187 0.65 0.09715447154471545 0.09663299663299664
2 0.4038617886178862 0.5271043771043772 0.08739837398373984 0.07643097643097643
3 0.44959349593495934 0.4277777777777778 0.06097560975609756 0.07104377104377105
3 0.5176829268292683 0.4304713804713805 0.056504065040650406 0.06902356902356903
3 0.5650406504065041 0.451010101010101 0.05203252032520325 0.07306397306397307
3 0.6073170731707317 0.47542087542087547 0.04715447154471545 0.06531986531986532
4 0.6313008130081301 0.4222222222222222 0.05447154471544716 0.06734006734006734
4 0.5829268292682926 0.3893939393939394 0.06097560975609756 0.06902356902356903
4 0.5231707317073171 0.368013468013468 0.058536585365853655 0.06734006734006734
4 0.44979674796747965 0.3715488215488216 0.06544715447154471 0.06363636363636364
4 0.3357723577235772 0.46245791245791246 0.06341463414634146 0.05420875420875421
6 0.29044715447154473 0.4011784511784512 0.08089430894308942 0.08653198653198654
6 0.4628048780487805 0.2441077441077441 0.08089430894308942 0.06801346801346801
6 0.5471544715447154 0.22895622895622897 0.07235772357723577 0.07205387205387206
6 0.6357723577235772 0.2585858585858586 0.08211382113821138 0.07407407407407408
6 0.7048780487804878 0.33602693602693606 0.06747967479674796 0.06397306397306397
5 0.45203252032520325 0.3023569023569024 0.07886178861788617 0.048484848484848485
5 0.5310975609756098 0.295959595959596 0.07439024390243902 0.057912457912457915
5 0.6032520325203252 0.3247474747474748 0.07886178861788617 0.06363636363636364
5 0.6654471544715447 0.381986531986532 0.06747967479674796 0.05420875420875421
