1 0.2562962962962963 0.7044879898862201 0.09777777777777777 0.1447534766118837
0 0.3611111111111111 0.7496839443742099 0.16518518518518518 0.16687737041719344
2 0.5266666666666666 0.6280025284450064 0.17777777777777776 0.07269279393173199
3 0.5325925925925926 0.46839443742098613 0.08888888888888888 0.11757269279393175
3 0.457037037037037 0.43046776232616946 0.08 0.1099873577749684
3 0.3833333333333333 0.43615676359039196 0.07629629629629629 0.0986093552465234
3 0.30296296296296293 0.4664981036662453 0.07555555555555556 0.10619469026548674
4 0.6614814814814814 0.5859671302149179 0.10666666666666666 0.06447534766118837
4 0.5725925925925925 0.3887484197218711 0.08888888888888888 0.08723135271807839
4 0.4837037037037037 0.35461441213653605 0.08 0.09481668773704173
4 0.39444444444444443 0.3565107458912769 0.07185185185185185 0.0986093552465234
4 0.2962962962962963 0.3925410872313527 0.09777777777777777 0.07964601769911506
6 0.7637037037037037 0.5464601769911505 0.1437037037037037 0.10176991150442478
6 0.6533333333333333 0.22123893805309736 0.09185185185185185 0.09987357774968396
6 0.5566666666666666 0.14949431099873578 0.08666666666666666 0.1042983565107459
6 0.47074074074074074 0.16498103666245262 0.11037037037037037 0.09987357774968396
6 0.3185185185185185 0.23388116308470291 0.09185185185185185 0.09734513274336284
5 0.29962962962962963 0.3233249051833123 0.08666666666666666 0.07016434892541087
5 0.43037037037037035 0.263590391908976 0.09777777777777777 0.07964601769911506
5 0.5325925925925926 0.2579013906447535 0.08888888888888888 0.09102402022756007
5 0.6192592592592592 0.3072060682680152 0.10222222222222221 0.0986093552465234
