0 0.48755832037325036 0.8449197860962566 0.14930015552099535 0.2286096256684492
1 0.38724727838258166 0.8669786096256684 0.1166407465007776 0.16844919786096255
2 0.5995334370139969 0.6600935828877005 0.19595645412130638 0.10093582887700535
4 0.7480559875583204 0.5678475935828877 0.11353032659409021 0.10895721925133689
4 0.5536547433903577 0.3870320855614973 0.1057542768273717 0.11898395721925133
4 0.4385692068429238 0.391711229946524 0.1026438569206843 0.10294117647058823
4 0.33981337480559876 0.4234625668449198 0.09486780715396578 0.10628342245989304
4 0.24183514774494558 0.4796122994652406 0.11353032659409021 0.09692513368983957
3 0.3557542768273717 0.5133689839572192 0.09253499222395023 0.12165775401069517
3 0.4354587869362364 0.4966577540106952 0.1026438569206843 0.14304812834224598
3 0.5307153965785381 0.4996657754010695 0.09564541213063764 0.14906417112299464
3 0.286547433903577 0.5601604278074866 0.10964230171073094 0.12433155080213903
6 0.8580870917573873 0.4923128342245989 0.15629860031104198 0.142379679144385
6 0.6251944012441679 0.16343582887700533 0.09797822706065319 0.13836898395721925
6 0.4525660964230171 0.1283422459893048 0.1119751166407465 0.10828877005347592
6 0.30326594090202175 0.16744652406417113 0.1166407465007776 0.12633689839572193
6 0.12130637636080871 0.29478609625668445 0.13063763608087092 0.11631016042780748
5 0.17107309486780714 0.3947192513368984 0.11353032659409021 0.07954545454545454
5 0.32581648522550544 0.30213903743315507 0.1026438569206843 0.08823529411764705
5 0.458398133748056 0.25935828877005346 0.11275272161741835 0.10026737967914438
5 0.5944790046656299 0.285427807486631 0.10964230171073094 0.0909090909090909
