0 0.4399460188933873 0.7601799242424243 0.15654520917678813 0.13683712121212122
1 0.33434547908232115 0.759469696969697 0.08299595141700404 0.12973484848484848
2 0.5863697705802968 0.6479640151515151 0.1592442645074224 0.07149621212121213
3 0.5506072874493927 0.5118371212121212 0.08771929824561403 0.09659090909090909
3 0.45276653171390013 0.5014204545454546 0.0904183535762483 0.08712121212121213
3 0.37685560053981104 0.5224905303030303 0.0883940620782726 0.0790719696969697
3 0.30398110661268557 0.5582386363636364 0.08029689608636977 0.09659090909090909
4 0.7240215924426451 0.5726799242424243 0.10526315789473684 0.06770833333333333
4 0.5792847503373819 0.4393939393939394 0.1126855600539811 0.08333333333333334
4 0.4598515519568151 0.42992424242424243 0.09919028340080971 0.09090909090909091
4 0.356612685560054 0.45951704545454547 0.09649122807017543 0.06960227272727273
4 0.26686909581646423 0.5080492424242424 0.09919028340080971 0.05776515151515152
5 0.3093792172739541 0.37855113636363635 0.10188933873144398 0.05066287878787879
5 0.48684210526315785 0.34280303030303033 0.09919028340080971 0.05965909090909091
5 0.6346153846153846 0.36292613636363635 0.10188933873144398 0.06581439393939394
5 0.21288798920377866 0.45170454545454547 0.09649122807017543 0.05587121212121212
6 0.1548582995951417 0.39772727272727276 0.10323886639676112 0.07386363636363637
6 0.25775978407557354 0.2937973484848485 0.1039136302294197 0.08570075757575758
6 0.5 0.24786931818181818 0.09311740890688258 0.09517045454545454
6 0.6798245614035088 0.2975852272727273 0.11133603238866396 0.08475378787878789
6 0.8147773279352226 0.5116003787878788 0.14237516869095815 0.09138257575757576
