5 0.39038189533239037 0.39663760896637607 0.07260726072607261 0.05603985056039851
5 0.4639321074964639 0.34869240348692404 0.07637906647807638 0.057285180572851806
5 0.5355964167845356 0.3206724782067248 0.06694955209806695 0.06517227065172271
5 0.6056105610561056 0.3343711083437111 0.07967939651107968 0.0668327106683271
6 0.37482319660537483 0.32378580323785805 0.07260726072607261 0.07887090078870901
6 0.45733144743045734 0.25259443752594435 0.06694955209806695 0.09007887090078871
6 0.5325318246110325 0.22332918223329182 0.07119283356907119 0.08634288086342881
6 0.607024988213107 0.25072644250726445 0.08250825082508251 0.0838522208385222
6 0.7611975483262612 0.4526774595267746 0.09948137670909948 0.09007887090078871
4 0.4042904290429043 0.46284765462847655 0.07779349363507779 0.0655873806558738
4 0.47123998114097126 0.4356579493565795 0.06176331918906176 0.07181403071814031
4 0.5337105139085337 0.4173931091739311 0.06694955209806695 0.07347447073474471
4 0.5999528524280999 0.4140722291407223 0.06553512494106553 0.08011623080116231
4 0.7024988213107025 0.5259443752594437 0.08486562942008487 0.07638024076380241
3 0.4203206034889203 0.5211706102117061 0.06176331918906176 0.07347447073474471
3 0.47312588401697314 0.49709422997094227 0.06176331918906176 0.08011623080116231
3 0.5275813295615276 0.487546699875467 0.06506364922206506 0.08924865089248651
3 0.5954738330975955 0.4931506849315068 0.06694955209806695 0.09381486093814861
2 0.6152758132956153 0.6471564964715649 0.09618104667609619 0.07638024076380241
1 0.4222065063649222 0.7447073474470735 0.06553512494106553 0.0987961809879618
0 0.5051862329090052 0.757368202573682 0.11645450259311646 0.11664591116645912
