1 0.31855840927920465 0.7836084905660377 0.10190555095277547 0.12028301886792453
0 0.4432477216238608 0.7756485849056604 0.17729908864954433 0.1338443396226415
2 0.6350455675227837 0.6282429245283019 0.19138359569179783 0.10436320754716981
4 0.7792046396023198 0.5056014150943396 0.14333057166528582 0.0866745283018868
4 0.5708367854183927 0.34139150943396224 0.10936205468102733 0.11556603773584906
4 0.4411764705882353 0.3466981132075472 0.13504556752278377 0.0990566037735849
4 0.328086164043082 0.38295990566037735 0.12096106048053024 0.09139150943396226
4 0.2224523612261806 0.4271816037735849 0.10521955260977629 0.08313679245283019
3 0.5492957746478873 0.4366155660377358 0.09776304888152444 0.12323113207547169
3 0.4328914664457332 0.44192216981132076 0.10521955260977629 0.12087264150943396
3 0.352112676056338 0.46432783018867924 0.0944490472245236 0.10672169811320754
3 0.260149130074565 0.49262971698113206 0.08285004142502071 0.10436320754716981
6 0.8815244407622204 0.41391509433962265 0.1524440762220381 0.12264150943396226
6 0.6470588235294117 0.13148584905660377 0.1275890637945319 0.11084905660377357
6 0.4167357083678542 0.09964622641509434 0.1259320629660315 0.11556603773584906
6 0.23156586578293287 0.16008254716981132 0.1317315658657829 0.11615566037735849
6 0.08285004142502071 0.27741745283018865 0.11764705882352941 0.10436320754716981
5 0.14540182270091134 0.3564268867924528 0.10190555095277547 0.0642688679245283
5 0.2775476387738194 0.2665094339622641 0.12427506213753106 0.07783018867924528
5 0.43454846727423363 0.220813679245283 0.1168185584092792 0.08077830188679246
5 0.6118475559237779 0.23408018867924527 0.1168185584092792 0.08018867924528301
