0 0.5084033613445378 0.9361493123772101 0.1722689075630252 0.15324165029469547
1 0.3529411764705882 0.9361493123772101 0.13025210084033612 0.13752455795677798
2 0.6701680672268907 0.7102161100196464 0.1533613445378151 0.13752455795677798
3 0.6281512605042017 0.5221021611001965 0.10714285714285714 0.15029469548133595
3 0.5131302521008403 0.5117878192534381 0.11239495798319327 0.14538310412573674
3 0.41964285714285715 0.5388015717092337 0.11029411764705882 0.13457760314341846
3 0.3324579831932773 0.6031434184675835 0.10399159663865545 0.15127701375245578
4 0.7909663865546218 0.6036345776031434 0.09033613445378151 0.10117878192534381
4 0.6517857142857143 0.4012770137524558 0.11239495798319327 0.13654223968565815
4 0.5078781512605042 0.393418467583497 0.13550420168067226 0.13457760314341846
4 0.3949579831932773 0.43320235756385067 0.11554621848739495 0.12377210216110018
4 0.29411764705882354 0.5024557956777995 0.0861344537815126 0.09921414538310412
6 0.8676470588235293 0.5068762278978388 0.14285714285714285 0.12966601178781925
6 0.7111344537815125 0.16208251473477406 0.10714285714285714 0.13163064833005894
6 0.4695378151260504 0.11787819253438113 0.11554621848739495 0.14538310412573674
6 0.3245798319327731 0.17288801571709234 0.11134453781512604 0.15324165029469547
6 0.19117647058823528 0.3241650294695481 0.10504201680672269 0.12573673870333987
5 0.3560924369747899 0.32023575638506874 0.1092436974789916 0.08644400785854617
5 0.4973739495798319 0.2573673870333988 0.12710084033613445 0.0943025540275049
5 0.6890756302521008 0.29371316306483297 0.11764705882352941 0.10805500982318271
5 0.24369747899159663 0.41699410609037324 0.1092436974789916 0.07563850687622789
