5 0.6727195945945946 0.3178066037735849 0.11908783783783784 0.07193396226415094
5 0.5367398648648649 0.2980542452830189 0.11570945945945947 0.0678066037735849
5 0.4159628378378379 0.3293042452830189 0.11908783783783784 0.07841981132075472
5 0.28969594594594594 0.40005896226415094 0.09628378378378379 0.06544811320754716
6 0.8429054054054055 0.4448702830188679 0.12331081081081081 0.10318396226415094
6 0.691722972972973 0.2329009433962264 0.09628378378378379 0.09433962264150943
6 0.5447635135135136 0.19369103773584906 0.10135135135135136 0.09846698113207547
6 0.38724662162162166 0.22376179245283018 0.10388513513513514 0.11261792452830188
6 0.2529560810810811 0.33814858490566035 0.10557432432432433 0.08431603773584906
4 0.7740709459459459 0.5224056603773585 0.12246621621621623 0.06721698113207547
4 0.6304898648648649 0.39976415094339623 0.09037162162162163 0.09198113207547169
4 0.5228040540540541 0.40094339622641506 0.09966216216216217 0.08962264150943396
4 0.42609797297297297 0.4271816037735849 0.09375 0.08077830188679246
4 0.3319256756756757 0.4690448113207547 0.09966216216216217 0.07841981132075472
3 0.6106418918918919 0.47877358490566035 0.08108108108108109 0.1025943396226415
3 0.5228040540540541 0.4699292452830188 0.08783783783783784 0.08726415094339622
3 0.4383445945945946 0.49292452830188677 0.0945945945945946 0.08962264150943396
3 0.35599662162162166 0.5271226415094339 0.09375 0.08490566037735849
2 0.653293918918919 0.6161556603773585 0.11233108108108109 0.10023584905660377
1 0.4142736486486487 0.7662146226415094 0.09712837837837839 0.13974056603773585
0 0.5232263513513514 0.7724056603773585 0.15287162162162163 0.14386792452830188
