0 0.4826614651061985 0.6987670068027211 0.11573472041612483 0.1526360544217687
1 0.4048547897702644 0.7023809523809523 0.06675335934113567 0.11989795918367346
2 0.571087993064586 0.5676020408163265 0.09752925877763328 0.0782312925170068
3 0.5494148244473341 0.4232568027210884 0.06631989596879063 0.10246598639455783
3 0.4798439531859558 0.41624149659863946 0.07108799306458605 0.08928571428571429
3 0.423493714781101 0.439625850340136 0.046814044213263975 0.10459183673469387
3 0.37711313394018203 0.4570578231292517 0.055483311660164715 0.09183673469387754
4 0.6631989596879063 0.4625850340136054 0.09102730819245773 0.07653061224489796
4 0.5637191157347204 0.34162414965986393 0.0645860424794105 0.09566326530612244
4 0.4850455136540962 0.33949829931972786 0.06675335934113567 0.09141156462585033
4 0.4200260078023407 0.3633078231292517 0.07108799306458605 0.08290816326530612
4 0.3558734286952752 0.3994472789115646 0.07108799306458605 0.07185374149659864
6 0.7147811009969658 0.3958333333333333 0.09276116168183789 0.10119047619047619
6 0.6059817945383615 0.1919642857142857 0.07715648027741656 0.10246598639455783
6 0.49869960988296486 0.1488095238095238 0.07325530992631123 0.09863945578231292
6 0.39705244906805376 0.18090986394557823 0.07195491980927611 0.1092687074829932
6 0.29475509319462506 0.2776360544217687 0.08755960121369744 0.07568027210884354
5 0.32488079757260513 0.344812925170068 0.07152145643693107 0.06292517006802721
5 0.41092327698309494 0.27912414965986393 0.07108799306458605 0.05909863945578231
5 0.49826614651061985 0.24362244897959182 0.07152145643693107 0.06972789115646258
5 0.5884265279583875 0.2663690476190476 0.06892067620286085 0.07610544217687075
