5 0.6105675146771037 0.21778350515463918 0.10567514677103718 0.09879725085910653
5 0.4510763209393346 0.20618556701030927 0.10567514677103718 0.1013745704467354
5 0.33170254403131116 0.26847079037800686 0.11937377690802348 0.09536082474226804
5 0.23043052837573386 0.38788659793814434 0.08317025440313111 0.09192439862542955
6 0.8630136986301369 0.37242268041237114 0.17025440313111545 0.14175257731958762
6 0.6164383561643836 0.10438144329896908 0.12915851272015655 0.13659793814432988
6 0.42563600782778865 0.08118556701030928 0.1350293542074364 0.14175257731958762
6 0.27152641878669276 0.14304123711340205 0.12622309197651663 0.15206185567010308
6 0.149706457925636 0.297680412371134 0.1232876712328767 0.14175257731958762
4 0.6037181996086105 0.34664948453608246 0.10567514677103718 0.11769759450171821
4 0.48972602739726023 0.3479381443298969 0.10078277886497064 0.12714776632302405
4 0.3884540117416829 0.3960481099656357 0.10176125244618395 0.10824742268041238
4 0.3145792563600783 0.461340206185567 0.08708414872798434 0.08934707903780069
4 0.7759295499021526 0.4720790378006873 0.08023483365949119 0.10738831615120274
3 0.6056751467710372 0.4463058419243986 0.11545988258317025 0.1211340206185567
3 0.5058708414872798 0.45618556701030927 0.11937377690802348 0.12714776632302405
3 0.4246575342465753 0.4896907216494845 0.09393346379647749 0.11168384879725085
3 0.363013698630137 0.5274914089347079 0.08023483365949119 0.10481099656357389
2 0.6761252446183953 0.6202749140893471 0.14090019569471623 0.13058419243986255
1 0.4515655577299413 0.8410652920962199 0.14187866927592954 0.16494845360824742
0 0.5841487279843444 0.8187285223367697 0.16634050880626222 0.19072164948453607
