5 0.6424265259984928 0.27639751552795033 0.09721175584024115 0.08819875776397516
5 0.5003767897513187 0.2571428571428572 0.12207987942727958 0.09440993788819876
5 0.3549359457422758 0.32236024844720496 0.1175584024114544 0.09440993788819876
5 0.2343632253202713 0.4397515527950311 0.08440090429540317 0.08198757763975155
6 0.8824415975885456 0.44813664596273295 0.14468726450640543 0.13229813664596274
6 0.6522230595327807 0.17701863354037267 0.11981914091936699 0.11552795031055901
6 0.47136397889977394 0.1313664596273292 0.11981914091936699 0.12484472049689442
6 0.28937452901281085 0.20217391304347826 0.1356443104747551 0.12484472049689442
6 0.15938206480783723 0.3642857142857143 0.12434061793519216 0.11366459627329192
4 0.6269781461944235 0.39813664596273296 0.09947249434815374 0.10683229813664596
4 0.5180859080633007 0.38571428571428573 0.10776186887716654 0.11180124223602485
4 0.4031650339110776 0.43819875776397516 0.12207987942727958 0.09503105590062112
4 0.3161266013564431 0.5015527950310559 0.11228334589299171 0.08633540372670807
4 0.7965335342878673 0.5391304347826087 0.10248681235870384 0.1031055900621118
3 0.6179351921627732 0.4897515527950311 0.09193669932177845 0.11739130434782609
3 0.5180859080633007 0.4847826086956522 0.10474755086661643 0.12608695652173912
3 0.4427279577995479 0.5180124223602485 0.09721175584024115 0.11552795031055901
3 0.36510926902788243 0.5645962732919255 0.10474755086661643 0.12422360248447205
2 0.680482290881688 0.6627329192546584 0.14770158251695553 0.11552795031055901
1 0.4464958553127355 0.8546583850931677 0.09721175584024115 0.11925465838509317
0 0.5591559909570459 0.8465838509316771 0.16880180859080635 0.15403726708074536
