5 0.6434169278996865 0.2769230769230769 0.10658307210031348 0.06951566951566951
5 0.5062695924764891 0.24957264957264955 0.10344827586206896 0.07749287749287749
5 0.3726489028213166 0.2846153846153846 0.11363636363636363 0.07008547008547009
5 0.26606583072100315 0.39088319088319085 0.08542319749216301 0.06495726495726495
6 0.9071316614420062 0.5150997150997151 0.1512539184952978 0.07863247863247863
6 0.6422413793103448 0.18547008547008545 0.1073667711598746 0.09401709401709402
6 0.47766457680250785 0.15213675213675212 0.11363636363636363 0.10484330484330484
6 0.33268025078369906 0.20056980056980056 0.11990595611285267 0.09914529914529914
6 0.18260188087774293 0.32706552706552705 0.1128526645768025 0.07749287749287749
4 0.6273510971786833 0.3558404558404558 0.08855799373040751 0.08831908831908832
4 0.7927115987460814 0.5418803418803418 0.1073667711598746 0.07179487179487179
4 0.515282131661442 0.347008547008547 0.09952978056426331 0.08547008547008546
4 0.4259404388714733 0.3715099715099715 0.09952978056426331 0.07749287749287749
4 0.3283699059561128 0.4245014245014245 0.10344827586206896 0.06495726495726495
3 0.6218652037617555 0.42706552706552703 0.08542319749216301 0.0962962962962963
3 0.52782131661442 0.4256410256410256 0.0963949843260188 0.1037037037037037
3 0.45454545454545453 0.44131054131054126 0.07836990595611285 0.08831908831908832
3 0.3836206896551724 0.4749287749287749 0.08542319749216301 0.09857549857549856
2 0.6571316614420063 0.5774928774928775 0.13557993730407522 0.07008547008547009
1 0.42789968652037613 0.6925925925925925 0.10344827586206896 0.12934472934472935
0 0.5454545454545454 0.6874643874643874 0.1457680250783699 0.12934472934472935
