3 0.41483050847457625 0.6275197195442594 0.07203389830508475 0.14899211218229624
3 0.4758474576271186 0.6209465381244522 0.06864406779661017 0.1691498685363716
3 0.5495762711864407 0.605170902716915 0.07203389830508475 0.16213847502191062
3 0.6347457627118643 0.6257668711656442 0.0847457627118644 0.15249780893952675
4 0.7411016949152542 0.6730937773882559 0.11610169491525424 0.10341805433829974
4 0.6690677966101695 0.5056967572304996 0.07881355932203389 0.15249780893952675
4 0.5652542372881356 0.47808939526730937 0.07796610169491525 0.14285714285714285
4 0.4711864406779661 0.4995617879053462 0.0847457627118644 0.13321647677475898
4 0.39576271186440676 0.5319894829097284 0.07796610169491525 0.09991235758106924
6 0.8148305084745763 0.5639789658194566 0.15 0.13409290096406662
6 0.7283898305084745 0.26818580192813324 0.09915254237288135 0.14198071866783524
6 0.6432203389830509 0.18141980718667836 0.10169491525423728 0.15775635407537247
6 0.46144067796610166 0.20113935144609993 0.10932203389830508 0.1551270815074496
6 0.35466101694915253 0.3023663453111306 0.08898305084745763 0.14198071866783524
5 0.3673728813559322 0.4294478527607362 0.09067796610169492 0.091148115687993
5 0.46779661016949153 0.3549517966695881 0.11016949152542373 0.10341805433829974
5 0.6127118644067796 0.3339176161262051 0.10338983050847457 0.10692375109553023
5 0.7033898305084746 0.3825591586327783 0.11016949152542373 0.11305872042068361
2 0.6211864406779661 0.8120070113935145 0.13559322033898305 0.11305872042068361
1 0.4114406779661017 0.9491673970201577 0.09067796610169492 0.11042944785276074
0 0.5135593220338983 0.9408413672217354 0.13220338983050847 0.1200701139351446
