0 0.531986531986532 0.8326210826210827 0.2356902356902357 0.16666666666666669
1 0.3501683501683502 0.8411680911680912 0.18181818181818182 0.14957264957264957
2 0.7098765432098766 0.6616809116809117 0.20089786756453426 0.11823361823361823
3 0.6150392817059485 0.46972934472934474 0.13916947250280584 0.13176638176638178
3 0.4764309764309765 0.47293447293447294 0.13131313131313133 0.12535612535612536
3 0.3714927048260382 0.5103276353276354 0.12121212121212122 0.12891737891737892
3 0.28002244668911336 0.5388176638176638 0.13131313131313133 0.12464387464387465
4 0.82996632996633 0.511039886039886 0.13131313131313133 0.10042735042735043
4 0.6324354657687992 0.36574074074074076 0.13131313131313133 0.10754985754985756
4 0.4764309764309765 0.36574074074074076 0.13804713804713806 0.12464387464387465
4 0.35634118967452305 0.4027777777777778 0.13131313131313133 0.11182336182336183
4 0.23344556677890013 0.45904558404558404 0.12121212121212122 0.08333333333333334
6 0.8989898989898991 0.39850427350427353 0.13468013468013468 0.1388888888888889
6 0.6936026936026937 0.13354700854700854 0.1548821548821549 0.10897435897435898
6 0.4915824915824916 0.1047008547008547 0.12794612794612795 0.12393162393162394
6 0.29124579124579125 0.15170940170940173 0.1245791245791246 0.13247863247863248
6 0.12626262626262627 0.2777777777777778 0.1245791245791246 0.10683760683760685
5 0.3282828282828283 0.2813390313390314 0.13804713804713806 0.0698005698005698
5 0.4927048260381594 0.23860398860398863 0.14814814814814817 0.0811965811965812
5 0.6621773288439956 0.24715099715099717 0.13468013468013468 0.07264957264957266
5 0.17171717171717174 0.3668091168091168 0.13468013468013468 0.0698005698005698
