5 0.648729446935725 0.29352346999405826 0.14947683109118087 0.09982174688057041
5 0.45627802690582964 0.26322043969102793 0.12929745889387145 0.11883541295306002
5 0.31988041853512705 0.33214497920380276 0.1210762331838565 0.08080808080808081
5 0.20590433482810166 0.4349376114081997 0.11285500747384156 0.09269162210338681
6 0.8684603886397608 0.4468211527035057 0.16442451420029897 0.17587641117052882
6 0.6696562032884903 0.17468805704099824 0.14349775784753363 0.12121212121212122
6 0.4304932735426009 0.14616755793226383 0.15545590433482812 0.14022578728461083
6 0.2675635276532138 0.21152703505644682 0.14648729446935727 0.10457516339869281
6 0.1539611360239163 0.34462269756387404 0.12855007473841554 0.12834224598930483
4 0.8176382660687593 0.5665478312537137 0.12556053811659193 0.12537136066547833
4 0.6207025411061285 0.41235888294711825 0.11733931240657698 0.11883541295306002
4 0.4872944693572496 0.423648247177659 0.13303437967115098 0.12240047534165183
4 0.3744394618834081 0.46702317290552586 0.12556053811659193 0.11883541295306002
4 0.2713004484304933 0.5216874628639335 0.11360239162929746 0.10576351752822341
2 0.6946935724962631 0.7189542483660131 0.1532137518684604 0.14141414141414144
3 0.6106128550074739 0.5264408793820559 0.11360239162929746 0.16042780748663102
3 0.4955156950672646 0.5216874628639335 0.12556053811659193 0.13784907902554963
3 0.4125560538116592 0.5585264408793821 0.10463378176382661 0.12834224598930483
3 0.3150224215246637 0.5986333927510399 0.10538116591928251 0.14795008912655971
1 0.41479820627802694 0.9200831847890673 0.12556053811659193 0.15745692216280452
0 0.5575485799701047 0.9087938205585265 0.17040358744394618 0.17647058823529413
