1 0.2871646120377085 0.8 0.12762871646120377 0.1728531855955679
0 0.4176939811457578 0.818836565096953 0.19144307469180566 0.1551246537396122
2 0.6236403190717912 0.6747922437673131 0.16243654822335027 0.10637119113573408
4 0.7599709934735316 0.5373961218836566 0.13343002175489485 0.10637119113573408
4 0.654459753444525 0.3988919667590028 0.11240029006526468 0.10858725761772854
4 0.5275562001450327 0.38504155124653744 0.11240029006526468 0.11301939058171746
4 0.4191443074691806 0.4055401662049862 0.1218274111675127 0.10415512465373962
4 0.3005801305293691 0.4462603878116344 0.09789702683103699 0.0925207756232687
6 0.8281363306744017 0.4354570637119114 0.13052936910804933 0.10858725761772854
6 0.7251631617113851 0.19501385041551247 0.12762871646120377 0.10637119113573408
6 0.5395213923132705 0.12520775623268698 0.09282088469905729 0.13074792243767314
6 0.3538796229151559 0.15955678670360113 0.1218274111675127 0.11523545706371192
6 0.15373459028281364 0.3024930747922438 0.13343002175489485 0.09085872576177285
5 0.6914430746918057 0.30166204986149586 0.09789702683103699 0.08144044321329641
5 0.5420594633792604 0.25734072022160664 0.11240029006526468 0.08365650969529087
5 0.3883248730964467 0.2734072022160665 0.11820159535895577 0.0925207756232687
5 0.22987672226250908 0.37423822714681443 0.08556925308194344 0.07479224376731303
3 0.33792603335750543 0.5119113573407202 0.07686729514140682 0.10415512465373962
3 0.4220449601160261 0.49362880886426597 0.09137055837563451 0.11745152354570638
3 0.5181290790427846 0.4872576177285319 0.10079767947788253 0.13573407202216067
3 0.6236403190717912 0.49279778393351803 0.10007251631617115 0.12465373961218837
