0 0.4992902767920511 0.875222816399287 0.1596877217885025 0.19013666072489604
1 0.37863733144073813 0.8707664884135473 0.11000709723207949 0.15745692216280452
2 0.6447835344215757 0.7067736185383244 0.1596877217885025 0.11586452762923352
3 0.4247693399574166 0.5335710041592395 0.0745209368346345 0.12477718360071302
3 0.5046132008516678 0.512774806892454 0.09226401703335699 0.11883541295306002
3 0.5968772178850249 0.5172311348781937 0.09226401703335699 0.12774806892453952
3 0.3484740951029099 0.5677361853832442 0.09226401703335699 0.12774806892453952
4 0.7735982966643009 0.6042780748663102 0.127750177430802 0.09506833036244802
4 0.6227821149751597 0.4156268568033274 0.1029098651525905 0.13368983957219252
4 0.5056777856635912 0.4156268568033274 0.1029098651525905 0.10992275698158052
4 0.4052519517388219 0.4370172311348782 0.085166784953868 0.10992275698158052
4 0.3129879347054649 0.4860368389780155 0.078069552874379 0.08912655971479501
5 0.6731724627395316 0.3241235888294712 0.1029098651525905 0.08615567439096851
5 0.5117104329311569 0.2914438502673797 0.127750177430802 0.09803921568627452
5 0.37863733144073813 0.3196672608437314 0.1029098651525905 0.09506833036244802
5 0.2739531582682754 0.4043374925727867 0.09226401703335699 0.08021390374331551
6 0.2114975159687722 0.31610219845513965 0.127750177430802 0.11408199643493762
6 0.3534421575585522 0.19489007724301843 0.1107168204400284 0.14260249554367202
6 0.5053229240596168 0.16399286987522282 0.1249112845990064 0.13309566250742721
6 0.7054648687012065 0.20796197266785504 0.0936834634492548 0.13071895424836602
6 0.8843151171043293 0.5383244206773619 0.1674946770759404 0.12596553773024363
