3 0.5846422338568935 0.5460914454277286 0.1099476439790576 0.16297935103244837
3 0.4829842931937173 0.5457227138643068 0.12129144851657941 0.1504424778761062
3 0.3843804537521815 0.5582595870206489 0.11780104712041885 0.12979351032448377
3 0.3032286212914485 0.6017699115044248 0.0968586387434555 0.13569321533923304
2 0.62478184991274 0.7326696165191741 0.16404886561954626 0.10545722713864307
1 0.3800174520069808 0.8864306784660767 0.1143106457242583 0.1504424778761062
0 0.4882198952879581 0.866519174041298 0.15270506108202445 0.1592920353982301
4 0.7604712041884817 0.6308997050147492 0.12827225130890052 0.09218289085545722
4 0.6051483420593369 0.4362094395280236 0.12478184991273997 0.12020648967551623
4 0.4860383944153578 0.4284660766961652 0.09947643979057592 0.12684365781710916
4 0.3795811518324607 0.4664454277286136 0.09947643979057592 0.11135693215339233
4 0.27835951134380454 0.5143805309734513 0.09598603839441536 0.11135693215339233
6 0.8520942408376964 0.5453539823008849 0.14921465968586387 0.12168141592920353
6 0.6832460732984293 0.22013274336283187 0.12041884816753927 0.1261061946902655
6 0.5458115183246074 0.17146017699115043 0.11256544502617802 0.1261061946902655
6 0.39528795811518325 0.21460176991150443 0.1256544502617801 0.11946902654867256
6 0.23691099476439792 0.32853982300884954 0.12827225130890052 0.11283185840707964
5 0.6413612565445026 0.32595870206489674 0.11169284467713787 0.08997050147492625
5 0.5078534031413613 0.30678466076696165 0.11343804537521815 0.09292035398230089
5 0.37914485165794065 0.34587020648967554 0.09336823734729494 0.08997050147492625
5 0.2547993019197208 0.4225663716814159 0.0924956369982548 0.07227138643067846
