0 0.5631067961165048 0.8396288933068257 0.19593998234774934 0.1749502982107356
1 0.4276257722859665 0.8614976805831677 0.12797881729920565 0.16302186878727634
2 0.706090026478376 0.6544068919814446 0.19593998234774934 0.11597084161696487
4 0.8049426301853486 0.5308151093439364 0.11297440423654016 0.08349900596421471
4 0.6866725507502207 0.3972829688535454 0.11120917917034422 0.1172962226640159
4 0.5494263018534863 0.38999337309476473 0.11738746690203002 0.12789927104042412
4 0.4333627537511033 0.41451292246520877 0.11473962930273611 0.10801855533465872
4 0.32568402471315094 0.4599072233267064 0.10767872903795234 0.08614976805831677
6 0.885701676963813 0.4224652087475149 0.14563106796116507 0.1411530815109344
6 0.7983230361871139 0.1988071570576541 0.12444836716681378 0.11530815109343936
6 0.5904677846425419 0.147117296222664 0.1323918799646955 0.11928429423459244
6 0.40511915269196824 0.18588469184890657 0.12180052956751987 0.13320079522862824
6 0.2383053839364519 0.3101391650099404 0.1059135039717564 0.11530815109343936
5 0.7493380406001765 0.30649436713055006 0.11120917917034422 0.0828363154406892
5 0.5838481906443072 0.2746852220013254 0.1209179170344219 0.07886017229953611
5 0.412180052956752 0.3015241882041087 0.1235657546337158 0.0781974817760106
5 0.27316857899382174 0.3863485752153744 0.10150044130626655 0.06626905235255136
3 0.35834068843777583 0.5371106693174288 0.10061782877316858 0.12259774685222001
3 0.4452780229479259 0.5102717031146454 0.09796999117387467 0.1126573889993373
3 0.5397175639894086 0.49768058316766073 0.10503089143865843 0.13253810470510272
3 0.649602824360106 0.5003313452617627 0.10767872903795234 0.13783962889330684
