1 0.40812870448772226 0.7937062937062938 0.10838272650296359 0.1351981351981352
0 0.5402201524132091 0.803030303030303 0.1964436917866215 0.17249417249417248
2 0.7231160033869601 0.6247086247086248 0.20999153259949194 0.11655011655011654
4 0.8276883996613039 0.530011655011655 0.10076206604572396 0.09032634032634032
4 0.6388653683319221 0.36975524475524474 0.12785774767146485 0.09265734265734266
4 0.49915325994919557 0.3744172494172494 0.10753598645215919 0.10431235431235432
4 0.38145639288738353 0.41113053613053613 0.12108382726502963 0.10664335664335664
4 0.2866215071972904 0.46474358974358976 0.10414902624894157 0.09032634032634032
3 0.6337849280270956 0.4621212121212121 0.10753598645215919 0.11888111888111888
3 0.5093141405588484 0.4662004662004662 0.11769686706181202 0.11655011655011654
3 0.4140558848433531 0.4956293706293706 0.08975444538526672 0.10431235431235432
3 0.32472480948348853 0.534965034965035 0.10076206604572396 0.10256410256410256
6 0.9093988145639288 0.43356643356643354 0.1388653683319221 0.12121212121212122
6 0.6909398814563928 0.17365967365967366 0.12870448772226925 0.11888111888111888
6 0.4758679085520745 0.13636363636363635 0.11854360711261643 0.11888111888111888
6 0.2607959356477561 0.20512820512820512 0.11515664690939881 0.12121212121212122
6 0.17612193056731582 0.3135198135198135 0.12870448772226925 0.10023310023310024
5 0.6651143099068586 0.2706876456876457 0.13463166807790009 0.07867132867132867
5 0.5008467400508044 0.26019813519813517 0.13124470787468248 0.08566433566433566
5 0.3175275190516511 0.3138111888111888 0.12362404741744284 0.08333333333333333
5 0.2188823031329382 0.3936480186480186 0.11092294665537679 0.07867132867132867
