5 0.6826722338204593 0.29861644888547273 0.1231732776617954 0.08531898539584935
5 0.5020876826722338 0.26594926979246736 0.15031315240083507 0.08608762490392007
5 0.3308977035490605 0.30284396617986165 0.16283924843423797 0.09377401998462721
5 0.21294363256784968 0.4081475787855496 0.10438413361169101 0.0830130668716372
6 0.9065762004175364 0.46694850115295927 0.15970772442588724 0.12682551883166795
6 0.7061586638830897 0.19715603382013835 0.1534446764091858 0.12221368178324366
6 0.4916492693110647 0.13028439661798616 0.11899791231732776 0.12682551883166795
6 0.28653444676409184 0.1740968485780169 0.12839248434237996 0.12682551883166795
6 0.12056367432150313 0.33089930822444275 0.12212943632567848 0.11760184473481937
4 0.6383089770354905 0.4196771714066103 0.12004175365344466 0.11068408916218293
4 0.5052192066805845 0.40392006149116066 0.1231732776617954 0.1083781706379708
4 0.38726513569937365 0.42390468870099923 0.11273486430062629 0.10222905457340507
4 0.2881002087682672 0.4792467332820907 0.10855949895615866 0.08224442736356649
3 0.6143006263048016 0.5080707148347425 0.09707724425887264 0.11683320522674866
3 0.5067849686847599 0.5023059185242121 0.12004175365344466 0.12221368178324366
3 0.4159707724425887 0.5122982321291314 0.092901878914405 0.1083781706379708
3 0.3387265135699373 0.5503458877786318 0.08455114822546972 0.11068408916218293
2 0.6654488517745302 0.6771714066102997 0.1430062630480167 0.10299769408147579
1 0.35960334029227553 0.8497309761721753 0.12004175365344466 0.1452728670253651
0 0.49321503131524 0.8508839354342813 0.20146137787056365 0.1767870868562644
4 0.7797494780793318 0.5580322828593389 0.10647181628392484 0.0983858570330515
