0 0.4974169741697417 0.8475366178428763 0.17712177121771217 0.11984021304926765
1 0.38228782287822877 0.8302263648468708 0.09003690036900369 0.15312916111850866
2 0.6715867158671587 0.6654460719041279 0.12250922509225091 0.1418109187749667
4 0.785239852398524 0.5312916111850866 0.1003690036900369 0.11051930758988017
4 0.6118081180811807 0.3711717709720373 0.0974169741697417 0.12849533954727033
4 0.5129151291512914 0.3764980026631159 0.1003690036900369 0.1218375499334221
4 0.4154981549815498 0.4157789613848203 0.09446494464944649 0.11517976031957392
4 0.32324723247232473 0.48701731025299605 0.09003690036900369 0.08588548601864182
3 0.6118081180811807 0.47802929427430096 0.0974169741697417 0.12649800266311587
3 0.5206642066420664 0.48834886817576567 0.1055350553505535 0.1378162450066578
3 0.4450184501845018 0.5109853528628495 0.1003690036900369 0.11784287616511319
3 0.37416974169741696 0.5379494007989348 0.08708487084870849 0.11051930758988017
6 0.8653136531365313 0.4474034620505992 0.10848708487084871 0.1278295605858855
6 0.6564575645756457 0.1737683089214381 0.1040590405904059 0.11584553928095873
6 0.5158671586715867 0.1308255659121172 0.1018450184501845 0.12583222370173103
6 0.34095940959409593 0.2007323568575233 0.0929889298892989 0.1418109187749667
6 0.18044280442804428 0.3635153129161119 0.1040590405904059 0.10386151797603196
5 0.37527675276752764 0.3179094540612517 0.0952029520295203 0.07256990679094541
5 0.5118081180811808 0.2583222370173103 0.1070110701107011 0.07456724367509987
5 0.6269372693726937 0.27629826897470044 0.1025830258302583 0.08788282290279628
5 0.24760147601476015 0.4294274300932091 0.07011070110701106 0.0652463382157124
