5 0.7347560975609756 0.357396449704142 0.13414634146341464 0.09940828402366864
5 0.5884146341463414 0.33136094674556216 0.12195121951219512 0.11360946745562131
5 0.45121951219512196 0.36923076923076925 0.12804878048780488 0.10414201183431952
5 0.31402439024390244 0.4331360946745562 0.13414634146341464 0.08994082840236686
6 0.8963414634146342 0.5088757396449705 0.12804878048780488 0.1467455621301775
6 0.774390243902439 0.25088757396449707 0.12804878048780488 0.12307692307692308
6 0.6067073170731707 0.1940828402366864 0.10975609756097561 0.14201183431952663
6 0.45121951219512196 0.22958579881656804 0.11585365853658537 0.1467455621301775
6 0.27134146341463417 0.3431952662721894 0.12195121951219512 0.1183431952662722
4 0.6802591463414634 0.47514792899408287 0.11051829268292683 0.11005917159763313
4 0.5647865853658537 0.47514792899408287 0.10060975609756098 0.10532544378698225
4 0.46455792682926833 0.4937869822485207 0.09375 0.10473372781065089
4 0.36471036585365857 0.5236686390532544 0.09679878048780488 0.09940828402366864
3 0.661204268292683 0.5754437869822485 0.09984756097560976 0.14023668639053255
4 0.8205030487804879 0.6248520710059172 0.13490853658536586 0.10177514792899409
2 0.6977896341463415 0.7538461538461538 0.18064024390243902 0.09940828402366864
1 0.39900914634146345 0.9162721893491125 0.10746951219512195 0.11538461538461539
0 0.5392530487804879 0.9281065088757396 0.18673780487804878 0.12366863905325444
3 0.5564024390243902 0.5748520710059172 0.10365853658536586 0.15325443786982249
3 0.46646341463414637 0.6 0.0975609756097561 0.13964497041420118
3 0.39900914634146345 0.6097633136094674 0.08612804878048781 0.142603550295858
