1 0.37365853658536585 0.7656929770043505 0.10341463414634146 0.11435674331883157
0 0.4975609756097561 0.7607209446861404 0.19121951219512195 0.14916096954630204
2 0.6463414634146342 0.5969546302050963 0.1473170731707317 0.09384711000621504
3 0.6146341463414634 0.4474829086389061 0.11121951219512195 0.11932877563704164
3 0.5131707317073171 0.4425108763206961 0.11121951219512195 0.11187072715972653
3 0.4195121951219512 0.4630205096333126 0.09951219512195122 0.11435674331883157
3 0.3404878048780488 0.4931634555624611 0.09560975609756098 0.11373523927905531
4 0.7682926829268293 0.473586078309509 0.12390243902439024 0.08576755748912368
4 0.6507317073170732 0.3614045991298943 0.1151219512195122 0.09633312616532007
4 0.5229268292682927 0.3601615910503418 0.09951219512195122 0.09384711000621504
4 0.42341463414634145 0.3868862647607209 0.10341463414634146 0.08887507768800497
4 0.3180487804878049 0.418272218769422 0.09560975609756098 0.08328154133001864
6 0.8502439024390244 0.3812927284027346 0.1551219512195122 0.11373523927905531
6 0.7229268292682927 0.16500932256059664 0.12878048780487805 0.10254816656308266
6 0.6014634146341463 0.12399005593536357 0.12585365853658537 0.0988191423244251
6 0.47560975609756095 0.16687383467992542 0.13170731707317074 0.10254816656308266
6 0.31170731707317073 0.24798011187072713 0.10829268292682927 0.09322560596643878
5 0.3024390243902439 0.34369173399627095 0.10341463414634146 0.060907395898073334
5 0.4419512195121951 0.2684897451833437 0.09951219512195122 0.06836544437538844
5 0.5590243902439025 0.23803604723430702 0.1073170731707317 0.0733374766935985
5 0.6785365853658537 0.2635177128651336 0.12390243902439024 0.0733374766935985
