2 0.6936325678496867 0.6597693351424694 0.15762004175365343 0.10244233378561736
1 0.3810020876826722 0.8012211668928086 0.11064718162839247 0.1546811397557666
0 0.5182672233820459 0.8052917232021709 0.1868475991649269 0.12754409769335143
4 0.8376826722338204 0.5132293080054273 0.1534446764091858 0.10244233378561736
4 0.6993736951983298 0.37890094979647215 0.13987473903966596 0.121438263229308
4 0.5396659707724425 0.3900949796472184 0.13569937369519833 0.12211668928086837
4 0.40501043841336115 0.4219810040705563 0.1231732776617954 0.10854816824966078
4 0.28183716075156573 0.4677747625508819 0.11482254697286011 0.09972862957937584
3 0.32672233820459284 0.5396879240162822 0.11899791231732776 0.11058344640434192
3 0.4206680584551148 0.5091587516960651 0.10229645093945719 0.10515603799185888
3 0.5224425887265135 0.5006784260515603 0.12839248434237996 0.13839891451831748
3 0.6440501043841336 0.4789687924016282 0.10647181628392484 0.13839891451831748
6 0.9144050104384133 0.4131614654002713 0.1753653444676409 0.13432835820895522
6 0.8345511482254696 0.18724559023066484 0.1659707724425887 0.1180461329715061
6 0.591858037578288 0.13636363636363635 0.11899791231732776 0.12618724559023065
6 0.3679540709812108 0.18012211668928085 0.12212943632567848 0.11601085481682495
6 0.1393528183716075 0.31139755766621435 0.14091858037578286 0.11397557666214382
5 0.20824634655532356 0.39721845318860244 0.1325678496868476 0.08344640434192672
5 0.38830897703549055 0.3097014925373134 0.1231732776617954 0.08344640434192672
5 0.5673277661795406 0.28222523744911804 0.15762004175365343 0.08276797829036635
5 0.7760960334029227 0.29477611940298504 0.14926931106471814 0.09158751696065129
