1 0.42215145081387123 0.8649635036496351 0.11535739561217269 0.1364402021336328
0 0.5421089879688606 0.8683323975294779 0.17551309271054494 0.17012914093206066
2 0.6687898089171975 0.6923076923076924 0.1670205237084218 0.13924761370016844
3 0.37685774946921446 0.562043795620438 0.08563340410474168 0.1291409320606401
3 0.46284501061571126 0.5364963503649636 0.08634111818825195 0.13980909601347558
3 0.559447983014862 0.5162829870859068 0.10686482661004955 0.14654688377316116
3 0.683651804670913 0.5381807973048849 0.09907997169143666 0.1364402021336328
4 0.7770700636942676 0.5735541830432341 0.12172682236376504 0.09152161706906232
4 0.7052370842179759 0.4396406513194835 0.11535739561217269 0.12240314430095453
4 0.5743099787685775 0.4191465468837732 0.10261854210898798 0.12970241437394722
4 0.46284501061571126 0.42756878158338013 0.10332625619249823 0.13307130825379002
4 0.3577494692144374 0.463222908478383 0.11535739561217269 0.10892756878158338
6 0.835102618542109 0.45592363840539024 0.11889596602972399 0.16619876473891074
6 0.7629157820240623 0.20550252667040989 0.11040339702760085 0.13250982594048288
6 0.6496815286624203 0.15384615384615385 0.10474168435951876 0.14598540145985403
6 0.47275300778485496 0.1763054463784391 0.1132342533616419 0.14149354295339697
6 0.29723991507430997 0.26838854576080856 0.1132342533616419 0.1235261089275688
5 0.32767162066525124 0.38349241998877037 0.11606510969568294 0.0853453116226839
5 0.4564755838641189 0.3135878719820326 0.11606510969568294 0.08815272318921955
5 0.6043878273177636 0.28972487366647953 0.12031139419674453 0.09545199326221225
5 0.7395612172682237 0.3323975294778215 0.1245576786978061 0.09882088714205503
