0 0.49038461538461536 0.6926253687315634 0.15384615384615385 0.184070796460177
1 0.3782051282051282 0.7044247787610619 0.12179487179487179 0.20766961651917404
2 0.6274038461538461 0.5371681415929204 0.14262820512820512 0.0855457227138643
3 0.546875 0.3702064896755162 0.0889423076923077 0.10088495575221239
3 0.4515224358974359 0.3663716814159292 0.0985576923076923 0.10737463126843658
3 0.37580128205128205 0.3979351032448378 0.08333333333333333 0.09616519174041298
3 0.31650641025641024 0.43952802359882004 0.07692307692307693 0.08731563421828908
4 0.7672275641025641 0.46342182890855455 0.10817307692307691 0.07964601769911504
4 0.5641025641025641 0.2775811209439528 0.10416666666666666 0.10914454277286136
4 0.4471153846153846 0.2887905604719764 0.10096153846153846 0.09616519174041298
4 0.3401442307692308 0.328023598820059 0.0953525641025641 0.08731563421828908
4 0.2704326923076923 0.3902654867256637 0.0985576923076923 0.07610619469026549
6 0.9022435897435898 0.4165191740412979 0.16346153846153846 0.0967551622418879
6 0.6089743589743589 0.0943952802359882 0.11538461538461538 0.11799410029498525
6 0.4358974358974359 0.0696165191740413 0.11538461538461538 0.11091445427728613
6 0.22435897435897434 0.13215339233038348 0.1282051282051282 0.11799410029498525
6 0.10416666666666666 0.2702064896755162 0.13141025641025642 0.10619469026548672
5 0.19150641025641024 0.3421828908554572 0.08333333333333333 0.058997050147492625
5 0.2776442307692308 0.2327433628318584 0.0953525641025641 0.06784660766961652
5 0.4499198717948718 0.17610619469026548 0.10657051282051282 0.0808259587020649
5 0.5805288461538461 0.19144542772861356 0.10657051282051282 0.06312684365781711
