1 0.29381443298969073 0.8393686165273909 0.13917525773195877 0.14113277623026926
0 0.43556701030927836 0.8430826369545033 0.18556701030927836 0.17084493964716807
2 0.6005154639175257 0.6945218198700093 0.20618556701030927 0.11884865366759517
3 0.5360824742268041 0.5143918291550603 0.13917525773195877 0.14484679665738162
3 0.42010309278350516 0.4958217270194986 0.12371134020618557 0.1374187558031569
3 0.3247422680412371 0.5218198700092851 0.0979381443298969 0.1374187558031569
3 0.24484536082474226 0.5459610027855153 0.10309278350515463 0.14113277623026926
4 0.7396907216494846 0.5793871866295265 0.14432989690721648 0.10399257195914577
4 0.5567010309278351 0.40668523676880225 0.11855670103092783 0.11513463324048283
4 0.4175257731958763 0.3955431754874652 0.12886597938144329 0.12256267409470752
4 0.31958762886597936 0.4159702878365831 0.10824742268041238 0.11884865366759517
4 0.2190721649484536 0.4661095636025998 0.10309278350515463 0.12256267409470752
6 0.8485824742268041 0.489322191272052 0.19458762886597938 0.11234911792014857
6 0.6246778350515464 0.1915041782729805 0.11662371134020619 0.10445682451253482
6 0.4329896907216495 0.13324048282265552 0.13144329896907217 0.12256267409470752
6 0.296069587628866 0.1745589600742804 0.10115979381443299 0.12627669452181986
6 0.1527061855670103 0.28481894150417825 0.0979381443298969 0.10352831940575673
5 0.17686855670103094 0.3693129062209842 0.10631443298969072 0.06267409470752089
5 0.29929123711340205 0.29735376044568246 0.13853092783505155 0.06731662024141133
5 0.4329896907216495 0.2590529247910863 0.1095360824742268 0.07892293407613742
5 0.6037371134020618 0.292711234911792 0.1095360824742268 0.06731662024141133
