1 0.4978658536585366 0.7545213939126599 0.1152439024390244 0.11513012792236435
0 0.6079268292682927 0.7456991618879576 0.1524390243902439 0.15659461843846492
2 0.6823170731707318 0.5893250992501102 0.10853658536585366 0.11027790030877811
4 0.7567073170731707 0.46691662990736654 0.1048780487804878 0.07631230701367446
4 0.5533536585365854 0.3709748566387296 0.09817073170731708 0.09792677547419497
4 0.45365853658536587 0.3930304367004852 0.10121951219512196 0.09792677547419497
4 0.3722560975609756 0.45059550066166737 0.10182926829268292 0.08072342302602559
4 0.31097560975609756 0.5108072342302602 0.10121951219512196 0.07587119541243935
3 0.5621951219512195 0.45081605646228495 0.0951219512195122 0.10322011468901632
3 0.4826219512195122 0.47044552271724743 0.11158536585365854 0.09572121746801941
3 0.4216463414634146 0.505955006616674 0.09817073170731708 0.09086898985443317
3 0.3722560975609756 0.5500661667401853 0.09817073170731708 0.07587119541243935
6 0.7942073170731707 0.36016762240846933 0.12134146341463414 0.10807234230260256
6 0.5439024390243903 0.1859285399205999 0.10121951219512196 0.09836788707543008
6 0.3746951219512195 0.2011468901632113 0.125 0.0917512130569034
6 0.2152439024390244 0.2867225408028231 0.11951219512195121 0.0917512130569034
6 0.13445121951219513 0.42898103220114686 0.10670731707317073 0.07190119100132333
5 0.5551829268292683 0.2816497573886193 0.12865853658536586 0.061314512571680635
5 0.40609756097560973 0.2988531098367887 0.10853658536585366 0.07101896779885311
5 0.2838414634146341 0.3722981914424349 0.10792682926829268 0.07587119541243935
5 0.2149390243902439 0.4728716365240406 0.08109756097560976 0.06352007057785619
