5 0.7077625570776256 0.400811209439528 0.1141552511415525 0.09365781710914454
5 0.60882800608828 0.36172566371681414 0.1050228310502283 0.10250737463126844
5 0.4908675799086758 0.3993362831858407 0.1095890410958904 0.09808259587020648
5 0.38165905631659053 0.47123893805309736 0.08295281582952815 0.09292035398230089
6 0.8725266362252663 0.5855457227138643 0.15296803652968036 0.11799410029498525
6 0.7317351598173516 0.29867256637168144 0.08295281582952815 0.11061946902654868
6 0.6187214611872146 0.24225663716814158 0.0837138508371385 0.12020648967551623
6 0.4969558599695586 0.2691740412979351 0.0837138508371385 0.11799410029498525
6 0.3466514459665144 0.38421828908554573 0.07534246575342465 0.10471976401179942
4 0.6716133942161339 0.49336283185840707 0.07534246575342465 0.11651917404129794
4 0.580669710806697 0.4804572271386431 0.0791476407914764 0.10545722713864307
4 0.5003805175038052 0.5022123893805309 0.07686453576864535 0.09587020648967551
4 0.4155251141552511 0.5460914454277286 0.0745814307458143 0.08775811209439528
4 0.7648401826484018 0.6467551622418879 0.0730593607305936 0.08259587020648967
3 0.6468797564687976 0.5833333333333334 0.0791476407914764 0.10029498525073746
3 0.571917808219178 0.5741150442477876 0.07077625570776255 0.10988200589970501
3 0.5011415525114155 0.5803834808259587 0.07534246575342465 0.10176991150442477
3 0.4398782343987823 0.6135693215339233 0.0730593607305936 0.10619469026548672
2 0.6575342465753424 0.7485250737463127 0.1111111111111111 0.09734513274336283
1 0.432648401826484 0.8930678466076696 0.07990867579908675 0.10766961651917403
0 0.5156012176560122 0.9019174041297935 0.11796042617960426 0.13716814159292035
