1 0.3330781010719755 0.7745591939546599 0.09647779479326188 0.1158690176322418
0 0.4502297090352221 0.7925062972292192 0.1439509954058193 0.14168765743073047
2 0.5884379785604901 0.6347607052896725 0.14624808575803983 0.10579345088161209
4 0.7055895865237366 0.5355793450881612 0.11868300153139358 0.08249370277078086
4 0.6006891271056661 0.3904282115869018 0.11255742725880552 0.12846347607052896
4 0.4682235834609495 0.3866498740554156 0.10643185298621746 0.11838790931989925
4 0.36906584992343033 0.4045969773299748 0.0995405819295559 0.10768261964735516
4 0.26952526799387444 0.45497481108312343 0.08422664624808576 0.09005037783375315
6 0.8013016845329249 0.44206549118387906 0.1324655436447167 0.1234256926952141
6 0.6604134762633997 0.1801007556675063 0.10336906584992343 0.11460957178841309
6 0.472052067381317 0.13287153652392947 0.10796324655436447 0.1297229219143577
6 0.3215926493108729 0.17317380352644834 0.0995405819295559 0.13350125944584382
6 0.1768759571209801 0.29093198992443325 0.09035222052067382 0.11083123425692695
5 0.21094946401225115 0.37594458438287154 0.08499234303215927 0.06423173803526448
5 0.3464777947932619 0.2931360201511335 0.11255742725880552 0.07997481108312342
5 0.47511485451761104 0.25661209068010077 0.11255742725880552 0.08753148614609571
5 0.6282542113323124 0.2912468513853904 0.11255742725880552 0.08501259445843828
3 0.3035987748851455 0.5214105793450882 0.0880551301684533 0.10831234256926951
3 0.3801684532924962 0.4993702770780856 0.09111791730474732 0.1309823677581864
3 0.4632465543644717 0.4804785894206549 0.08116385911179173 0.1234256926952141
3 0.5685298621745789 0.49212846347607053 0.1003062787136294 0.15428211586901763
