1 0.34591194968553457 0.9104803493449781 0.12578616352201258 0.15408608858390518
0 0.47379454926624737 0.9148471615720524 0.1761006289308176 0.15408608858390518
2 0.6418588399720475 0.743605739238927 0.18518518518518517 0.11977542108546475
4 0.7910552061495457 0.619463505926388 0.13836477987421383 0.1272613849033063
4 0.5953878406708595 0.4023705552089832 0.12159329140461216 0.14971927635683094
4 0.4633123689727463 0.40361821584529006 0.11740041928721173 0.14223331253898938
4 0.3584905660377358 0.43730505302557704 0.10062893081761005 0.13474734872114785
4 0.259958071278826 0.495321272613849 0.11320754716981131 0.13100436681222707
3 0.570230607966457 0.519650655021834 0.10062893081761005 0.1572052401746725
3 0.4654088050314465 0.5140361821584529 0.10482180293501048 0.13849033063006863
3 0.38155136268343814 0.5421085464753587 0.10482180293501048 0.13474734872114785
3 0.29769392033542974 0.5795383655645664 0.0880503144654088 0.1272613849033063
6 0.9011180992313067 0.508109794135995 0.17400419287211738 0.16656269494697443
6 0.6729559748427673 0.15252651278852153 0.12578616352201258 0.14784778540237056
6 0.460167714884696 0.08328134747348721 0.14046121593291405 0.1553337492202121
6 0.30083857442348005 0.13568309419837804 0.11530398322851153 0.1553337492202121
6 0.12473794549266247 0.2994385527136619 0.12788259958071277 0.13849033063006863
5 0.3249475890985325 0.2985028072364317 0.11740041928721173 0.09045539613225202
5 0.46750524109014674 0.2495321272613849 0.10062893081761005 0.08983156581409857
5 0.6481481481481481 0.2872738615096694 0.11809923130677848 0.11291328758577666
5 0.19077568134171907 0.4079850280723643 0.10482180293501048 0.10106051154086089
