3 0.6552917903066271 0.49815498154981547 0.11374876360039564 0.14464944649446493
3 0.5375865479723047 0.4977859778597786 0.11374876360039564 0.13505535055350554
3 0.4421364985163205 0.533210332103321 0.10484668644906034 0.14981549815498155
3 0.3565776458951533 0.5771217712177121 0.11374876360039564 0.13284132841328414
2 0.7210682492581603 0.6915129151291513 0.14836795252225518 0.13726937269372694
4 0.8095944609297725 0.5202952029520295 0.11770524233432245 0.11512915129151291
4 0.6617210682492581 0.3767527675276753 0.11473788328387735 0.12767527675276752
4 0.5227497527200791 0.37933579335793355 0.12363996043521265 0.13284132841328414
4 0.4174085064292779 0.4118081180811808 0.12067260138476756 0.13284132841328414
4 0.30168150346191885 0.48560885608856086 0.11078140454995054 0.11070110701107011
6 0.8728981206726013 0.3970479704797048 0.1632047477744807 0.14760147601476015
6 0.6958456973293768 0.13542435424354243 0.13946587537091987 0.1143911439114391
6 0.5039564787339268 0.08560885608856088 0.11770524233432245 0.13136531365313653
6 0.35212660731948564 0.14797047970479704 0.11275964391691394 0.14095940959409595
6 0.17952522255192876 0.2944649446494465 0.12166172106824925 0.11955719557195571
5 0.23590504451038574 0.3992619926199262 0.12166172106824925 0.08265682656826567
5 0.3714144411473788 0.281549815498155 0.13748763600395647 0.09225092250922509
5 0.5123639960435212 0.23173431734317343 0.1444114737883284 0.0974169741697417
5 0.6834817012858556 0.25535055350553504 0.1444114737883284 0.09003690036900369
1 0.42037586547972305 0.907011070110701 0.12660731948565776 0.16236162361623616
0 0.5731948565776459 0.9033210332103321 0.20474777448071216 0.16531365313653135
