1 0.34701492537313433 0.8592156862745097 0.11753731343283581 0.16078431372549018
0 0.4841417910447761 0.8709803921568627 0.16791044776119401 0.18431372549019606
2 0.646455223880597 0.6658823529411765 0.1623134328358209 0.13647058823529412
4 0.7835820895522387 0.5356862745098039 0.11194029850746269 0.0988235294117647
4 0.5988805970149254 0.3917647058823529 0.0914179104477612 0.12313725490196079
4 0.4878731343283582 0.38941176470588235 0.10634328358208955 0.11058823529411764
4 0.39132462686567165 0.4172549019607843 0.08115671641791045 0.10352941176470588
4 0.3041044776119403 0.46431372549019606 0.08582089552238806 0.0988235294117647
3 0.5909514925373134 0.48705882352941177 0.0830223880597015 0.10823529411764705
3 0.48600746268656714 0.4823529411764706 0.08582089552238806 0.10823529411764705
3 0.40158582089552236 0.5090196078431373 0.0830223880597015 0.10823529411764705
3 0.3255597014925373 0.5415686274509803 0.08022388059701492 0.10588235294117647
6 0.8871268656716418 0.4505882352941176 0.1623134328358209 0.14352941176470588
6 0.6534514925373134 0.15176470588235294 0.10914179104477612 0.12470588235294117
6 0.47154850746268656 0.0988235294117647 0.10914179104477612 0.15058823529411763
6 0.36800373134328357 0.14823529411764705 0.11473880597014925 0.1411764705882353
6 0.24067164179104478 0.25529411764705884 0.09514925373134328 0.12941176470588234
5 0.27098880597014924 0.36549019607843136 0.09235074626865672 0.07215686274509804
5 0.37546641791044777 0.28431372549019607 0.09981343283582089 0.08705882352941176
5 0.4888059701492537 0.25450980392156863 0.12686567164179105 0.08705882352941176
5 0.6296641791044776 0.27568627450980393 0.12126865671641791 0.09176470588235294
