1 0.4623837700760777 0.8486394557823129 0.13524936601859677 0.1417233560090703
0 0.5900253592561284 0.8293650793650794 0.19442096365173286 0.17573696145124718
2 0.7223161453930684 0.6516439909297053 0.16483516483516483 0.11621315192743764
3 0.6682163989856297 0.4934807256235828 0.13102282333051563 0.15022675736961452
3 0.547759932375317 0.4934807256235828 0.10989010989010989 0.1445578231292517
3 0.4505494505494505 0.5175736961451247 0.11834319526627218 0.1417233560090703
3 0.3617920540997464 0.5510204081632654 0.10989010989010989 0.1360544217687075
4 0.823753169907016 0.5042517006802721 0.12256973795435333 0.11621315192743764
4 0.6808960270498732 0.38151927437641725 0.13102282333051563 0.11337868480725624
4 0.547759932375317 0.38860544217687076 0.11834319526627218 0.12188208616780045
4 0.43786982248520706 0.4155328798185941 0.11834319526627218 0.11904761904761905
4 0.33854606931530007 0.4580498866213152 0.11411665257819104 0.10770975056689343
6 0.8736263736263735 0.38718820861678005 0.16483516483516483 0.14285714285714285
6 0.7552831783601014 0.18168934240362813 0.14792899408284022 0.10714285714285715
6 0.5595942519019442 0.16014739229024944 0.12679628064243448 0.11621315192743764
6 0.4234995773457312 0.2003968253968254 0.12679628064243448 0.1320861678004535
6 0.29078613693998306 0.2893990929705216 0.0963651732882502 0.11961451247165533
5 0.30896027049873204 0.3843537414965986 0.11411665257819104 0.07369614512471656
5 0.4230769230769231 0.3092403628117914 0.11411665257819104 0.07653061224489796
5 0.5562130177514792 0.2752267573696145 0.11834319526627218 0.07653061224489796
5 0.7083685545224007 0.28089569160997735 0.13524936601859677 0.08786848072562359
