1 0.3474434199497066 0.8786167960479887 0.12154233025984912 0.17642907551164433
0 0.46689019279128247 0.8856739590684546 0.18440905280804695 0.155257586450247
2 0.6303436714165969 0.7092448835568101 0.15926236378876782 0.14114326040931546
4 0.7661357921207042 0.591743119266055 0.11902766135792121 0.09527170077628794
4 0.6215423302598492 0.41496118560338746 0.0980720871751886 0.12420606916019761
4 0.5033528918692373 0.40331686661961896 0.09304274937133278 0.1277346506704305
4 0.39522212908633697 0.4410726887791108 0.0980720871751886 0.12420606916019761
4 0.297569153394803 0.502470007057163 0.08549874266554904 0.10726887791107975
3 0.6005867560771165 0.5172900494001411 0.10310142497904443 0.11714890613973183
3 0.4899413243922884 0.5169371912491179 0.10310142497904443 0.12350035285815103
3 0.4077954735959765 0.5398729710656316 0.07795473595976529 0.11714890613973183
3 0.3315171835708298 0.5811573747353564 0.07963118189438391 0.0995059985885674
6 0.8545683151718357 0.502470007057163 0.12657166806370496 0.136908962597036
6 0.6965632858340318 0.19795342272406494 0.11064543168482817 0.11644318983768526
6 0.5171835708298408 0.1587861679604799 0.10226320201173512 0.11150317572335922
6 0.3721709974853311 0.1898376852505293 0.10058675607711651 0.11997177134791814
6 0.1814752724224644 0.3348623853211009 0.12321877619446774 0.11079745942131264
5 0.6668063704945516 0.31298517995765707 0.1165129924559933 0.09386026817219478
5 0.5134115674769488 0.2822865208186309 0.10310142497904443 0.08892025405786874
5 0.3910310142497904 0.31616090331686664 0.10645431684828165 0.08750882145377559
5 0.22967309304274938 0.41813690896259703 0.08717518860016765 0.08680310515172901
