1 0.24425574425574426 0.9114799446749655 0.13086913086913088 0.14937759336099585
0 0.3991008991008991 0.906984785615491 0.22877122877122877 0.16390041493775934
2 0.6133866133866134 0.7392807745504841 0.1958041958041958 0.13831258644536654
3 0.21578421578421578 0.6151452282157677 0.12187812187812187 0.15560165975103735
3 0.31368631368631367 0.5822959889349931 0.12187812187812187 0.14661134163208853
3 0.42957042957042957 0.5643153526970954 0.10989010989010989 0.14937759336099585
3 0.5604395604395604 0.5739972337482712 0.11788211788211789 0.1632088520055325
4 0.7312687312687313 0.6103042876901799 0.14185814185814186 0.1099585062240664
4 0.6048951048951049 0.4467496542185339 0.14685314685314685 0.1438450899031812
4 0.45404595404595405 0.43291839557399725 0.13486513486513488 0.1521438450899032
4 0.30719280719280717 0.4515905947441217 0.13486513486513488 0.13831258644536654
4 0.17682317682317683 0.49654218533886585 0.1258741258741259 0.13831258644536654
6 0.8261738261738262 0.5003457814661134 0.1958041958041958 0.13623789764868605
6 0.7087912087912088 0.21438450899031813 0.13886113886113885 0.11756569847856156
6 0.46853146853146854 0.14868603042876902 0.13786213786213786 0.14107883817427386
6 0.2872127872127872 0.18049792531120332 0.13486513486513488 0.1396957123098202
6 0.10839160839160839 0.2963347164591978 0.11288711288711288 0.12240663900414939
5 0.6558441558441559 0.33990318118948826 0.15484515484515485 0.11825726141078839
5 0.46403596403596403 0.29771784232365145 0.14685314685314685 0.1016597510373444
5 0.3051948051948052 0.32710926694329184 0.15484515484515485 0.08713692946058092
5 0.14235764235764237 0.4045643153526971 0.14685314685314685 0.08437067773167359
