1 0.37161144578313254 0.8776824034334764 0.09864457831325302 0.15164520743919885
0 0.48343373493975905 0.850143061516452 0.1566265060240964 0.16666666666666666
2 0.6069277108433735 0.6723891273247496 0.1536144578313253 0.13447782546494993
4 0.7198795180722892 0.5432761087267525 0.09789156626506025 0.11945636623748211
4 0.572289156626506 0.36194563662374823 0.09487951807228916 0.1459227467811159
4 0.46573795180722893 0.3469241773962804 0.09864457831325302 0.15450643776824036
4 0.365210843373494 0.39234620886981403 0.0858433734939759 0.1380543633762518
4 0.26995481927710846 0.45886981402002863 0.11069277108433735 0.10228898426323318
3 0.5485692771084337 0.49105865522174535 0.09864457831325302 0.1838340486409156
3 0.46009036144578314 0.47782546494992845 0.09487951807228916 0.1630901287553648
3 0.3855421686746988 0.5082260371959942 0.07680722891566265 0.16666666666666666
3 0.31626506024096385 0.540414878397711 0.0858433734939759 0.1552217453505007
6 0.8369728915662651 0.4570815450643777 0.15135542168674698 0.117310443490701
6 0.6750753012048193 0.14234620886981403 0.1121987951807229 0.12732474964234622
6 0.4917168674698795 0.07904148783977111 0.10240963855421688 0.12660944206008584
6 0.27748493975903615 0.13698140200286124 0.11370481927710845 0.13948497854077252
6 0.12575301204819278 0.31008583690987124 0.11746987951807229 0.11945636623748211
5 0.19653614457831325 0.3959227467811159 0.09186746987951808 0.08798283261802575
5 0.3177710843373494 0.2718168812589413 0.10090361445783133 0.09012875536480687
5 0.48381024096385544 0.21494992846924177 0.13177710843373494 0.0994277539341917
5 0.6265060240963856 0.2571530758226037 0.09789156626506025 0.10801144492131616
