1 0.37351778656126483 0.8695121951219512 0.09486166007905139 0.13170731707317074
0 0.4795783926218709 0.8640243902439024 0.1541501976284585 0.16829268292682928
2 0.6185770750988142 0.6920731707317073 0.1422924901185771 0.12439024390243902
4 0.7476943346508564 0.5710365853658537 0.1383399209486166 0.10670731707317073
4 0.5704874835309618 0.37134146341463414 0.11462450592885376 0.1353658536585366
4 0.45586297760210803 0.375 0.09881422924901186 0.12804878048780488
4 0.366600790513834 0.40792682926829266 0.11133069828722003 0.12073170731707317
4 0.28096179183135706 0.46646341463414637 0.09156785243741766 0.11707317073170731
3 0.5606060606060607 0.4847560975609756 0.10276679841897234 0.1353658536585366
3 0.4624505928853755 0.4847560975609756 0.08300395256916997 0.14634146341463414
3 0.3965744400527009 0.5140243902439025 0.08300395256916997 0.14268292682926828
3 0.33102766798418976 0.5509146341463415 0.09552042160737813 0.15792682926829268
6 0.8494729907773386 0.47865853658536583 0.14558629776021081 0.12926829268292683
6 0.6281291172595521 0.15335365853658536 0.12187088274044797 0.1274390243902439
6 0.41271409749670623 0.10701219512195122 0.12450592885375494 0.12621951219512195
6 0.25461133069828723 0.17134146341463416 0.12450592885375494 0.14390243902439023
6 0.1314229249011858 0.3179878048780488 0.12582345191040845 0.13597560975609757
5 0.2160737812911726 0.39695121951219514 0.09486166007905139 0.06951219512195123
5 0.30533596837944665 0.2926829268292683 0.11528326745718051 0.1024390243902439
5 0.4321475625823452 0.24329268292682926 0.11462450592885376 0.09146341463414634
5 0.6001317523056654 0.2634146341463415 0.11067193675889328 0.10975609756097561
