1 0.33992805755395683 0.8185415488976823 0.12014388489208633 0.1526286037309214
0 0.4723021582733813 0.8219332956472583 0.2064748201438849 0.19559072922555115
2 0.6571942446043165 0.6534765404183154 0.22949640287769785 0.11305822498586772
4 0.7820143884892087 0.5313736574335782 0.1223021582733813 0.1187111362351611
4 0.6258992805755396 0.36037309214245333 0.12805755395683455 0.12832108535895986
4 0.4935251798561151 0.3496325607687959 0.11654676258992806 0.11927642736009043
4 0.3946043165467626 0.3756359525155455 0.09712230215827339 0.13171283210853588
4 0.28561151079136693 0.42001130582249857 0.10935251798561152 0.11644997173544375
3 0.5985611510791367 0.47173544375353305 0.10503597122302158 0.16789146410401357
3 0.48776978417266187 0.44884115319389484 0.11223021582733814 0.14697569248162803
3 0.3902877697841727 0.4720180893159977 0.09712230215827339 0.143583945732052
3 0.30683453237410074 0.500847936687394 0.10143884892086331 0.14697569248162803
6 0.8852517985611511 0.4287733182589033 0.17050359712230218 0.13397399660825324
6 0.7057553956834532 0.13312605992085924 0.1381294964028777 0.13397399660825324
6 0.5467625899280576 0.0791407574901074 0.12949640287769784 0.13001695873374788
6 0.39784172661870504 0.12068965517241378 0.13093525179856116 0.13397399660825324
6 0.25935251798561154 0.21961560203504804 0.12014388489208633 0.14527981910684
5 0.2776978417266187 0.32532504239683435 0.12086330935251799 0.08875070661390616
5 0.3960431654676259 0.2549462973431317 0.12446043165467627 0.09496890898812888
5 0.5402877697841727 0.21820237422272468 0.14820143884892087 0.10740531373657433
5 0.6723021582733814 0.25183719615602035 0.12446043165467627 0.10684002261164499
