1 0.4567307692307692 0.8764119601328905 0.09455128205128205 0.14883720930232558
0 0.5729166666666666 0.8817275747508306 0.16346153846153846 0.159468438538206
2 0.6846955128205128 0.6598006644518273 0.11458333333333333 0.1408637873754153
4 0.7756410256410257 0.5308970099667775 0.11378205128205128 0.08903654485049835
4 0.5989583333333333 0.40598006644518275 0.11778846153846154 0.13023255813953488
4 0.49158653846153844 0.43322259136212626 0.12099358974358974 0.13023255813953488
4 0.4018429487179487 0.47176079734219273 0.10496794871794872 0.12225913621262459
4 0.3048878205128205 0.5345514950166114 0.11137820512820512 0.10033222591362127
3 0.6069711538461539 0.5156146179401994 0.11458333333333333 0.1275747508305648
3 0.5128205128205128 0.5401993355481728 0.10416666666666666 0.14883720930232558
3 0.4338942307692307 0.5574750830564784 0.0953525641025641 0.1408637873754153
3 0.358974358974359 0.6066445182724253 0.09134615384615384 0.13554817275747508
6 0.8501602564102564 0.4322259136212625 0.1378205128205128 0.11893687707641197
6 0.5428685897435898 0.20033222591362126 0.09214743589743589 0.11229235880398672
6 0.4018429487179487 0.20132890365448505 0.12099358974358974 0.11295681063122924
6 0.29286858974358976 0.2627906976744186 0.10496794871794872 0.12292358803986711
6 0.17307692307692307 0.41229235880398674 0.1282051282051282 0.10697674418604652
5 0.2439903846153846 0.4737541528239203 0.10176282051282051 0.07574750830564785
5 0.34375 0.3624584717607974 0.10416666666666666 0.08704318936877077
5 0.44030448717948717 0.31495016611295684 0.0953525641025641 0.08903654485049835
5 0.5777243589743589 0.30398671096345514 0.10737179487179487 0.08970099667774087
