1 0.47005134055904163 0.8673115079365079 0.08670849971477466 0.14434523809523808
0 0.5752994865944095 0.873015873015873 0.16600114090131202 0.16865079365079363
2 0.7013690815744438 0.6805555555555555 0.1762692527096406 0.1259920634920635
3 0.6029663434112948 0.5260416666666666 0.09697661152310325 0.14732142857142858
3 0.5288077581289218 0.5339781746031745 0.08328579577866514 0.1324404761904762
3 0.4629207073588134 0.5627480158730158 0.06902452937820878 0.11755952380952381
3 0.39903023388476894 0.5987103174603174 0.07244723331431831 0.11706349206349206
4 0.7949229891614374 0.5749007936507936 0.10325156873930404 0.0992063492063492
4 0.6063890473474044 0.41989087301587297 0.11409013120365087 0.11458333333333333
4 0.5199657729606388 0.4365079365079365 0.08613804905875641 0.11706349206349206
4 0.4458071876782658 0.4704861111111111 0.09298345693097547 0.11458333333333333
4 0.37478608100399313 0.5190972222222222 0.09355390758699372 0.10863095238095237
6 0.8733599543639474 0.4828869047619047 0.14489446662863661 0.11160714285714285
6 0.6035367940673131 0.22172619047619047 0.09469480889903023 0.10317460317460317
6 0.4826012549914432 0.2075892857142857 0.08899030233884768 0.12053571428571427
6 0.3904734740444951 0.25843253968253965 0.09640616086708499 0.12003968253968253
6 0.2789503707929264 0.3630952380952381 0.10724472333143183 0.11011904761904762
5 0.6081003993154591 0.3251488095238095 0.11751283513976041 0.07490079365079365
5 0.4940102681118083 0.3251488095238095 0.09013120365088419 0.07490079365079365
5 0.41300627495721615 0.3702876984126984 0.09013120365088419 0.08680555555555555
5 0.3194523673702225 0.44246031746031744 0.09355390758699372 0.07539682539682539
