1 0.4792806880375293 0.7597363690832835 0.09225957779515247 0.14140203714799282
0 0.5844409695074276 0.762732174955063 0.1493354182955434 0.15578190533253444
2 0.7193119624706802 0.6048532055122828 0.13917122752150118 0.1012582384661474
4 0.8135261923377639 0.5008987417615338 0.09929632525410477 0.08747753145596165
4 0.673182173573104 0.38795686039544636 0.07818608287724785 0.10365488316357101
4 0.5774042220484754 0.38915518274415817 0.09616888193901485 0.09766327142001198
4 0.48983580922595776 0.4110245656081486 0.09929632525410477 0.09826243259436789
4 0.40304925723221263 0.4532654284002397 0.08522283033620015 0.07609346914319952
3 0.43862392494136043 0.5254643499101258 0.09538702111024237 0.10904733373277412
3 0.5062548866301798 0.5005991611743559 0.08209538702111024 0.11443978430197724
3 0.5774042220484754 0.47902935889754344 0.09616888193901485 0.10844817255841822
3 0.6657544956997654 0.48442180946674657 0.09616888193901485 0.11443978430197724
6 0.8694292415949961 0.42360695026962253 0.11571540265832682 0.09586578789694428
6 0.7052384675527756 0.22408627920910726 0.0906958561376075 0.08148591971240264
6 0.5394839718530101 0.18514080287597365 0.08444096950742767 0.09466746554823248
6 0.4433150899139953 0.2183942480527262 0.0797498045347928 0.1024565608148592
6 0.3029710711493354 0.32474535650089875 0.08835027365129007 0.08508088675853805
5 0.34597341673182175 0.39484721390053923 0.07427677873338545 0.05991611743559017
5 0.4632525410476935 0.31965248651887357 0.08209538702111024 0.07369682444577591
5 0.5578577013291633 0.28699820251647695 0.08522283033620015 0.06231276213301378
5 0.6927286942924159 0.31036548831635713 0.10633307271305707 0.07070101857399641
