0 0.46273291925465837 0.8967813540510544 0.20496894409937888 0.195338512763596
1 0.3136645962732919 0.8856825749167592 0.16770186335403725 0.1997780244173141
2 0.6568322981366459 0.7086570477247502 0.16770186335403725 0.11764705882352941
3 0.6180124223602484 0.5510543840177581 0.12732919254658384 0.15760266370699225
3 0.5046583850931676 0.5288568257491676 0.11180124223602483 0.13540510543840178
3 0.40683229813664595 0.5466148723640399 0.09627329192546583 0.13540510543840178
3 0.32298136645962733 0.574361820199778 0.10869565217391304 0.14206437291897892
4 0.7779503105590062 0.5726970033296338 0.13043478260869565 0.10876803551609324
4 0.6350931677018633 0.4300776914539401 0.12422360248447203 0.12430632630410655
4 0.49999999999999994 0.41897891231964485 0.13975155279503104 0.11986681465038845
4 0.3881987577639751 0.4356270810210877 0.10869565217391304 0.12208657047724751
4 0.2717391304347826 0.4789123196448391 0.11180124223602483 0.1065482796892342
6 0.8711180124223602 0.47391786903440625 0.17701863354037267 0.1309655937846837
6 0.6754658385093167 0.22308546059933407 0.12732919254658384 0.12652608213096558
6 0.47360248447204967 0.17647058823529413 0.11490683229813664 0.12208657047724751
6 0.327639751552795 0.20865704772475027 0.12111801242236024 0.12874583795782465
6 0.15527950310559005 0.3263041065482797 0.11801242236024843 0.11098779134295228
5 0.21273291925465837 0.41287458379578246 0.09316770186335403 0.06437291897891233
5 0.3571428571428571 0.3357380688124306 0.11490683229813664 0.08657047724750278
5 0.48291925465838503 0.30022197558268593 0.11180124223602483 0.08213096559378469
5 0.6583850931677018 0.3290788013318535 0.12111801242236024 0.09100998890122086
