0 0.4479111581173982 0.8065677013045435 0.10999471179270227 0.12595591542959964
1 0.3643574828133263 0.7849752586594693 0.08249603384452671 0.11156095366621682
2 0.55579058699101 0.6819613135402609 0.10999471179270227 0.07917228969860549
4 0.6451612903225806 0.6122357174988754 0.08249603384452671 0.06117858749437697
4 0.5536753040719197 0.48268106162843005 0.07615018508725542 0.0899685110211426
4 0.47329455314648333 0.4727845254161044 0.06768905341089371 0.08816914080071975
4 0.40666314119513486 0.49347728295096716 0.06557377049180328 0.07917228969860549
4 0.34003172924378633 0.5321637426900585 0.059227921734531994 0.07017543859649122
3 0.36329984135378107 0.5924426450742241 0.05499735589635114 0.0899685110211426
3 0.4098360655737705 0.5726495726495727 0.06345848757271286 0.09356725146198831
3 0.46483342147012163 0.5546558704453441 0.059227921734531994 0.10436347278452542
3 0.5309360126916975 0.5641025641025641 0.06134320465362242 0.10976158344579398
6 0.7086197778952935 0.5557804768331084 0.11634056054997356 0.07782276203328835
6 0.6076150185087256 0.352676563202879 0.08461131676361713 0.08726945569050833
6 0.5005288207297726 0.30116959064327486 0.06610259122157588 0.08861898335582546
6 0.4029613960867266 0.3344579397210976 0.06874669487043893 0.09221772379667117
6 0.2715494447382337 0.42690058479532167 0.06610259122157588 0.0863697705802969
5 0.3046007403490217 0.48313090418353577 0.06134320465362242 0.0449842555105713
5 0.40031729243786357 0.4206027890238417 0.07826546800634585 0.05218173639226271
5 0.49550502379693284 0.3972109761583446 0.07826546800634585 0.06657669815564553
5 0.5906927551560022 0.4206027890238417 0.08249603384452671 0.06297795771479982
