1 0.45528455284552843 0.8494167550371157 0.10220673635307781 0.17815482502651114
0 0.5667828106852497 0.853658536585366 0.15795586527293845 0.17815482502651114
2 0.6689895470383276 0.6903499469777307 0.148664343786295 0.10604453870625664
4 0.7836817653890824 0.5638918345705197 0.10278745644599303 0.09384941675503712
4 0.610917537746806 0.3849416755037116 0.09407665505226481 0.11134676564156946
4 0.5116144018583043 0.38653234358430544 0.09059233449477352 0.12089077412513256
4 0.4262485481997677 0.4199363732767763 0.10104529616724739 0.11770943796394487
4 0.3443670150987224 0.49178154825026515 0.10452961672473868 0.10233297985153765
3 0.3914053426248548 0.5649522799575822 0.09407665505226481 0.12778366914103925
3 0.454123112659698 0.5156415694591729 0.07317073170731707 0.12460233297985154
3 0.5220673635307782 0.493372216330859 0.08362369337979095 0.15005302226935313
3 0.610917537746806 0.4965535524920467 0.10104529616724739 0.16914103923647933
6 0.8821138211382114 0.49178154825026515 0.16376306620209058 0.10445387062566279
6 0.6416957026713124 0.17311770943796395 0.08130081300813008 0.10551431601272536
6 0.4657375145180023 0.13785790031813364 0.12195121951219512 0.11876988335100744
6 0.33013937282229966 0.1951219512195122 0.12020905923344948 0.12089077412513256
6 0.2035423925667828 0.3634676564156946 0.10627177700348432 0.09703075291622483
5 0.2761324041811847 0.42948038176033937 0.09465737514518002 0.07317073170731708
5 0.3722415795586527 0.3085896076352068 0.0975609756097561 0.09225874867444328
5 0.483739837398374 0.25609756097560976 0.11149825783972125 0.08271474019088018
5 0.6236933797909407 0.27995758218451755 0.10801393728222997 0.09225874867444328
6 0.336527293844367 0.20519618239660659 0.0029036004645760743 0.0
