5 0.4081504702194358 0.29499712478435886 0.08526645768025079 0.08970672800460035
5 0.5285266457680251 0.2547441058079356 0.09529780564263324 0.09200690051753882
5 0.6426332288401254 0.2650948821161587 0.10783699059561129 0.10350776308223117
5 0.30909090909090914 0.39275445658424385 0.07774294670846396 0.06440483036227718
4 0.35924764890282135 0.44680851063829785 0.07272727272727274 0.07130534790109258
4 0.4369905956112853 0.3950546290971823 0.08275862068965517 0.078205865439908
4 0.522257053291536 0.36745255894192064 0.07774294670846396 0.08280621046578493
4 0.6200626959247649 0.3720529039677976 0.0877742946708464 0.09200690051753882
4 0.774294670846395 0.5629672225416906 0.09028213166144201 0.06900517538815411
6 0.8689655172413794 0.516676250718804 0.1316614420062696 0.08453133985048879
6 0.6601880877742947 0.18085106382978725 0.09780564263322884 0.09488211615871191
6 0.5263322884012539 0.13916043703277747 0.0871473354231975 0.10810810810810811
6 0.38181818181818183 0.1863139735480161 0.0865203761755486 0.11040828062104657
6 0.23918495297805645 0.3294997124784359 0.09341692789968653 0.08970672800460035
3 0.39937304075235114 0.5123634272570443 0.07774294670846396 0.11960897067280046
3 0.45203761755485894 0.47556066705002875 0.06771159874608151 0.11500862564692352
3 0.5197492163009405 0.4537090281771133 0.07774294670846396 0.1311098332374928
3 0.6025078369905956 0.46175963197239794 0.09278996865203762 0.15181138585393905
2 0.6426332288401254 0.633122484186314 0.12288401253918496 0.08050603795284647
1 0.39937304075235114 0.7423806785508913 0.09780564263322884 0.13801035077630822
0 0.49278996865203767 0.7602070155261644 0.14043887147335424 0.12880966072455435
