5 0.22643746295198575 0.4 0.10432720806164789 0.0875
5 0.3651452282157676 0.32708333333333334 0.13752222880853585 0.1
5 0.4682868998221695 0.2833333333333333 0.12329579134558387 0.07083333333333333
5 0.6271487848251334 0.30833333333333335 0.10906935388263188 0.09583333333333333
6 0.8553645524599881 0.5572916666666666 0.16004742145820983 0.12083333333333333
6 0.6727919383521043 0.21276041666666667 0.11618257261410787 0.10260416666666666
6 0.473918197984588 0.16380208333333332 0.0989922940130409 0.11614583333333334
6 0.32839359810314167 0.20546875 0.0960284528749259 0.11510416666666666
6 0.17338470657972732 0.32005208333333335 0.0942501481920569 0.11927083333333333
4 0.2904564315352697 0.4791666666666667 0.09010077059869591 0.1125
4 0.3734439834024896 0.4375 0.0948429164196799 0.12083333333333333
4 0.4659158269116775 0.40625 0.0995850622406639 0.11666666666666667
4 0.5832839359810313 0.4083333333333333 0.10906935388263188 0.12916666666666665
3 0.3141671606401897 0.5729166666666666 0.08061647895672791 0.15
3 0.38767042086544157 0.5375 0.10432720806164789 0.1375
3 0.4659158269116775 0.51875 0.09010077059869591 0.15
3 0.5607587433313574 0.5166666666666666 0.10906935388263188 0.1625
4 0.7646710136336692 0.625 0.11855364552459988 0.10416666666666667
2 0.6188500296384113 0.7125 0.1707172495554238 0.10416666666666667
1 0.3592175459395376 0.8624999999999999 0.12329579134558387 0.17916666666666667
0 0.4777711914641375 0.8458333333333333 0.1707172495554238 0.19583333333333333
