1 0.40332458442694663 0.955437448896157 0.11023622047244094 0.09076042518397384
0 0.5306211723534558 0.9542109566639412 0.16535433070866143 0.10302534750613246
2 0.6907261592300963 0.7690106295993459 0.14960629921259844 0.1447260834014718
3 0.6290463692038495 0.5641864268192969 0.11023622047244094 0.17661488143908421
3 0.515748031496063 0.5658217497955846 0.09361329833770779 0.17497955846279642
3 0.4321959755030621 0.5923957481602616 0.07874015748031496 0.1545380212591987
3 0.3573928258967629 0.6279640228945217 0.08661417322834646 0.15208503679476698
4 0.8123359580052494 0.6152902698282912 0.10586176727909012 0.12346688470973018
4 0.6487314085739283 0.42559280457890436 0.10761154855643044 0.15944399018806216
4 0.5279965004374453 0.4170073589533933 0.11286089238845144 0.15208503679476698
4 0.4321959755030621 0.4562551103843009 0.10498687664041995 0.15208503679476698
4 0.33114610673665795 0.508994276369583 0.10761154855643044 0.1349141455437449
6 0.9094488188976378 0.49795584627964024 0.14435695538057744 0.1471790678659035
6 0.7178477690288714 0.15821749795584628 0.10236220472440945 0.1447260834014718
6 0.536745406824147 0.08953393295175797 0.09186351706036745 0.13982011447260834
6 0.41863517060367456 0.1447260834014718 0.11286089238845144 0.16189697465249386
6 0.3031496062992126 0.2722812755519215 0.08661417322834646 0.13246116107931316
5 0.3022747156605424 0.40106295993458707 0.09186351706036745 0.08585445625511039
5 0.4203849518810149 0.3152085036794767 0.09711286089238845 0.10057236304170074
5 0.5437445319335084 0.2600163532297629 0.11286089238845144 0.09321340964840556
5 0.6911636045494314 0.29599345870809485 0.11023622047244094 0.09811937857726902
