5 0.1958174904942966 0.3469750889679716 0.12547528517110265 0.08066429418742586
5 0.3688212927756654 0.26393831553973907 0.1444866920152091 0.09489916963226572
5 0.5190114068441065 0.22716488730723608 0.1634980988593156 0.08303677342823251
5 0.6768060836501901 0.2402135231316726 0.1520912547528517 0.08540925266903915
6 0.8669201520912547 0.3914590747330961 0.1520912547528517 0.1423487544483986
6 0.6939163498098859 0.12455516014234877 0.12547528517110265 0.13997627520759195
6 0.5152091254752852 0.0937129300118624 0.12547528517110265 0.1257413997627521
6 0.3688212927756654 0.13523131672597866 0.1444866920152091 0.12336892052194544
6 0.15019011406844107 0.2645314353499407 0.14068441064638784 0.1257413997627521
4 0.24904942965779467 0.42289442467378413 0.155893536121673 0.1043890865954923
4 0.376425855513308 0.3730723606168446 0.12927756653992395 0.11862396204033215
4 0.49809885931558934 0.35172004744958485 0.12927756653992395 0.11862396204033215
4 0.6520912547528517 0.3446026097271649 0.14068441064638784 0.12336892052194544
4 0.8193916349809885 0.4994068801897984 0.13307984790874525 0.10676156583629894
3 0.2965779467680608 0.5154211150652432 0.11406844106463879 0.12811387900355872
3 0.3840304182509506 0.48457888493475687 0.11406844106463879 0.12811387900355872
3 0.4923954372623574 0.4596678529062871 0.12547528517110265 0.13523131672597866
3 0.6254752851711026 0.46322657176749704 0.11026615969581749 0.15658362989323846
2 0.6977186311787072 0.6482799525504153 0.22433460076045628 0.09964412811387902
1 0.35361216730038025 0.83570581257414 0.1444866920152091 0.1755634638196916
0 0.5114068441064639 0.8185053380782918 0.21673003802281368 0.19928825622775803
