5 0.6366972477064221 0.3520900321543408 0.11743119266055047 0.10610932475884244
5 0.47614678899082574 0.319935691318328 0.12477064220183487 0.10610932475884244
5 0.32935779816513766 0.3633440514469453 0.11743119266055047 0.10932475884244373
5 0.21100917431192662 0.47266881028938906 0.09541284403669725 0.09646302250803858
6 0.8490825688073395 0.5691318327974276 0.17889908256880735 0.13504823151125403
6 0.6688073394495413 0.22909967845659163 0.13211009174311927 0.12540192926045016
6 0.44036697247706424 0.16760450160771703 0.12110091743119267 0.13745980707395497
6 0.27798165137614683 0.22789389067524116 0.12660550458715597 0.1422829581993569
6 0.13899082568807342 0.37017684887459806 0.12935779816513762 0.11816720257234727
4 0.2798165137614679 0.5498392282958199 0.09908256880733946 0.10289389067524116
4 0.3660550458715597 0.48070739549839225 0.10275229357798166 0.12540192926045016
4 0.4706422018348624 0.4437299035369775 0.09174311926605505 0.14790996784565916
4 0.6018348623853211 0.45980707395498394 0.09908256880733946 0.1414790996784566
4 0.7412844036697248 0.6479099678456591 0.10642201834862386 0.09967845659163987
3 0.3165137614678899 0.635048231511254 0.09174311926605505 0.14469453376205788
3 0.3880733944954129 0.6012861736334405 0.08807339449541285 0.1414790996784566
3 0.4669724770642202 0.5659163987138264 0.10642201834862386 0.14790996784565916
3 0.5752293577981652 0.5771704180064309 0.08807339449541285 0.1382636655948553
2 0.6256880733944954 0.7717041800643086 0.1614678899082569 0.10289389067524116
1 0.3091743119266055 0.9131832797427653 0.13577981651376148 0.17363344051446944
0 0.44495412844036697 0.9228295819935691 0.1871559633027523 0.15434083601286175
