1 0.4082439299830604 0.9272486772486772 0.10389610389610389 0.14814814814814814
0 0.515527950310559 0.9126984126984127 0.15132693393562957 0.15608465608465608
2 0.6301524562394127 0.7156084656084656 0.13325804630152455 0.14814814814814814
4 0.7549407114624506 0.5859788359788359 0.10615471485036701 0.1111111111111111
4 0.5607001693958216 0.376984126984127 0.0971202710333145 0.1693121693121693
4 0.45680406549971764 0.376984126984127 0.09260304912478826 0.1693121693121693
4 0.36533032185206094 0.4351851851851852 0.09937888198757763 0.15343915343915343
4 0.28627893845285146 0.5264550264550264 0.09937888198757763 0.11904761904761904
3 0.3365330321852061 0.6164021164021164 0.09260304912478826 0.1455026455026455
3 0.3958215697346132 0.5568783068783069 0.07001693958215696 0.12698412698412698
3 0.45454545454545453 0.5198412698412698 0.08808582721626199 0.164021164021164
3 0.5460191981931112 0.5105820105820106 0.09034443817052512 0.16666666666666666
6 0.8605307735742518 0.5072751322751322 0.13325804630152455 0.13624338624338622
6 0.6089779785431959 0.13392857142857142 0.09203839638622247 0.1316137566137566
6 0.4392998306041784 0.10218253968253968 0.08582721626199886 0.1302910052910053
6 0.302936194240542 0.164021164021164 0.08526256352343309 0.14814814814814814
6 0.15838509316770186 0.3571428571428571 0.10107284020327498 0.1349206349206349
5 0.2286843591191417 0.4484126984126984 0.09260304912478826 0.08465608465608465
5 0.33145115753811405 0.30952380952380953 0.08130999435347261 0.09788359788359788
5 0.45454545454545453 0.2447089947089947 0.0971202710333145 0.09523809523809523
5 0.5855448898927159 0.27116402116402116 0.08808582721626199 0.08994708994708994
