5 0.6372997711670481 0.2589066339066339 0.12585812356979406 0.09766584766584767
5 0.48970251716247143 0.24877149877149876 0.13272311212814647 0.10687960687960688
5 0.34324942791762014 0.33169533169533166 0.13272311212814647 0.11056511056511056
5 0.2173913043478261 0.42936117936117935 0.10983981693363845 0.10687960687960688
6 0.879862700228833 0.38974201474201475 0.16247139588100687 0.13206388206388206
6 0.6460717009916095 0.13482800982800983 0.12814645308924486 0.13206388206388206
6 0.475209763539283 0.12192874692874693 0.12662090007627766 0.14312039312039312
6 0.30472921434019834 0.20546683046683045 0.13806254767353165 0.13206388206388206
6 0.16018306636155608 0.3406019656019656 0.12967200610221205 0.12469287469287468
4 0.6178489702517163 0.37223587223587223 0.12356979405034325 0.14373464373464373
4 0.494279176201373 0.3906633906633907 0.11441647597254005 0.1547911547911548
4 0.4004576659038902 0.44963144963144963 0.10983981693363845 0.14004914004914004
4 0.2929061784897025 0.5196560196560196 0.12356979405034325 0.11056511056511056
4 0.7875667429443174 0.4809582309582309 0.11517925247902365 0.14742014742014742
3 0.6155606407322655 0.492014742014742 0.10983981693363845 0.1511056511056511
3 0.5102974828375286 0.5196560196560196 0.11899313501144165 0.16953316953316952
3 0.437070938215103 0.5586609336609336 0.10983981693363845 0.1590909090909091
3 0.3501144164759726 0.5992014742014742 0.10068649885583525 0.136977886977887
2 0.7097635392829901 0.6636977886977887 0.12433257055682685 0.14066339066339065
1 0.459954233409611 0.8814496314496314 0.10526315789473685 0.1732186732186732
0 0.5881006864988558 0.8685503685503685 0.17391304347826086 0.19533169533169534
