5 0.6093969144460027 0.25 0.13744740532959326 0.08783783783783784
5 0.46633941093969145 0.24549549549549549 0.12622720897615708 0.10585585585585586
5 0.32187938288920054 0.29617117117117114 0.11220196353436185 0.09009009009009009
5 0.20757363253856942 0.4009009009009009 0.1150070126227209 0.08783783783783784
6 0.826437587657784 0.3910472972972973 0.14235624123422158 0.14132882882882883
6 0.6321879382889201 0.13288288288288289 0.11711079943899018 0.12950450450450451
6 0.4649368863955119 0.11542792792792793 0.12061711079943899 0.13288288288288289
6 0.2868162692847125 0.16835585585585586 0.10659186535764376 0.14527027027027026
6 0.14866760168302945 0.3217905405405405 0.11220196353436185 0.12894144144144143
4 0.5918653576437587 0.35923423423423423 0.12061711079943899 0.11711711711711711
4 0.46633941093969145 0.35923423423423423 0.12622720897615708 0.13963963963963963
4 0.3597475455820477 0.3975225225225225 0.12622720897615708 0.14414414414414414
4 0.27279102384291726 0.47184684684684686 0.1150070126227209 0.10810810810810811
4 0.7531556802244039 0.49324324324324326 0.12903225806451613 0.1373873873873874
3 0.573632538569425 0.4740990990990991 0.10098176718092566 0.16216216216216217
3 0.47054698457223 0.4797297297297297 0.10659186535764376 0.1554054054054054
3 0.39340813464235624 0.509009009009009 0.09817671809256662 0.14189189189189189
3 0.3295932678821879 0.5472972972972973 0.11220196353436185 0.12837837837837837
2 0.6395511921458625 0.6486486486486487 0.15427769985974754 0.1554054054054054
1 0.41304347826086957 0.8637387387387387 0.10378681626928471 0.16666666666666666
0 0.5364656381486675 0.8592342342342342 0.1767180925666199 0.1981981981981982
