1 0.47086991221069435 0.8766025641025641 0.11971268954509179 0.1737179487179487
0 0.5961691939345571 0.8663461538461539 0.1819632881085395 0.19294871794871796
2 0.7326416600159618 0.6384615384615384 0.19632881085395054 0.13846153846153847
3 0.6320830007980847 0.5012820512820513 0.12928970470869913 0.18461538461538463
3 0.5259377494014366 0.5051282051282051 0.09577015163607343 0.16153846153846155
3 0.4441340782122905 0.533974358974359 0.09656823623304071 0.15
3 0.3699122106943336 0.5820512820512821 0.10135674381484439 0.14615384615384616
4 0.8284118116520351 0.49423076923076925 0.11013567438148444 0.10384615384615385
4 0.6312849162011174 0.3682692307692308 0.10534716679968077 0.11217948717948718
4 0.521149241819633 0.3836538461538462 0.10534716679968077 0.13525641025641025
4 0.3962490023942538 0.42435897435897435 0.11572226656025539 0.12307692307692308
4 0.29529130087789307 0.49935897435897436 0.10534716679968077 0.08846153846153847
6 0.8950518754988029 0.39326923076923076 0.16520351157222665 0.14038461538461539
6 0.6189146049481246 0.14326923076923076 0.11252992817238627 0.125
6 0.4704708699122107 0.11826923076923077 0.13168395849960096 0.14423076923076922
6 0.30287310454908223 0.18942307692307692 0.1268954509177973 0.14423076923076922
6 0.11851556264964087 0.37403846153846154 0.1556264964086193 0.11730769230769231
5 0.6408619313647247 0.2564102564102564 0.1340782122905028 0.09615384615384616
5 0.49002394253790904 0.25833333333333336 0.13886671987230648 0.1
5 0.3435754189944134 0.30288461538461536 0.13487629688747008 0.11217948717948718
5 0.2162809257781325 0.4480769230769231 0.11013567438148444 0.08846153846153847
