1 0.3553259141494436 0.8037974683544304 0.10174880763116058 0.15443037974683543
0 0.4650238473767886 0.8025316455696203 0.15580286168521465 0.1620253164556962
2 0.6335453100158983 0.6772151898734178 0.17488076311605724 0.09367088607594937
3 0.5969793322734499 0.5240506329113924 0.10174880763116058 0.1518987341772152
3 0.49841017488076317 0.49240506329113926 0.10174880763116058 0.1291139240506329
3 0.4220985691573927 0.49873417721518987 0.08267090620031797 0.11139240506329114
3 0.3505564387917329 0.529113924050633 0.07313195548489666 0.11645569620253164
4 0.7813990461049285 0.620253164556962 0.12082670906200318 0.0759493670886076
4 0.6255961844197139 0.4088607594936709 0.10174880763116058 0.1189873417721519
4 0.5079491255961844 0.38734177215189874 0.09538950715421304 0.12658227848101267
4 0.39666136724960255 0.40379746835443037 0.10810810810810811 0.12405063291139241
4 0.30127186009538953 0.45569620253164556 0.10174880763116058 0.09113924050632911
6 0.8903020667726551 0.5753164556962025 0.1573926868044515 0.10632911392405063
6 0.7201907790143085 0.22974683544303798 0.12877583465818762 0.10632911392405063
6 0.5210651828298888 0.1661392405063291 0.09777424483306837 0.12341772151898735
6 0.3064387917329094 0.2079113924050633 0.1359300476947536 0.11582278481012659
6 0.17170111287758347 0.3199367088607595 0.1192368839427663 0.09683544303797469
5 0.2456279809220986 0.39746835443037976 0.08585055643879173 0.07088607594936709
5 0.35850556438791736 0.31645569620253167 0.10174880763116058 0.0810126582278481
5 0.514308426073132 0.28734177215189877 0.10810810810810811 0.07848101265822785
5 0.6621621621621622 0.320253164556962 0.10492845786963435 0.08860759493670886
