1 0.46690231362467866 0.8279419966536531 0.08547557840616966 0.14110429447852763
0 0.5719794344473007 0.8167875069715561 0.16709511568123392 0.1857222532069158
2 0.6805912596401028 0.6464026770775237 0.14524421593830333 0.11489124372559956
3 0.5973650385604112 0.4749023982152817 0.10732647814910025 0.14110429447852763
3 0.5009640102827763 0.49135527049637484 0.11118251928020564 0.16731734523145567
3 0.4219151670951157 0.5119910764082544 0.08161953727506426 0.11935303959843838
3 0.35957583547557836 0.549079754601227 0.09447300771208225 0.12660345789180147
4 0.7940231362467866 0.5119910764082544 0.13431876606683804 0.10150585610708311
4 0.5941516709511567 0.3611266034578918 0.09961439588688946 0.11656441717791412
4 0.48457583547557836 0.36363636363636365 0.09640102827763496 0.13162297824874514
4 0.39106683804627246 0.41299498047964306 0.10218508997429306 0.12437255995538204
4 0.30205655526992287 0.48410485220301175 0.11696658097686374 0.10373675404350252
6 0.8823907455012853 0.4121583937534858 0.15295629820051412 0.1249302844394869
6 0.6070051413881747 0.10568878973786949 0.10475578406169665 0.12771890686001117
6 0.4074550128534704 0.10206358059118796 0.11053984575835475 0.13720022308979365
6 0.2644601542416452 0.17707752370329058 0.12660668380462725 0.1310652537646403
6 0.12596401028277635 0.34690462911321807 0.12082262210796914 0.1260457334076966
5 0.6044344473007711 0.24428332403792527 0.12532133676092544 0.08588957055214724
5 0.44665809768637527 0.23312883435582823 0.11439588688946015 0.09369771332961517
5 0.3325835475578406 0.3053541550474066 0.10218508997429306 0.08087005019520357
5 0.21754498714652953 0.4194088120468489 0.08161953727506426 0.08588957055214724
