0 0.4463148316651501 0.8792857142857143 0.1537761601455869 0.16285714285714287
1 0.3366696997270246 0.8771428571428571 0.09827115559599636 0.18428571428571427
2 0.6196542311191993 0.6989285714285715 0.1637852593266606 0.125
3 0.537761601455869 0.5421428571428571 0.12010919017288445 0.2057142857142857
3 0.43812556869881714 0.5442857142857143 0.10464058234758872 0.17142857142857143
3 0.3612374886260237 0.57 0.07097361237488627 0.1457142857142857
3 0.3002729754322111 0.6085714285714285 0.10373066424021839 0.16285714285714287
4 0.7879890809827116 0.5892857142857143 0.1583257506824386 0.10714285714285714
4 0.5732484076433121 0.40714285714285714 0.14194722474977253 0.1457142857142857
4 0.4244767970882621 0.4135714285714286 0.11010009099181074 0.14142857142857143
4 0.33030027297543224 0.4607142857142857 0.10373066424021839 0.12428571428571429
4 0.2502274795268426 0.5257142857142857 0.0818926296633303 0.07714285714285714
6 0.8894449499545041 0.5228571428571429 0.1737943585077343 0.13142857142857142
6 0.6778889899909009 0.21857142857142858 0.10737033666969974 0.11142857142857143
6 0.4153776160145587 0.16607142857142856 0.12101910828025478 0.11357142857142857
6 0.18016378525932666 0.26285714285714284 0.13830755232029118 0.12571428571428572
6 0.1483166515013649 0.40035714285714286 0.10555050045495906 0.09642857142857143
5 0.6333030027297544 0.31285714285714283 0.11282984531392175 0.08571428571428572
5 0.4158325750682439 0.2914285714285714 0.13466787989080983 0.08285714285714285
5 0.25659690627843496 0.35714285714285715 0.1164695177434031 0.09428571428571429
5 0.19472247497725206 0.4685714285714286 0.1164695177434031 0.08285714285714285
