5 0.5973622963537626 0.23707147007553747 0.1365399534522886 0.08599651365485182
5 0.4422032583397983 0.24404416037187682 0.14895267649340574 0.0999418942475305
5 0.30721489526764933 0.31493317838466006 0.13343677269200932 0.10226612434631029
5 0.23118696664080682 0.43695525857059847 0.11792086889061287 0.0999418942475305
6 0.8987587276958883 0.40761185357350377 0.18851823118696664 0.13771063335270192
6 0.6058960434445306 0.12231260894828587 0.12723041117145073 0.13654851830331202
6 0.40069821567106284 0.11940732132481115 0.165244375484872 0.126089482858803
6 0.2451512800620636 0.20656595002905287 0.14119472459270752 0.11911679256246369
6 0.13886733902249807 0.3640325392213829 0.14119472459270752 0.10749564206856478
4 0.6066718386346005 0.33004067402672865 0.14895267649340574 0.1464264962231261
4 0.48099301784328935 0.34979662986635673 0.12723041117145073 0.14875072632190586
4 0.37548487199379366 0.40906449738524114 0.13343677269200932 0.13712957582800697
4 0.3227307990690458 0.4915746658919233 0.12723041117145073 0.10226612434631029
3 0.6097750193948798 0.46135967460778615 0.12412723041117145 0.1533991865194654
3 0.4965089216446858 0.4799535153980244 0.11481768813033359 0.14875072632190586
3 0.43444530643910007 0.5183033120278907 0.10861132660977502 0.1324811156304474
3 0.3708301008533747 0.5554909936083672 0.08688906128782001 0.10923881464264962
4 0.8052754072924748 0.48692620569436373 0.13033359193173003 0.10691458454386985
2 0.7059736229635376 0.6112725159790819 0.14895267649340574 0.1324811156304474
1 0.4437548487199379 0.8251016850668216 0.11481768813033359 0.16037187681580475
0 0.5601241272304112 0.8297501452643812 0.18619084561675717 0.19755955839628123
