5 0.5855457227138643 0.23354430379746835 0.1504424778761062 0.11012658227848102
5 0.4059734513274336 0.25443037974683547 0.137905604719764 0.1291139240506329
5 0.28392330383480824 0.3208860759493671 0.1327433628318584 0.11772151898734177
5 0.19542772861356933 0.46139240506329116 0.09734513274336283 0.08734177215189874
6 0.8502949852507374 0.3759493670886076 0.12389380530973451 0.11392405063291139
6 0.5759587020648967 0.11772151898734177 0.12536873156342182 0.12405063291139241
6 0.36799410029498525 0.1199367088607595 0.13864306784660768 0.1208860759493671
6 0.2168141592920354 0.21329113924050633 0.13864306784660768 0.12278481012658228
6 0.09882005899705015 0.4129746835443038 0.13421828908554573 0.10569620253164558
4 0.5744837758112095 0.3265822784810127 0.13716814159292035 0.15949367088607594
4 0.4616519174041298 0.37025316455696206 0.12389380530973451 0.14810126582278482
4 0.3573008849557522 0.4291139240506329 0.12020648967551623 0.13670886075949368
4 0.26991150442477874 0.5107594936708861 0.1504424778761062 0.10632911392405063
4 0.7876106194690266 0.48037974683544304 0.11946902654867256 0.12531645569620253
3 0.5833333333333334 0.46329113924050636 0.12831858407079647 0.1518987341772152
3 0.48451327433628316 0.4955696202531646 0.10176991150442477 0.1670886075949367
3 0.4170353982300885 0.529746835443038 0.11578171091445427 0.14050632911392405
3 0.3528761061946903 0.5737341772151899 0.1290560471976401 0.13734177215189874
2 0.7094395280235988 0.625 0.1504424778761062 0.13354430379746834
1 0.43952802359882004 0.8455696202531646 0.11504424778761062 0.16329113924050634
0 0.5722713864306784 0.8550632911392405 0.18584070796460178 0.17468354430379748
