5 0.26704545454545453 0.29813494240263305 0.10833333333333334 0.07844212835984642
5 0.37083333333333335 0.23093801426220517 0.11136363636363636 0.07789358200767965
5 0.4943181818181818 0.20049369171695008 0.11742424242424243 0.07624794295117938
5 0.6178030303030303 0.21530444322545256 0.11136363636363636 0.07405375754251235
6 0.7723484848484848 0.31513987931980253 0.13106060606060607 0.11245200219418541
6 0.6640151515151516 0.12506856829402085 0.09015151515151515 0.09983543609434997
6 0.515530303030303 0.08749314317059792 0.13712121212121212 0.10696653867251783
6 0.3704545454545455 0.1256171146461876 0.11363636363636363 0.11080636313768515
6 0.24659090909090908 0.22408118486012069 0.09318181818181819 0.10257816785518377
4 0.29924242424242425 0.35847504114097645 0.07424242424242425 0.08721886999451454
4 0.38484848484848483 0.3272078990674712 0.08333333333333333 0.1047723532638508
4 0.47424242424242424 0.3014262205156336 0.07727272727272727 0.0981897970378497
4 0.5765151515151515 0.29566648381788263 0.07727272727272727 0.10532089961601757
4 0.7227272727272728 0.4111354909489852 0.09545454545454546 0.09160724081184861
3 0.5685606060606061 0.39879319802523316 0.08712121212121213 0.1272627537026879
3 0.4772727272727273 0.3965990126165661 0.0893939393939394 0.11848601206801976
3 0.4015151515151515 0.41470104223806914 0.0803030303030303 0.10970927043335163
3 0.33181818181818185 0.4358200767964893 0.0893939393939394 0.10257816785518377
2 0.6253787878787879 0.5301700493691717 0.12651515151515152 0.08721886999451454
1 0.35378787878787876 0.6686780032912781 0.10151515151515152 0.12945693911135492
0 0.47575757575757577 0.6911684037301152 0.1606060606060606 0.15688425671969283
