5 0.7456647398843931 0.3502135448444173 0.09393063583815028 0.08175716900549115
5 0.5437138728323699 0.3126906650396583 0.09754335260115607 0.087248322147651
5 0.40354046242774566 0.3438071995118975 0.10043352601156069 0.0848078096400244
5 0.2944364161849711 0.44478340451494813 0.08887283236994219 0.07199511897498474
6 0.8872832369942196 0.5417937766931056 0.15028901734104044 0.10372178157413056
6 0.7926300578034682 0.2745576571079927 0.07369942196531791 0.06955460646735814
6 0.5245664739884393 0.19249542403904818 0.08959537572254335 0.10555216595485052
6 0.36669075144508667 0.24130567419158022 0.09898843930635838 0.10067114093959731
6 0.21748554913294796 0.38682123245881633 0.0953757225433526 0.08541793776693105
4 0.7929913294797687 0.5860280658938377 0.1148843930635838 0.0774862721171446
4 0.6809971098265896 0.43319097010372176 0.12355491329479769 0.10982306284319707
4 0.5364884393063584 0.4200732153752288 0.10621387283236994 0.087248322147651
4 0.44328034682080925 0.436241610738255 0.10910404624277456 0.11470408785845027
4 0.3551300578034682 0.4996949359365467 0.09176300578034681 0.08175716900549115
3 0.6278901734104045 0.5198291641244661 0.08815028901734104 0.12202562538133008
3 0.5422687861271676 0.5070164734594265 0.08309248554913294 0.12202562538133008
3 0.46567919075144504 0.5283709579011592 0.08309248554913294 0.1293471629042099
3 0.4024566473988439 0.5607077486272117 0.06791907514450866 0.11958511287370348
2 0.6690751445086704 0.6683953630262355 0.15028901734104044 0.0921293471629042
1 0.4241329479768786 0.8123856009762049 0.08815028901734104 0.14948139109212935
0 0.5346820809248555 0.8096400244051251 0.13872832369942195 0.16473459426479561
