5 0.6583827893175075 0.2652556349642661 0.1669139465875371 0.10720175920835624
5 0.5200296735905044 0.23282023089609677 0.13353115727002968 0.10720175920835624
5 0.36795252225519287 0.2754260582737768 0.1483679525222552 0.10995052226498077
5 0.224406528189911 0.3765805387575591 0.1298219584569733 0.0879604178119846
6 0.8868694362017805 0.4422759758108851 0.1580118694362018 0.125893347993403
6 0.681379821958457 0.1635514018691589 0.13130563798219586 0.10940076965365586
6 0.5281899109792285 0.11902144035184167 0.1513353115727003 0.11709730621220452
6 0.33086053412462907 0.16245189664650908 0.10534124629080119 0.1137987905442551
6 0.15356083086053413 0.3103353490929082 0.10682492581602374 0.09180868609125893
4 0.4988872403560831 0.32847718526663006 0.10756676557863502 0.15667949422759758
4 0.6183234421364986 0.35239142385926336 0.12240356083086054 0.14843320505772403
4 0.39206231454005935 0.3743815283122595 0.10014836795252226 0.1319406267179769
4 0.2844955489614243 0.44035184167124797 0.11498516320474778 0.10445299615173173
4 0.7974777448071216 0.5277625068719076 0.14094955489614244 0.08246289169873557
3 0.33642433234421365 0.5131940626717977 0.08531157270029674 0.11819681143485432
3 0.41246290801186947 0.4788345244639912 0.08902077151335312 0.1319406267179769
3 0.49035608308605344 0.4595931830676196 0.10385756676557864 0.15393073117097306
3 0.5923590504451038 0.4623419461242441 0.10014836795252226 0.14293567894447498
2 0.6602373887240356 0.6363386476085762 0.15578635014836795 0.09070918086860913
1 0.3486646884272997 0.7710280373831776 0.09643916913946587 0.1731720725673447
0 0.4699554896142433 0.7866959868059373 0.18916913946587538 0.1759208356239692
