5 0.5447227191413238 0.2676767676767677 0.10554561717352415 0.09427609427609428
5 0.4186046511627907 0.26515151515151514 0.10912343470483006 0.1111111111111111
5 0.3005366726296959 0.3261784511784512 0.09123434704830054 0.09680134680134679
5 0.18828264758497318 0.4473905723905724 0.07960644007155634 0.08838383838383838
6 0.7960644007155635 0.45707070707070707 0.1520572450805009 0.11784511784511784
6 0.5483005366726297 0.14983164983164982 0.10554561717352415 0.11447811447811447
6 0.40384615384615385 0.13468013468013468 0.09749552772808587 0.13468013468013468
6 0.26028622540250446 0.20244107744107742 0.08944543828264759 0.11531986531986531
6 0.11180679785330948 0.3728956228956229 0.11270125223613596 0.10942760942760943
4 0.5339892665474061 0.3733164983164983 0.09660107334525939 0.15067340067340065
4 0.4186046511627907 0.39309764309764306 0.09660107334525939 0.13973063973063973
4 0.34481216457960645 0.4343434343434343 0.09391771019677997 0.1313131313131313
4 0.259391771019678 0.5088383838383839 0.1001788908765653 0.09680134680134679
4 0.6958855098389982 0.5416666666666666 0.1001788908765653 0.10016835016835017
3 0.5290697674418605 0.5058922558922558 0.09391771019677997 0.14309764309764308
3 0.44633273703041143 0.5164141414141414 0.09123434704830054 0.14562289562289563
3 0.3747763864042934 0.5446127946127945 0.08765652951699464 0.13973063973063973
3 0.3094812164579607 0.5774410774410774 0.07334525939177101 0.11447811447811447
2 0.605098389982111 0.6742424242424242 0.1368515205724508 0.12289562289562289
1 0.40966010733452596 0.8884680134680134 0.1037567084078712 0.15404040404040403
0 0.5250447227191414 0.8716329966329966 0.1520572450805009 0.18265993265993266
