0 0.5 0.7689119170984455 0.1529745042492918 0.1699481865284974
1 0.386685552407932 0.7647668393782383 0.0963172804532578 0.14507772020725387
2 0.6437677053824363 0.6051813471502591 0.15439093484419264 0.09222797927461139
4 0.7680594900849859 0.5090673575129533 0.13385269121813032 0.08445595854922279
4 0.6317280453257791 0.3805699481865285 0.1104815864022663 0.09792746113989637
4 0.5123937677053825 0.35751295336787564 0.09135977337110482 0.12849740932642487
4 0.41536827195467424 0.3911917098445596 0.09135977337110482 0.11502590673575129
4 0.32896600566572237 0.42590673575129534 0.09702549575070822 0.09222797927461139
3 0.3526912181303116 0.5082901554404144 0.08640226628895184 0.11917098445595854
3 0.4362606232294618 0.49015544041450776 0.0736543909348442 0.11502590673575129
3 0.5046033994334278 0.4689119170984456 0.08711048158640226 0.12435233160621761
3 0.5987960339943343 0.4699481865284974 0.08144475920679888 0.12642487046632123
6 0.853399433427762 0.4202072538860103 0.14872521246458925 0.10984455958549222
6 0.7004249291784703 0.19999999999999998 0.09773371104815864 0.10984455958549222
6 0.5311614730878187 0.14507772020725387 0.10339943342776205 0.11088082901554404
6 0.3611898016997167 0.19455958549222796 0.11189801699716714 0.11347150259067357
6 0.22875354107648727 0.28290155440414505 0.10764872521246459 0.10051813471502591
5 0.674929178470255 0.29637305699481864 0.12322946175637395 0.06735751295336788
5 0.5293909348441926 0.2606217616580311 0.12110481586402266 0.07668393782383419
5 0.3881019830028329 0.29922279792746115 0.12322946175637395 0.08238341968911916
5 0.27124645892351273 0.35466321243523313 0.1019830028328612 0.06891191709844559
