1 0.4157782515991471 0.8303916161059018 0.11371712864250177 0.1516822945394374
0 0.5383795309168443 0.8331494760066189 0.1812366737739872 0.19029233314947602
2 0.6823027718550106 0.6616105901820188 0.1847903340440654 0.12961941533370105
4 0.7906894100923951 0.5444015444015444 0.13148542999289267 0.11031439602868175
4 0.6165600568585643 0.38223938223938225 0.11016346837242359 0.1323772752344181
4 0.48329779673063256 0.3836183121897408 0.11371712864250177 0.14065085493656923
4 0.3784648187633262 0.4277440706012135 0.11727078891257996 0.12410369553226697
4 0.294953802416489 0.4966905681191396 0.09950248756218905 0.1075565361279647
6 0.8731343283582089 0.45587424158852735 0.1499644633972992 0.1395477109762824
6 0.7110874200426439 0.19635962493105352 0.10021321961620469 0.09928295642581357
6 0.4996446339729922 0.14892443463872038 0.11371712864250177 0.09597352454495313
6 0.3169864960909737 0.22366243794815224 0.11656005685856433 0.10976282404853835
6 0.19331911869225302 0.3587975730832874 0.10518834399431415 0.09762824048538335
5 0.24164889836531628 0.4318808604522891 0.09950248756218905 0.07722007722007723
5 0.3447050461975835 0.32984004412575846 0.10660980810234541 0.08825151682294541
5 0.492181947405828 0.2746828461114176 0.11727078891257996 0.08825151682294541
5 0.6592039800995024 0.29260893546607836 0.12437810945273632 0.09100937672366244
3 0.589907604832978 0.492553778268064 0.09950248756218905 0.1434087148372863
3 0.4886282871357498 0.49531163816878104 0.09594882729211088 0.1378929950358522
3 0.4051172707889126 0.52426916712631 0.0923951670220327 0.12410369553226697
3 0.3447050461975835 0.5683949255377827 0.0923951670220327 0.12410369553226697
