0 0.4719656992084433 0.8199799699549323 0.170844327176781 0.18377566349524285
1 0.34399736147757254 0.7981972959439158 0.11411609498680739 0.14621932899349022
4 0.6576517150395779 0.6692538808212318 0.20316622691292877 0.11867801702553829
3 0.6131266490765171 0.4909864797195793 0.10356200527704486 0.14371557336004004
3 0.5131926121372031 0.4897346019028542 0.10290237467018469 0.14621932899349022
3 0.42414248021108175 0.5140210315473209 0.09630606860158311 0.14071106659989985
3 0.341688654353562 0.529043565348022 0.09630606860158311 0.13269904857285927
4 0.7661609498680738 0.5465698547821732 0.11411609498680739 0.10565848773159739
4 0.6306068601583114 0.38007010515773654 0.11741424802110817 0.14621932899349022
4 0.5237467018469657 0.3708062093139709 0.10290237467018469 0.14071106659989985
4 0.4046833773087071 0.40035052578868296 0.11411609498680739 0.12969454181271906
4 0.3116754617414248 0.43565348022033046 0.09960422163588391 0.12218327491236854
6 0.837730870712401 0.44867300951427136 0.12269129287598944 0.12418627941912869
6 0.695580474934037 0.186029043565348 0.12862796833773085 0.11266900350525788
6 0.5399076517150395 0.14396594892338507 0.1299472295514512 0.12669003505257886
6 0.4060026385224274 0.17676514772158236 0.11939313984168864 0.11817726589884826
6 0.2434036939313984 0.2736604907361041 0.12137203166226912 0.11567351026539809
5 0.2687994722955145 0.3585378067100651 0.09960422163588391 0.08412618928392587
5 0.4046833773087071 0.2961942914371557 0.11411609498680739 0.07861792689033549
5 0.5362796833773087 0.26089133700550826 0.10686015831134564 0.08412618928392587
5 0.6754617414248021 0.28818227341011515 0.13192612137203166 0.08662994491737605
