0 0.49602543720190784 0.7756257449344457 0.14626391096979333 0.15077473182359952
1 0.38076311605723373 0.7946960667461263 0.11287758346581876 0.16746126340882
2 0.6534181240063593 0.6212753277711561 0.17170111287758347 0.10190703218116805
3 0.5691573926868045 0.4779499404052443 0.08426073131955486 0.11918951132300357
3 0.4749602543720191 0.48241954707985696 0.10095389507154214 0.1364719904648391
3 0.41335453100158986 0.500595947556615 0.07790143084260732 0.11203814064362336
3 0.34538950715421307 0.5309892729439809 0.08823529411764706 0.11918951132300357
4 0.7698728139904611 0.5211561382598331 0.1263910969793323 0.09237187127532777
4 0.5870429252782194 0.3766388557806913 0.10095389507154214 0.10250297973778306
4 0.4912559618441972 0.3778307508939213 0.0906200317965024 0.10965435041716329
4 0.40182829888712246 0.40703218116805717 0.0945945945945946 0.11442193087008343
4 0.3191573926868045 0.4472586412395709 0.09141494435612084 0.09237187127532777
6 0.8545310015898252 0.4442789034564958 0.14467408585055644 0.10905840286054827
6 0.6387122416534181 0.19606674612634087 0.09936406995230525 0.09177592371871275
6 0.5123211446740858 0.16448152562574492 0.09618441971383149 0.11323003575685339
6 0.40063593004769477 0.21185935637663886 0.10174880763116058 0.1066746126340882
6 0.25635930047694755 0.3060190703218117 0.08346581875993642 0.09475566150178784
5 0.6160572337042926 0.2941001191895113 0.10015898251192369 0.06853396901072706
5 0.5075516693163752 0.2771156138259833 0.10413354531001591 0.07747318235995232
5 0.393879173290938 0.30870083432657924 0.11049284578696345 0.06793802145411204
5 0.2786168521462639 0.37902264600715135 0.0945945945945946 0.06793802145411204
