6 0.5121268656716418 0.10401891252955082 0.1013681592039801 0.10283687943262411
6 0.6685323383084577 0.19621749408983452 0.1044776119402985 0.11347517730496454
6 0.7991293532338308 0.4796099290780142 0.15671641791044777 0.11761229314420804
6 0.3093905472636816 0.15425531914893617 0.11629353233830846 0.1347517730496454
6 0.17723880597014924 0.28930260047281325 0.10820895522388059 0.10106382978723404
5 0.236318407960199 0.38416075650118203 0.0945273631840796 0.09456264775413711
5 0.34577114427860695 0.28486997635933803 0.13432835820895522 0.11347517730496454
5 0.4950248756218905 0.24231678486997635 0.13432835820895522 0.11347517730496454
5 0.6318407960199005 0.2895981087470449 0.12935323383084577 0.12293144208037825
4 0.2860696517412935 0.4645390070921986 0.0945273631840796 0.13238770685579196
4 0.3706467661691542 0.41252955082742315 0.0945273631840796 0.12293144208037825
4 0.472636815920398 0.39361702127659576 0.09950248756218905 0.12293144208037825
4 0.5771144278606966 0.4148936170212766 0.10945273631840796 0.1276595744680851
4 0.7014925373134329 0.5650118203309693 0.11940298507462686 0.1276595744680851
3 0.3233830845771144 0.5508274231678487 0.08955223880597014 0.14657210401891252
3 0.39054726368159204 0.516548463356974 0.0845771144278607 0.15130023640661938
3 0.4626865671641791 0.49527186761229314 0.08955223880597014 0.17494089834515367
3 0.5646766169154229 0.5070921985815603 0.0845771144278607 0.1607565011820331
2 0.5895522388059702 0.6867612293144207 0.17412935323383083 0.14184397163120566
1 0.35572139303482586 0.8522458628841607 0.1044776119402985 0.1702127659574468
0 0.4601990049751244 0.8498817966903073 0.14427860696517414 0.1938534278959811
