5 0.6022727272727273 0.22532537960954446 0.09897360703812316 0.06453362255965293
5 0.4442815249266862 0.22613882863340565 0.0967741935483871 0.06616052060737528
5 0.3467741935483871 0.26843817787418656 0.09237536656891496 0.0770065075921909
5 0.25183284457478006 0.34571583514099785 0.06964809384164222 0.05477223427331887
6 0.6063049853372434 0.1390997830802603 0.11436950146627566 0.08188720173535792
6 0.4215542521994135 0.13557483731019523 0.08651026392961877 0.08785249457700652
6 0.31341642228739003 0.1813991323210412 0.09604105571847507 0.08297180043383948
6 0.1942815249266862 0.3004338394793926 0.08797653958944282 0.0683297180043384
6 0.8687683284457478 0.403470715835141 0.1436950146627566 0.06941431670281996
4 0.591275659824047 0.29989154013015185 0.10190615835777127 0.113882863340564
4 0.4780058651026393 0.3099240780911063 0.08944281524926687 0.10466377440347072
4 0.39222873900293254 0.34300433839479394 0.08651026392961877 0.10140997830802603
4 0.33027859237536655 0.398590021691974 0.08431085043988269 0.05856832971800434
4 0.7646627565982405 0.45742950108459873 0.10410557184750734 0.06995661605206074
3 0.5861436950146628 0.3899132321041215 0.07697947214076246 0.10303687635574837
3 0.4963343108504399 0.39940347071583515 0.08944281524926687 0.10466377440347072
3 0.43328445747800587 0.41675704989154017 0.0689149560117302 0.0938177874186551
3 0.36986803519061584 0.4433297180043384 0.06671554252199413 0.08080260303687636
1 0.4446480938416422 0.6499457700650759 0.0872434017595308 0.11225596529284165
0 0.5498533724340176 0.6499457700650759 0.12903225806451613 0.1306941431670282
2 0.655791788856305 0.5279284164859003 0.13709677419354838 0.08839479392624729
