5 0.6200564971751412 0.29809220985691576 0.12335216572504708 0.09379968203497616
5 0.474105461393597 0.2702702702702703 0.12335216572504708 0.0906200317965024
5 0.2975517890772128 0.3306836248012719 0.1224105461393597 0.09379968203497616
5 0.1431261770244821 0.46860095389507156 0.11487758945386063 0.08823529411764706
6 0.6544256120527306 0.20667726550079493 0.1167608286252354 0.11128775834658189
6 0.47457627118644063 0.16693163751987283 0.1111111111111111 0.11287758346581876
6 0.237758945386064 0.22575516693163752 0.12146892655367231 0.13195548489666137
6 0.0687382297551789 0.4065977742448331 0.10734463276836158 0.08823529411764706
6 0.8182674199623352 0.45985691573926873 0.128060263653484 0.13751987281399047
4 0.5951035781544256 0.39189189189189194 0.10357815442561205 0.1589825119236884
4 0.4566854990583804 0.40222575516693165 0.10357815442561205 0.15262321144674088
4 0.3356873822975518 0.43441971383147854 0.11581920903954802 0.1327503974562798
4 0.2226930320150659 0.5103338632750398 0.11581920903954802 0.08744038155802862
3 0.576271186440678 0.5202702702702703 0.10357815442561205 0.14864864864864866
3 0.46468926553672313 0.5222575516693164 0.11205273069679848 0.1589825119236884
3 0.3700564971751412 0.5302066772655009 0.09981167608286252 0.13672496025437203
3 0.2876647834274953 0.5719395866454691 0.11958568738229755 0.12321144674085852
4 0.7434086629001883 0.5544515103338633 0.11205273069679848 0.11049284578696345
2 0.6468926553672316 0.6697138314785374 0.20338983050847456 0.12003179650238474
1 0.3168549905838041 0.8720190779014309 0.1271186440677966 0.17488076311605724
0 0.45856873822975514 0.8771860095389508 0.19209039548022597 0.18203497615262323
