0 0.41659751037344395 0.9269162210338682 0.21244813278008298 0.1568627450980392
1 0.2838174273858921 0.9031491384432562 0.13278008298755187 0.14735591206179444
2 0.6273858921161826 0.770053475935829 0.22572614107883818 0.13784907902554963
4 0.783402489626556 0.6559714795008913 0.17925311203319502 0.11883541295306002
4 0.6257261410788382 0.4824717765894237 0.15269709543568463 0.14260249554367202
4 0.4896265560165975 0.4800950683303625 0.11950207468879667 0.13784907902554963
4 0.3767634854771784 0.5014854426619133 0.13278008298755187 0.14260249554367202
4 0.25062240663900415 0.5490196078431373 0.13278008298755187 0.11408199643493762
6 0.8734439834024896 0.5528817587641117 0.15850622406639003 0.14200831847890671
6 0.7141078838174274 0.2759952465834819 0.14522821576763484 0.12537136066547833
6 0.5414937759336099 0.21420083184789068 0.11535269709543568 0.11348781937017231
6 0.3531120331950207 0.2540106951871658 0.14190871369294605 0.12061794414735592
6 0.11286307053941909 0.39037433155080214 0.13443983402489626 0.11289364230540702
5 0.6647302904564315 0.3882947118241236 0.13941908713692946 0.08972073677956031
5 0.5165975103734439 0.34818775995246587 0.13029045643153528 0.09982174688057041
5 0.34149377593360997 0.38354129530600123 0.13029045643153528 0.09328579916815212
5 0.1892116182572614 0.46999405822935236 0.12116182572614108 0.08674985145573381
3 0.2879668049792531 0.6259655377302437 0.10290456431535269 0.14081996434937613
3 0.3759336099585062 0.6051693404634582 0.10290456431535269 0.14438502673796794
3 0.4717842323651452 0.5938799762329174 0.11203319502074688 0.1538918597742127
3 0.5950207468879668 0.5971479500891266 0.11618257261410789 0.14735591206179444
