0 0.49615384615384617 0.8977200759974667 0.16615384615384615 0.18682710576314124
1 0.37384615384615383 0.9059531348955034 0.11538461538461539 0.16402786573780875
2 0.6438461538461538 0.7264091196960102 0.19846153846153847 0.14059531348955034
4 0.7688461538461538 0.6022799240025333 0.15307692307692308 0.12159594680177327
4 0.6276923076923077 0.4116529449018366 0.12461538461538461 0.16339455351488283
4 0.49846153846153846 0.40215326155794806 0.12923076923076923 0.15959468017732742
4 0.3853846153846154 0.4382520582647245 0.11076923076923077 0.1481950601646612
4 0.2815384615384615 0.4895503483217226 0.10615384615384615 0.12159594680177327
3 0.32076923076923075 0.5902469917669411 0.10153846153846154 0.16339455351488283
3 0.39692307692307693 0.5598480050664978 0.10615384615384615 0.17099430018999368
3 0.4823076923076923 0.5332488917036099 0.10153846153846154 0.1785940468651045
3 0.6 0.5522482583913869 0.11538461538461539 0.18619379354021534
5 0.6692307692307692 0.3125395820139329 0.13384615384615384 0.11082963901203294
5 0.4869230769230769 0.27454084863837874 0.12923076923076923 0.09563014566181127
5 0.3253846153846154 0.318239392020266 0.12 0.12222925902469918
5 0.22846153846153847 0.4135528815706143 0.11076923076923077 0.08359721342621913
6 0.87 0.5186827105763141 0.17846153846153845 0.11019632678910703
6 0.7138461538461538 0.20360987967067765 0.12461538461538461 0.11969601013299556
6 0.46615384615384614 0.12507916402786573 0.1276923076923077 0.13236225459151363
6 0.2784615384615385 0.1792273590880304 0.11692307692307692 0.13679544015199493
6 0.13846153846153847 0.3229892336922103 0.13076923076923078 0.12412919569347688
