6 0.8779253636938646 0.41932270916334663 0.13029728020240355 0.09760956175298804
6 0.691967109424415 0.19173306772908366 0.11258697027197977 0.09163346613545817
6 0.5161290322580645 0.16384462151394422 0.09867172675521822 0.09860557768924302
6 0.3605313092979127 0.21638446215139442 0.11891208096141682 0.11205179282868526
6 0.21378874130297282 0.3446215139442231 0.10499683744465528 0.08964143426294821
5 0.2830487033523087 0.410109561752988 0.09171410499683745 0.062250996015936255
5 0.3981657179000633 0.31673306772908366 0.10436432637571158 0.0796812749003984
5 0.5265654648956357 0.27689243027888444 0.09803921568627451 0.0846613545816733
5 0.6654016445287793 0.2856075697211155 0.10120177103099304 0.07221115537848606
4 0.6416824794433903 0.3789840637450199 0.10436432637571158 0.11952191235059761
4 0.5341555977229602 0.3665338645418327 0.11701454775458571 0.12450199203187251
4 0.4361163820366856 0.4051294820717131 0.11068943706514864 0.10707171314741036
4 0.34123972169512967 0.4673804780876494 0.10436432637571158 0.08715139442231075
4 0.8111954459203036 0.5017430278884462 0.12966476913345984 0.11205179282868526
3 0.6306135357368754 0.473605577689243 0.10120177103099304 0.1294820717131474
3 0.5420619860847565 0.47858565737051795 0.10120177103099304 0.1344621513944223
3 0.4629981024667932 0.5022410358565736 0.08855154965211891 0.13695219123505975
3 0.38867805186590765 0.5321215139442231 0.09803921568627451 0.12201195219123506
2 0.7017710309930424 0.6105577689243028 0.14231499051233396 0.1145418326693227
1 0.4566729917773561 0.7960657370517928 0.11385199240986718 0.15687250996015936
0 0.5673624288425048 0.7898406374501992 0.17077798861480076 0.1693227091633466
