3 0.6005192878338279 0.414968152866242 0.09718100890207715 0.14585987261146496
3 0.5189169139465876 0.4203821656050955 0.08531157270029674 0.14012738853503184
3 0.4540059347181009 0.44617834394904454 0.07566765578635015 0.1305732484076433
3 0.3931750741839763 0.46942675159235664 0.08160237388724036 0.11464968152866241
2 0.6609792284866469 0.5668789808917197 0.1394658753709199 0.11719745222929935
4 0.7763353115727003 0.4722929936305732 0.10905044510385757 0.08853503184713375
4 0.6142433234421365 0.3124203821656051 0.09940652818991098 0.10127388535031846
4 0.5070474777448072 0.31210191082802546 0.10311572700296737 0.11719745222929935
4 0.4235905044510386 0.343312101910828 0.09347181008902078 0.12229299363057325
4 0.3523738872403561 0.39936305732484073 0.07863501483679526 0.08789808917197452
5 0.6368694362017805 0.22643312101910826 0.09124629080118694 0.08089171974522293
5 0.517433234421365 0.2111464968152866 0.11201780415430268 0.0910828025477707
5 0.3857566765578635 0.25 0.09643916913946587 0.07579617834394904
5 0.29636498516320475 0.33694267515923565 0.07640949554896143 0.06751592356687898
6 0.8542284866468843 0.40159235668789806 0.13427299703264095 0.09617834394904458
6 0.6539317507418397 0.13503184713375796 0.09421364985163205 0.09808917197452229
6 0.5170623145400594 0.09203821656050955 0.09198813056379822 0.1127388535031847
6 0.3464391691394659 0.14936305732484076 0.09050445103857567 0.10509554140127388
6 0.23590504451038577 0.2729299363057325 0.09198813056379822 0.08980891719745222
1 0.4540059347181009 0.7423566878980892 0.08753709198813056 0.15095541401273885
0 0.5593471810089021 0.7404458598726115 0.14391691394658754 0.1789808917197452
