0 0.5200308166409862 0.7736808645899556 0.14791987673343607 0.17164653528289892
1 0.40446841294298924 0.775588048315321 0.09244992295839753 0.16020343293070566
2 0.6517719568567026 0.600127145581691 0.1617873651771957 0.11443102352193261
3 0.5546995377503853 0.4532739987285442 0.10631741140215717 0.15638906547997458
3 0.4576271186440678 0.4609027336300064 0.10631741140215717 0.1487603305785124
3 0.39291217257318956 0.4761602034329307 0.09707241910631742 0.13350286077558804
3 0.32819722650231126 0.5162110616656072 0.08782742681047766 0.12205975842339478
4 0.774653312788906 0.49523204068658616 0.12557781201849 0.11061665607120152
4 0.5662557781201849 0.32898919262555626 0.1016949152542373 0.13032422123331214
4 0.4437596302003082 0.35378258105530835 0.09707241910631742 0.12650985378258106
4 0.3489984591679507 0.39033693579148127 0.1016949152542373 0.12205975842339478
4 0.2819722650231125 0.47043865225683407 0.09707241910631742 0.07628734901462174
6 0.8894453004622497 0.4307056579783853 0.16563944530046226 0.12396694214876033
6 0.602080123266564 0.1290527654164018 0.11941448382126349 0.10680228862047043
6 0.3925269645608629 0.10934520025429116 0.09322033898305085 0.12460267005721551
6 0.22996918335901387 0.19643992371265098 0.11171032357473036 0.11570247933884298
6 0.1325115562403698 0.3550540368722187 0.12480739599383668 0.10743801652892562
5 0.20570107858243453 0.4170375079465989 0.08320493066255778 0.06865861411315957
5 0.28428351309707245 0.30228862047043864 0.09244992295839753 0.0845518118245391
5 0.413713405238829 0.2333121424030515 0.1016949152542373 0.07628734901462174
5 0.5870570107858244 0.24094087730451366 0.13405238828967642 0.09154481881754609
