0 0.6685755189692197 0.8319238900634249 0.19470293486041518 0.1945031712473573
1 0.5225483178239083 0.8446088794926004 0.1317108088761632 0.18604651162790697
2 0.774874731567645 0.6302854122621565 0.15390121689334288 0.14006342494714588
3 0.6746599856836077 0.46353065539112054 0.11095204008589835 0.1638477801268499
3 0.56907659269864 0.4727801268498943 0.11453113815318539 0.15591966173361524
3 0.47244094488188976 0.49656448202959835 0.11453113815318539 0.12949260042283298
3 0.4026485325697924 0.5454545454545455 0.11095204008589835 0.1321353065539112
4 0.8464566929133858 0.4912790697674419 0.11095204008589835 0.1083509513742072
4 0.6710808876163207 0.33271670190274844 0.1324266284896206 0.13477801268498943
4 0.5422333571939871 0.34460887949260044 0.1395848246241947 0.1427061310782241
4 0.449176807444524 0.403276955602537 0.10379384395132427 0.1321353065539112
4 0.3418038654259127 0.46617336152219874 0.12526843235504653 0.10570824524312897
5 0.2594846098783107 0.3974630021141649 0.11095204008589835 0.07928118393234673
5 0.3883321403006442 0.29439746300211417 0.11811023622047244 0.09513742071881608
5 0.5028632784538296 0.22832980972515857 0.1324266284896206 0.08985200845665962
5 0.6728704366499642 0.24550739957716702 0.11453113815318539 0.07135306553911205
6 0.8715103793843951 0.37790697674418605 0.12813171080887617 0.13002114164904863
6 0.6746599856836077 0.1392706131078224 0.11954187544738726 0.10623678646934462
6 0.4778095919828203 0.11231501057082453 0.1066571224051539 0.1273784355179704
6 0.3410880458124552 0.1839323467230444 0.14387974230493916 0.13847780126849896
6 0.19971367215461702 0.31950317124735733 0.12455261274158912 0.10412262156448203
