5 0.5892269736842105 0.27311960542540076 0.109375 0.08014796547472257
5 0.444078947368421 0.24475955610357583 0.10032894736842105 0.07768187422934648
5 0.2919407894736842 0.2879161528976572 0.13157894736842105 0.07768187422934648
5 0.1644736842105263 0.3702219482120839 0.11019736842105263 0.06843403205918619
6 0.6052631578947368 0.17755856966707767 0.10855263157894736 0.0998766954377312
6 0.4609375 0.1337854500616523 0.109375 0.10234278668310727
6 0.2512335526315789 0.17694204685573367 0.12911184210526316 0.10234278668310727
6 0.09868421052631579 0.28668310727496915 0.10361842105263157 0.10727496917385944
6 0.7902960526315789 0.45530209617755857 0.12171052631578946 0.09556103575832306
4 0.5370065789473684 0.35819975339087545 0.10032894736842105 0.13686806411837238
4 0.4198190789473684 0.35974106041923554 0.08799342105263157 0.13501849568434032
4 0.31496710526315785 0.39519112207151663 0.08552631578947367 0.1282367447595561
4 0.22039473684210525 0.43310727496917384 0.09703947368421052 0.09802712700369914
3 0.26480263157894735 0.5151048088779285 0.08223684210526315 0.13008631319358815
3 0.33634868421052627 0.48890258939580766 0.07894736842105263 0.10480887792848335
3 0.4124177631578947 0.47657213316892727 0.08799342105263157 0.15043156596794083
3 0.515625 0.46177558569667077 0.08552631578947367 0.12330456226880394
4 0.6846217105263157 0.5413070283600493 0.11266447368421052 0.09124537607891492
2 0.5538651315789473 0.62422934648582 0.1768092105263158 0.12145499383477189
1 0.2902960526315789 0.7879161528976573 0.12171052631578946 0.15043156596794083
0 0.4140625 0.7777435265104808 0.15542763157894737 0.16707768187422936
