0 0.4716636197440585 0.8787023977433004 0.1809872029250457 0.1777150916784203
1 0.3290676416819013 0.8638928067700987 0.11517367458866545 0.19040902679830748
2 0.6540219378427788 0.6706629055007052 0.20566727605118829 0.14809590973201692
4 0.746800731261426 0.5243300423131171 0.10237659963436929 0.10507757404795487
4 0.6252285191956124 0.3638928067700987 0.15173674588665448 0.14104372355430184
4 0.4913162705667276 0.36918194640338503 0.12340036563071298 0.114950634696756
4 0.37705667276051186 0.3966854724964739 0.11791590493601463 0.13610719322990128
4 0.26371115173674586 0.44816643159379405 0.10877513711151737 0.10507757404795487
3 0.3039305301645338 0.5384344146685472 0.10146252285191956 0.12905500705218617
3 0.3843692870201097 0.5003526093088857 0.09597806215722121 0.15303244005641747
3 0.4803473491773309 0.4883638928067701 0.10877513711151737 0.16290550070521861
3 0.596892138939671 0.48377997179125526 0.11151736745886655 0.1622002820874471
6 0.8103290676416819 0.3868124118476728 0.1489945155393053 0.15726375176304655
6 0.7038391224862889 0.13610719322990128 0.11517367458866545 0.12693935119887165
6 0.4853747714808044 0.09661495063469676 0.12979890310786105 0.12411847672778561
6 0.32541133455210236 0.13716502115655854 0.1206581352833638 0.12905500705218617
6 0.19241316270566727 0.2697461212976022 0.10146252285191956 0.09379407616361071
5 0.22486288848263253 0.3547249647390691 0.11151736745886655 0.07193229901269393
5 0.3491773308957952 0.2711565585331453 0.12431444241316271 0.09097320169252468
5 0.5068555758683729 0.231311706629055 0.13619744058500913 0.10296191819464033
5 0.6649908592321755 0.24823695345557123 0.10511882998171847 0.08885754583921016
