5 0.5891866913123844 0.22456006120887528 0.10351201478743069 0.08339709257842387
5 0.48844731977818856 0.22685539403213464 0.10351201478743069 0.07880642693190512
5 0.38354898336414045 0.2605202754399388 0.10073937153419593 0.07651109410864575
5 0.2841959334565619 0.35462892119357303 0.08133086876155268 0.06962509563886764
6 0.7865064695009242 0.3630451415455241 0.11275415896487985 0.10711553175210405
6 0.5820240295748613 0.130451415455241 0.10767097966728281 0.10022953328232594
6 0.47573937153419593 0.12815608263198164 0.09380776340110905 0.09104820198928844
6 0.3537430683918669 0.17061973986228002 0.09935304990757855 0.09793420045906656
6 0.22412199630314233 0.28041315990818666 0.0988909426987061 0.10252486610558531
4 0.5850277264325323 0.3138867635807192 0.09519408502772643 0.12739097169089517
4 0.4912199630314233 0.33033664881407804 0.08133086876155268 0.11820964039785768
4 0.4184380776340111 0.3521423106350421 0.07809611829944547 0.11820964039785768
4 0.4463955637707948 0.37069625095638864 0.0027726432532347504 0.0
4 0.34288354898336415 0.40321346595256313 0.09796672828096119 0.08798775822494262
4 0.7333641404805915 0.4634659525631216 0.08964879852125693 0.10214231063504207
3 0.5794824399260629 0.42521040550879874 0.10073937153419593 0.13657230298393266
3 0.5009242144177449 0.42521040550879874 0.09519408502772643 0.12739097169089517
3 0.4408502772643253 0.4403213465952563 0.07578558225508318 0.11094108645753634
3 0.3793900184842883 0.4762815608263198 0.07578558225508318 0.10864575363427696
2 0.6425600739371534 0.5713465952563122 0.1289279112754159 0.1090283091048202
1 0.4450092421441774 0.7392884468247896 0.08964879852125693 0.1250956388676358
0 0.5376617375231053 0.7230298393267024 0.1400184842883549 0.15761285386381024
