6 0.7907608695652173 0.4622812311406156 0.12189440993788819 0.14363307181653592
6 0.6335403726708074 0.2371756185878093 0.09627329192546583 0.11104405552202776
6 0.5263975155279502 0.20609535304767654 0.08385093167701863 0.10802655401327702
6 0.4025621118012422 0.2483403741701871 0.09704968944099378 0.1007845503922752
6 0.27872670807453415 0.3406759203379602 0.07919254658385093 0.1044055522027761
5 0.639751552795031 0.347917923958962 0.12577639751552794 0.08509354254677128
5 0.515916149068323 0.32166566083283044 0.10481366459627328 0.09776704888352444
5 0.4130434782608695 0.35908267954133977 0.10093167701863354 0.08811104405552203
5 0.30978260869565216 0.42214846107423054 0.09161490683229813 0.08509354254677128
4 0.33346273291925466 0.5012070006035003 0.10947204968944099 0.11768255884127943
4 0.421195652173913 0.45745322872661437 0.09239130434782608 0.12070006035003018
4 0.5093167701863354 0.44900422450211225 0.10093167701863354 0.11707905853952927
4 0.6187888198757764 0.4508147254073627 0.10093167701863354 0.10138805069402534
4 0.7379658385093167 0.568195534097767 0.11723602484472048 0.10802655401327702
3 0.6059782608695652 0.5519010259505129 0.10947204968944099 0.14061557030778515
3 0.5073757763975155 0.544357272178636 0.10481366459627328 0.140012070006035
3 0.43827639751552794 0.5503922751961376 0.09239130434782608 0.13035606517803258
3 0.3711180124223602 0.5893180446590224 0.10869565217391304 0.13699456849728425
2 0.6498447204968943 0.7033796016898008 0.14285714285714285 0.1044055522027761
1 0.4045031055900621 0.8699456849728425 0.11801242236024843 0.1695835847917924
0 0.5244565217391304 0.8614966807483404 0.1638198757763975 0.15992757996378998
