0 0.5181818181818182 0.8264915161466886 0.19834710743801653 0.18609742747673783
1 0.3756198347107438 0.8511220580186097 0.13636363636363635 0.18609742747673783
2 0.6880165289256198 0.6554460864805692 0.22727272727272727 0.12862616310892172
3 0.6338842975206611 0.49945265462506844 0.15702479338842976 0.16694033935413247
3 0.5037190082644628 0.4885057471264368 0.128099173553719 0.16146688560481665
3 0.3942148760330578 0.5021893814997264 0.11570247933884298 0.13957307060755336
3 0.30950413223140494 0.5295566502463054 0.1115702479338843 0.12315270935960591
4 0.7913223140495868 0.5227148330596607 0.128099173553719 0.120415982484948
4 0.6442148760330578 0.37903667214012043 0.13636363636363635 0.11767925561029009
4 0.5016528925619834 0.3776683087027915 0.12396694214876033 0.13136288998357964
4 0.3942148760330578 0.4036672140120416 0.11570247933884298 0.12315270935960591
4 0.2702479338842975 0.44745484400656815 0.11570247933884298 0.10673234811165846
6 0.8512396694214875 0.44061302681992337 0.15702479338842976 0.09852216748768473
6 0.7024793388429752 0.17952928297755885 0.16198347107438016 0.0963327859879584
6 0.5330578512396694 0.13054187192118227 0.15702479338842976 0.090311986863711
6 0.3495867768595041 0.18555008210180624 0.12396694214876033 0.08210180623973727
6 0.1446280991735537 0.3256704980842912 0.11570247933884298 0.07662835249042146
5 0.20413223140495868 0.3858784893267652 0.12396694214876033 0.07115489874110564
5 0.365702479338843 0.2941981390257252 0.128099173553719 0.090311986863711
5 0.5223140495867769 0.25862068965517243 0.14049586776859505 0.08483853311439518
5 0.6834710743801653 0.2832512315270936 0.1487603305785124 0.090311986863711
