0 0.45562671546203115 0.6836565096952909 0.19762122598353157 0.14182825484764544
1 0.3019213174748399 0.6869806094182827 0.12442817932296432 0.16842105263157897
2 0.6230558096980787 0.5299168975069253 0.18298261665141813 0.10470914127423823
3 0.565416285452882 0.3875346260387812 0.11527904849039342 0.13130193905817175
3 0.4551692589204026 0.37119113573407203 0.0978956999085087 0.11523545706371192
3 0.36367795059469354 0.39473684210526316 0.08508691674290943 0.1290858725761773
3 0.28408051235132664 0.4285318559556787 0.08142726440988106 0.11911357340720223
4 0.7758462946020128 0.43296398891966764 0.13906678865507777 0.0925207756232687
4 0.5841720036596524 0.275623268698061 0.1253430924062214 0.12132963988919669
4 0.4400731930466606 0.28088642659279783 0.11527904849039342 0.11523545706371192
4 0.3435498627630375 0.30443213296398897 0.11253430924062215 0.11246537396121885
4 0.24519670631290028 0.34847645429362883 0.09881061299176579 0.08642659279778395
6 0.8668801463860933 0.35235457063711917 0.14547118023787742 0.10858725761772854
6 0.6143641354071363 0.11357340720221608 0.10521500457456542 0.08864265927977841
6 0.43183897529734677 0.07645429362880887 0.11161939615736506 0.096398891966759
6 0.3042086001829826 0.11274238227146816 0.10155535224153706 0.10249307479224377
6 0.16239707227813358 0.20387811634349032 0.10155535224153706 0.08421052631578949
5 0.19121683440073195 0.2869806094182826 0.09149130832570906 0.05318559556786704
5 0.30146386093321137 0.21329639889196678 0.12900274473924978 0.06980609418282549
5 0.44510521500457456 0.1770083102493075 0.11253430924062215 0.06371191135734072
5 0.6029277218664227 0.2 0.11527904849039342 0.08421052631578949
