5 0.6495916852264291 0.27020038784744665 0.10838901262063845 0.07110536522301228
5 0.5089086859688196 0.2634130575307046 0.10616184112843355 0.08985132514544279
5 0.39680772086117294 0.32159017453135097 0.10616184112843355 0.07433742727860375
5 0.30252412769116555 0.4363283775048481 0.08834446919079435 0.060762766645119586
6 0.655902004454343 0.14738202973497092 0.11804008908685969 0.12928248222365868
6 0.8466963622865626 0.3703943115707822 0.13288789903489234 0.14996767937944408
6 0.4677060133630289 0.1486748545572075 0.08463251670378619 0.12411118293471235
6 0.3255382331106162 0.21751777634130576 0.12694877505567928 0.107950872656755
6 0.21789161098737936 0.37718164188752423 0.11804008908685969 0.09502262443438914
4 0.643652561247216 0.35197155785391077 0.09651076466221233 0.14027149321266968
4 0.5360059391239792 0.3652230122818358 0.09948032665181886 0.14479638009049772
4 0.4420935412026726 0.4124111182934712 0.10022271714922049 0.12411118293471235
4 0.384558277654046 0.4877181641887524 0.12472160356347438 0.08468002585649644
4 0.7798812175204157 0.47058823529411764 0.09131403118040089 0.10342598577892695
3 0.6406829992576095 0.47478991596638653 0.07275426874536006 0.15319974143503554
3 0.5571640682999257 0.4825468648998061 0.08834446919079435 0.14285714285714285
3 0.4936896807720861 0.5061409179056238 0.08166295471417966 0.12152553329023917
3 0.437268002969562 0.5497737556561085 0.07869339272457312 0.107950872656755
2 0.7175204157386785 0.6063348416289592 0.12100965107646622 0.13186813186813187
1 0.47104677060133626 0.8109243697478992 0.10319227913882702 0.15578539107950873
0 0.5786933927245731 0.8199741435035552 0.15812917594654788 0.16095669036845506
