0 0.5657578187650361 0.7585551330798479 0.1515637530072173 0.15842839036755385
1 0.4582999198075381 0.7702788339670469 0.08901363271852446 0.13117870722433458
2 0.6712109061748196 0.5830164765525981 0.14113873295910184 0.11406844106463877
3 0.5834001603849238 0.4350443599493029 0.10024057738572574 0.15272496831432192
3 0.4847634322373697 0.4565906210392902 0.08420208500400962 0.15272496831432192
3 0.41379310344827586 0.4714828897338403 0.10585404971932638 0.12674271229404308
3 0.3372093023255814 0.5158428390367553 0.10344827586206896 0.09885931558935361
4 0.7762630312750601 0.49524714828897337 0.10104250200481155 0.08808618504435994
4 0.5930232558139534 0.33840304182509506 0.09222133119486768 0.11406844106463877
4 0.46391339214113875 0.3428390367553865 0.10024057738572574 0.12294043092522179
4 0.34562951082598237 0.39321926489226866 0.11387329591018444 0.10329531051964512
4 0.28027265437048915 0.4835234474017744 0.1082598235765838 0.06463878326996197
6 0.8696872493985566 0.432509505703422 0.16118684843624698 0.09315589353612166
6 0.4246190858059342 0.11692015209125474 0.10344827586206896 0.13117870722433458
6 0.19607056936647954 0.23954372623574144 0.12750601443464316 0.08365019011406843
6 0.09262229350441059 0.3925855513307985 0.13231756214915796 0.10456273764258554
5 0.27506014434643145 0.323510773130545 0.09783480352846832 0.06273764258555133
5 0.18644747393744987 0.44581749049429653 0.08420208500400962 0.06653992395437262
5 0.4494787489975942 0.2433460076045627 0.1387329591018444 0.07097591888466413
5 0.628307939053729 0.24302915082382762 0.11948676824378508 0.08174904942965779
6 0.6535685645549318 0.14702154626108999 0.13953488372093023 0.12167300380228135
