1 0.32408131352619235 0.8083920187793427 0.11024237685691947 0.16490610328638497
0 0.4483971853010164 0.7960680751173709 0.18999218139171228 0.18368544600938969
4 0.617670054730258 0.5991784037558685 0.1563721657544957 0.11384976525821597
4 0.6051602814698983 0.34712441314553993 0.11415168100078187 0.12969483568075119
4 0.46950742767787335 0.3312793427230047 0.1055512118842846 0.1238262910798122
4 0.34519155590304923 0.3485915492957747 0.09304143862392494 0.12089201877934272
4 0.22869429241594996 0.4169600938967136 0.12275215011727912 0.09800469483568075
2 0.7509773260359656 0.5184859154929577 0.1352619233776388 0.09800469483568075
3 0.2838154808444097 0.49119718309859156 0.10633307271305707 0.1267605633802817
3 0.3706020328381548 0.4565727699530516 0.1016419077404222 0.15258215962441316
3 0.4550430023455825 0.44366197183098594 0.10946051602814699 0.15845070422535212
3 0.5711493354182955 0.44688967136150237 0.1055512118842846 0.15199530516431925
6 0.8784206411258796 0.4460093896713615 0.2040656763096169 0.11854460093896714
6 0.7087568412822517 0.14553990610328638 0.11806098514464425 0.11384976525821597
6 0.5054730258014073 0.08215962441314555 0.1352619233776388 0.12089201877934272
6 0.2752150117279124 0.12969483568075119 0.1313526192337764 0.12089201877934272
6 0.099687255668491 0.2755281690140845 0.1352619233776388 0.11443661971830986
5 0.17396403440187647 0.3550469483568075 0.09773260359655982 0.06338028169014084
5 0.3154808444096951 0.24853286384976525 0.1352619233776388 0.09213615023474178
5 0.49296325254104767 0.21214788732394366 0.14308053166536355 0.10152582159624414
5 0.6473807662236122 0.2549882629107981 0.1313526192337764 0.10504694835680752
