0 0.5026420079260238 0.8277886497064579 0.15323645970937913 0.14677103718199608
1 0.37219286657859973 0.8140900195694716 0.11162483487450463 0.15557729941291584
2 0.6400264200792602 0.6457925636007827 0.17569352708058125 0.11154598825831702
4 0.7562747688243064 0.5178571428571428 0.13474240422721268 0.1022504892367906
4 0.6017173051519155 0.3681506849315068 0.11096433289299867 0.1267123287671233
4 0.4891017173051519 0.37279843444227 0.11955085865257596 0.1360078277886497
4 0.38110964332893 0.41291585127201563 0.0964332892998679 0.1487279843444227
4 0.28038309114927346 0.4672211350293542 0.09313077939233817 0.09784735812133072
6 0.8163804491413474 0.4016634050880626 0.14398943196829592 0.1487279843444227
6 0.6360634081902246 0.16487279843444225 0.15587846763540292 0.1379647749510763
6 0.47556142668428003 0.14579256360078277 0.13474240422721268 0.1223091976516634
6 0.3226552179656539 0.20058708414872797 0.11690885072655217 0.11545988258317025
6 0.1737120211360634 0.3082191780821918 0.0964332892998679 0.10469667318982387
5 0.2202774108322325 0.40288649706457924 0.08124174372523117 0.06702544031311154
5 0.34478203434610305 0.3216731898238747 0.1202113606340819 0.08268101761252446
5 0.49207397622192867 0.2705479452054794 0.12549537648612946 0.07338551859099804
5 0.6178996036988111 0.2705479452054794 0.1261558784676354 0.08708414872798434
3 0.3312417437252312 0.5484344422700587 0.09313077939233817 0.1223091976516634
3 0.3976221928665786 0.5173679060665362 0.07529722589167767 0.11790606653620352
3 0.47225891677675036 0.4894814090019569 0.09907529722589167 0.1423679060665362
3 0.5670409511228534 0.48507827788649704 0.08388375165125496 0.1560665362035225
