3 0.5544914134742405 0.4794520547945205 0.09180977542932629 0.13013698630136986
3 0.464002642007926 0.4704011741682974 0.08388375165125496 0.1316046966731898
3 0.3857331571994716 0.4823874755381604 0.07793923381770146 0.1360078277886497
3 0.2968956406869221 0.5053816046966731 0.08388375165125496 0.10567514677103718
2 0.5670409511228534 0.6218199608610567 0.15653896961690886 0.08806262230919765
4 0.6892338177014531 0.5384050880626223 0.10766182298546896 0.07974559686888454
4 0.5795904887714664 0.37915851272015655 0.09445178335535007 0.10567514677103718
4 0.4692866578599736 0.36570450097847357 0.09445178335535007 0.11007827788649706
4 0.369550858652576 0.3835616438356164 0.0891677675033025 0.10176125244618395
4 0.2592470277410832 0.4317514677103718 0.08388375165125496 0.07778864970645792
6 0.7833553500660502 0.4574363992172211 0.13474240422721268 0.1095890410958904
6 0.6324306472919419 0.22407045009784735 0.11294583883751651 0.09001956947162426
6 0.47886393659180976 0.16805283757338552 0.10303830911492734 0.08953033268101761
6 0.32793923381770146 0.19593933463796476 0.11294583883751651 0.1022504892367906
6 0.16875825627476881 0.300880626223092 0.09180977542932629 0.08806262230919765
5 0.22424042272126818 0.38380626223091974 0.09973579920739763 0.06996086105675146
5 0.3467635402906209 0.3028375733855186 0.11360634081902246 0.0675146771037182
5 0.4653236459709379 0.27079256360078274 0.11294583883751651 0.07191780821917808
5 0.6162483487450462 0.30161448140900193 0.11360634081902246 0.07778864970645792
1 0.3305812417437252 0.7480430528375733 0.1023778071334214 0.12818003913894324
0 0.44517833553500663 0.7480430528375733 0.14795244385733158 0.13992172211350293
