0 0.4798546895640687 0.8136007827788649 0.14861294583883752 0.15949119373776907
1 0.3629458388375165 0.8089530332681018 0.09180977542932629 0.13747553816046965
2 0.6136063408190224 0.6653620352250489 0.14002642007926025 0.09784735812133072
4 0.7034346103038309 0.559931506849315 0.11096433289299867 0.07974559686888454
4 0.5848745046235139 0.4464285714285714 0.0785997357992074 0.10029354207436399
4 0.4917437252311757 0.4295499021526419 0.08124174372523117 0.09980430528375733
4 0.40389696169088507 0.45132093933463796 0.07992073976221929 0.10029354207436399
4 0.3120871862615588 0.48703522504892366 0.08124174372523117 0.08268101761252446
3 0.3322324966974901 0.5682485322896281 0.083223249669749 0.10909980430528375
3 0.4012549537648613 0.5364481409001957 0.06935270805812417 0.10909980430528375
3 0.47688243064729197 0.5249510763209393 0.07529722589167767 0.11154598825831702
3 0.5690224570673712 0.526908023483366 0.08124174372523117 0.10567514677103718
6 0.7721268163804491 0.4652641878669276 0.10435931307793923 0.11741682974559686
6 0.6370541611624835 0.2720156555772994 0.09180977542932629 0.09882583170254403
6 0.5201453104359313 0.23605675146771035 0.07992073976221929 0.08659491193737769
6 0.41677675033025097 0.2617416829745597 0.08190224570673713 0.09686888454011741
6 0.273778071334214 0.34980430528375733 0.08124174372523117 0.08414872798434442
5 0.2767503302509908 0.42832681017612523 0.06605019815059446 0.052348336594911934
5 0.4081902245706737 0.3664383561643835 0.095112285336856 0.060665362035225046
5 0.5102377807133421 0.3407534246575342 0.08784676354029063 0.06800391389432485
5 0.6254953764861295 0.360812133072407 0.0845442536327609 0.06017612524461839
