5 0.48513870541611626 0.19691780821917806 0.16050198150594452 0.12769080234833657
5 0.3249669749009247 0.23997064579256358 0.14398943196829592 0.11301369863013698
5 0.22688243064729194 0.3140900195694716 0.1406869220607662 0.10665362035225048
5 0.16050198150594452 0.42514677103718196 0.12813738441215325 0.08610567514677103
6 0.8411492734478203 0.29623287671232873 0.19220607661822986 0.17759295499021527
6 0.4210700132100396 0.09026418786692758 0.1763540290620872 0.12181996086105674
6 0.20673712021136065 0.10053816046966732 0.14795244385733158 0.11301369863013698
6 0.12681638044914134 0.1778375733855186 0.14002642007926025 0.13649706457925637
6 0.0667107001321004 0.32583170254403127 0.13210039630118892 0.11839530332681017
4 0.24900924702774108 0.5141878669275929 0.14398943196829592 0.12133072407045009
4 0.3368560105680317 0.4400684931506849 0.13606340819022458 0.13943248532289626
4 0.42701453104359316 0.37206457925636005 0.12351387054161163 0.13943248532289626
4 0.5531704095112285 0.3319471624266145 0.09577278731836196 0.13062622309197652
4 0.8064729194187583 0.4327299412915851 0.12417437252311757 0.13943248532289626
3 0.3276089828269485 0.5836594911937377 0.14398943196829592 0.1095890410958904
3 0.3870541611624835 0.5185909980430528 0.12417437252311757 0.11839530332681017
3 0.464332892998679 0.4635518590998043 0.13606340819022458 0.15117416829745595
3 0.5819022457067371 0.4192759295499021 0.13210039630118892 0.17221135029354206
2 0.7562747688243064 0.6166829745596869 0.13606340819022458 0.15117416829745595
1 0.5571334214002642 0.8818493150684931 0.1525759577278732 0.16878669275929548
0 0.7173051519154557 0.8270547945205479 0.2404227212681638 0.23434442270058709
