0 0.5994055482166446 0.8167808219178082 0.20673712021136065 0.19031311154598823
1 0.45310435931307796 0.836839530332681 0.15323645970937913 0.16389432485322897
2 0.7331571994715984 0.598825831702544 0.178335535006605 0.14285714285714285
3 0.6096433289299868 0.4187866927592955 0.11492734478203434 0.17416829745596868
3 0.5016512549537648 0.44227005870841485 0.12483487450462351 0.14481409001956946
3 0.41248348745046237 0.4931506849315068 0.12219286657859973 0.13405088062622308
3 0.3243064729194188 0.5340019569471623 0.11228533685601057 0.11790606653620352
4 0.7902906208718626 0.42857142857142855 0.13011889035667107 0.12524461839530332
4 0.594782034346103 0.2974559686888454 0.13011889035667107 0.1232876712328767
4 0.4749009247027741 0.32729941291585124 0.14002642007926025 0.12524461839530332
4 0.35865257595772787 0.38258317025440314 0.12285336856010567 0.1232876712328767
4 0.26188903566710703 0.44863013698630133 0.11030383091149273 0.10665362035225048
6 0.8150594451783355 0.2947651663405088 0.14927344782034346 0.17563600782778865
6 0.5617569352708058 0.058463796477495104 0.14200792602377807 0.1267123287671233
6 0.3771466314398943 0.0511252446183953 0.14927344782034346 0.12279843444227005
6 0.22424042272126818 0.1296477495107632 0.13672391017173052 0.13209393346379647
6 0.09214002642007926 0.27641878669275927 0.12747688243064728 0.09980430528375733
5 0.17767503302509907 0.37891389432485323 0.11756935270805813 0.05821917808219178
5 0.3035006605019815 0.2666340508806262 0.12483487450462351 0.08317025440313111
5 0.4296565389696169 0.20034246575342465 0.13672391017173052 0.08170254403131115
5 0.5779392338177014 0.18003913894324852 0.13210039630118892 0.08904109589041095
