5 0.5909980430528375 0.2651915455746367 0.08610567514677103 0.11294583883751651
5 0.4894814090019569 0.24702774108322326 0.07778864970645792 0.11889035667107001
5 0.39970645792563597 0.29953764861294585 0.08610567514677103 0.10501981505944517
5 0.3177592954990215 0.42371202113606343 0.07778864970645792 0.10501981505944517
6 0.26590019569471623 0.3236459709379128 0.08170254403131115 0.13738441215323646
6 0.3786692759295499 0.1595112285336856 0.08806262230919765 0.14332892998678995
6 0.486545988258317 0.10568031704095113 0.09148727984344422 0.13738441215323646
6 0.5927103718199608 0.14002642007926025 0.08953033268101761 0.14795244385733158
6 0.7651663405088063 0.4547556142668428 0.09393346379647749 0.15125495376486128
4 0.5804794520547945 0.3748348745046235 0.07974559686888454 0.15918097754293262
4 0.49241682974559686 0.369550858652576 0.08365949119373776 0.1750330250990753
4 0.4175636007827788 0.42371202113606343 0.08561643835616438 0.1644649933949802
4 0.3542074363992172 0.5072655217965654 0.08806262230919765 0.1215323645970938
3 0.39652641878669276 0.6066710700132101 0.07583170254403131 0.15918097754293262
3 0.44055772994129155 0.5531704095112285 0.06017612524461839 0.15389696169088507
3 0.49241682974559686 0.5194848084544254 0.06409001956947162 0.17239101717305153
3 0.5623776908023483 0.5165125495376486 0.07974559686888454 0.178335535006605
4 0.699119373776908 0.5733157199471598 0.08610567514677103 0.11889035667107001
2 0.6117906066536203 0.6895640686922061 0.10616438356164383 0.13474240422721268
1 0.4515655577299413 0.8979524438573315 0.06947162426614481 0.1644649933949802
0 0.5335127201565557 0.8979524438573315 0.11007827788649706 0.15918097754293262
