0 0.43593130779392336 0.7788649706457925 0.17437252311756934 0.17221135029354206
1 0.31704095112285335 0.7759295499021526 0.10568031704095113 0.1643835616438356
2 0.5762879788639366 0.6103228962818004 0.13540290620871862 0.11790606653620352
4 0.7126816380449141 0.49730919765166337 0.11756935270805813 0.09148727984344422
4 0.5432628797886394 0.3385518590998043 0.09313077939233817 0.12524461839530332
4 0.42932628797886396 0.3461350293542074 0.10171730515191546 0.11301369863013698
4 0.3305812417437252 0.37181996086105673 0.09709379128137384 0.11154598825831702
4 0.24240422721268165 0.42343444227005866 0.10171730515191546 0.09344422700587084
6 0.7780713342140027 0.39652641878669276 0.1202113606340819 0.13258317025440314
6 0.5554821664464994 0.1541095890410959 0.1215323645970938 0.1086105675146771
6 0.4134742404227213 0.11790606653620352 0.11360634081902246 0.10273972602739725
6 0.26585204755614267 0.16903131115459882 0.1380449141347424 0.1022504892367906
6 0.1238441215323646 0.2903620352250489 0.10766182298546896 0.07974559686888454
5 0.18295904887714665 0.3676614481409002 0.09379128137384413 0.06604696673189824
5 0.28632760898282694 0.27984344422700586 0.1155878467635403 0.06457925636007827
5 0.416446499339498 0.2226027397260274 0.09973579920739763 0.07045009784735812
5 0.5564729194187583 0.2519569471624266 0.1155878467635403 0.07827788649706457
3 0.29557463672391016 0.49877690802348335 0.08124174372523117 0.1022504892367906
3 0.35634081902245707 0.4640410958904109 0.08124174372523117 0.09637964774951076
3 0.4395640686922061 0.4432485322896281 0.0772787318361955 0.11154598825831702
3 0.5320343461030383 0.4447162426614481 0.09577278731836196 0.12035225048923678
