0 0.8358652575957728 0.8314579256360077 0.23183619550858653 0.15998043052837574
1 0.6889035667107002 0.9160958904109588 0.13606340819022458 0.12475538160469667
2 0.7939233817701453 0.6284246575342466 0.12945838837516513 0.13551859099804303
3 0.5987450462351387 0.5034246575342466 0.14729194187582562 0.13111545988258316
3 0.4966974900924703 0.5462328767123288 0.15323645970937913 0.11790606653620352
3 0.4438573315719947 0.5978473581213307 0.15323645970937913 0.09784735812133072
3 0.3972919418758256 0.659491193737769 0.15918097754293262 0.0821917808219178
4 0.31638044914134744 0.6073874755381604 0.14134742404227213 0.1022504892367906
4 0.34775429326287977 0.5195694716242661 0.1499339498018494 0.11741682974559686
4 0.4154557463672391 0.45621330724070447 0.14663143989431968 0.12475538160469667
4 0.5432628797886394 0.4050880626223092 0.1261558784676354 0.12426614481409001
4 0.7754293262879789 0.4584148727984344 0.11096433289299867 0.12035225048923678
6 0.7549537648612946 0.3182485322896282 0.16512549537648613 0.15998043052837574
6 0.3781373844121532 0.17930528375733853 0.16842800528401586 0.13551859099804303
6 0.1690885072655218 0.23140900195694714 0.16512549537648613 0.10665362035225048
6 0.09577278731836196 0.3082191780821918 0.15059445178335534 0.11350293542074363
6 0.08058124174372523 0.45303326810176126 0.14398943196829592 0.11350293542074363
5 0.4623513870541612 0.30039138943248533 0.13210039630118892 0.08904109589041095
5 0.2985468956406869 0.3505381604696673 0.13474240422721268 0.08268101761252446
5 0.22919418758256274 0.4317514677103718 0.11096433289299867 0.09344422700587084
5 0.20079260237780713 0.5430528375733855 0.10171730515191546 0.08023483365949119
