5 0.6565389696169088 0.2734833659491194 0.13210039630118892 0.09001956947162426
5 0.4709379128137384 0.25880626223091974 0.14663143989431968 0.08708414872798434
5 0.3084544253632761 0.3131115459882583 0.12813738441215325 0.0949119373776908
5 0.17998678996036988 0.3953033268101761 0.1142668428005284 0.09001956947162426
6 0.14795244385733158 0.2893835616438356 0.11756935270805813 0.13747553816046965
6 0.2638705416116248 0.18615459882583169 0.13936591809775428 0.13258317025440314
6 0.4441875825627477 0.12548923679060664 0.12087186261558784 0.12181996086105674
6 0.6945178335535007 0.17172211350293543 0.11822985468956407 0.12720156555772993
6 0.7777410832232496 0.3818493150684931 0.12483487450462351 0.15313111545988256
4 0.2569352708058124 0.46795499021526415 0.0964332892998679 0.11888454011741682
4 0.34775429326287977 0.4295499021526419 0.08520475561426684 0.13209393346379647
4 0.45673712021136065 0.39652641878669276 0.11030383091149273 0.1296477495107632
4 0.5977542932628798 0.39114481409001955 0.12813738441215325 0.12475538160469667
4 0.7334874504623514 0.5178571428571428 0.12483487450462351 0.13747553816046965
3 0.3051519154557464 0.5643346379647749 0.10700132100396301 0.15313111545988256
3 0.36922060766182296 0.5379158512720156 0.09247027741083223 0.14823874755381605
3 0.44980184940554824 0.5088062622309197 0.0964332892998679 0.15851272015655576
3 0.5568031704095112 0.5088062622309197 0.0964332892998679 0.1643835616438356
2 0.6496036988110965 0.6712328767123288 0.1856010568031704 0.13209393346379647
1 0.34610303830911493 0.8710861056751468 0.11096433289299867 0.12181996086105674
0 0.4798546895640687 0.860812133072407 0.2001321003963012 0.12475538160469667
