1 0.3137254901960784 0.7612840466926071 0.09803921568627451 0.17003891050583658
0 0.4264705882352941 0.7620622568093386 0.17058823529411765 0.17859922178988327
2 0.5789215686274509 0.6433852140077821 0.19215686274509802 0.10077821011673152
4 0.7147058823529412 0.5712062256809339 0.12254901960784313 0.09727626459143969
4 0.6058823529411764 0.36322957198443584 0.09803921568627451 0.11478599221789884
4 0.49950980392156863 0.3354085603112841 0.08725490196078431 0.13618677042801558
4 0.4 0.35272373540856033 0.08725490196078431 0.11867704280155643
4 0.2926470588235294 0.3949416342412452 0.10098039215686275 0.10817120622568094
3 0.325 0.47821011673151753 0.07352941176470588 0.14474708171206227
3 0.40147058823529413 0.45466926070038916 0.07058823529411765 0.13813229571984437
3 0.4860294117647059 0.44241245136186774 0.07892156862745098 0.1688715953307393
3 0.5838235294117647 0.44124513618677047 0.08431372549019608 0.13618677042801558
6 0.8154411764705882 0.4900778210116732 0.1602941176470588 0.11245136186770428
6 0.7227941176470588 0.17217898832684825 0.10637254901960784 0.11245136186770428
6 0.5485294117647058 0.11167315175097277 0.11666666666666667 0.11673151750972763
6 0.38504901960784316 0.13229571984435798 0.10637254901960784 0.11439688715953308
6 0.17279411764705882 0.243579766536965 0.11715686274509804 0.09494163424124515
5 0.23823529411764705 0.32217898832684827 0.09803921568627451 0.08015564202334631
5 0.3838235294117647 0.25447470817120627 0.11470588235294117 0.07782101167315175
5 0.5240196078431373 0.2359922178988327 0.10588235294117647 0.08443579766536966
5 0.6642156862745098 0.2651750972762646 0.10882352941176471 0.0953307392996109
