0 0.535336856010568 0.8209393346379648 0.18956406869220607 0.18003913894324852
1 0.39597093791281374 0.8263209393346379 0.12483487450462351 0.16927592954990214
2 0.6958388375165125 0.6223091976516634 0.1499339498018494 0.13992172211350293
3 0.6261558784676354 0.44129158512720157 0.10700132100396301 0.16144814090019569
3 0.5191545574636725 0.44936399217221135 0.0964332892998679 0.16682974559686886
3 0.4319682959048877 0.4640410958904109 0.0964332892998679 0.13747553816046965
3 0.34940554821664466 0.5009784735812133 0.09247027741083223 0.1506849315068493
4 0.7962351387054161 0.47455968688845396 0.10766182298546896 0.11937377690802348
4 0.6297886393659181 0.32778864970645794 0.1142668428005284 0.13992172211350293
4 0.5102377807133421 0.324853228962818 0.12483487450462351 0.1506849315068493
4 0.40290620871862615 0.35518590998043054 0.1215323645970938 0.1506849315068493
4 0.30878467635402906 0.4055772994129158 0.1142668428005284 0.11643835616438356
6 0.8636063408190224 0.35004892367906065 0.15389696169088507 0.17465753424657532
6 0.6172391017173051 0.10298434442270057 0.13936591809775428 0.1404109589041096
6 0.4494715984147952 0.05821917808219178 0.13936591809775428 0.12915851272015655
6 0.2638705416116248 0.12010763209393346 0.13936591809775428 0.1423679060665362
6 0.17272126816380448 0.23385518590998042 0.1287978863936592 0.12720156555772993
5 0.6281373844121533 0.2272504892367906 0.1571994715984148 0.09540117416829745
5 0.4798546895640687 0.20596868884540115 0.13540290620871862 0.1086105675146771
5 0.3282694848084544 0.2482876712328767 0.11756935270805813 0.09246575342465753
5 0.23910171730515192 0.32607632093933464 0.10700132100396301 0.09246575342465753
