6 0.29095112285336855 0.25391389432485323 0.1142668428005284 0.10665362035225048
6 0.42767503302509907 0.12035225048923678 0.10501981505944517 0.12035225048923678
6 0.5369881109643329 0.0648238747553816 0.1202113606340819 0.1159491193737769
6 0.6991413474240423 0.11374755381604695 0.1142668428005284 0.11105675146771037
6 0.8536988110964333 0.32729941291585124 0.11690885072655217 0.14677103718199608
5 0.33322324966974903 0.3593444227005871 0.1261558784676354 0.07778864970645792
5 0.4471598414795244 0.2617416829745597 0.1202113606340819 0.09099804305283757
5 0.5551519154557464 0.21037181996086105 0.1380449141347424 0.0958904109589041
5 0.6918758256274768 0.2336105675146771 0.1287978863936592 0.1022504892367906
4 0.3718626155878468 0.4263698630136986 0.10171730515191546 0.11790606653620352
4 0.46499339498018494 0.3559197651663405 0.1083223249669749 0.15117416829745595
4 0.5640686922060766 0.3304794520547945 0.1083223249669749 0.13551859099804303
4 0.678335535006605 0.3304794520547945 0.11096433289299867 0.14921722113502933
4 0.8117569352708058 0.4518101761252446 0.13210039630118892 0.1286692759295499
3 0.4002642007926024 0.5151663405088063 0.08718626155878467 0.1360078277886497
3 0.4801849405548217 0.473825831702544 0.10171730515191546 0.15117416829745595
3 0.559445178335535 0.4430039138943248 0.11096433289299867 0.15998043052837574
3 0.6631439894319683 0.4430039138943248 0.11360634081902246 0.15998043052837574
2 0.7239101717305152 0.6071428571428571 0.17305151915455746 0.12524461839530332
1 0.4438573315719947 0.8109099804305283 0.13210039630118892 0.16682974559686886
0 0.5819022457067371 0.8079745596868884 0.17965653896961692 0.19324853228962818
