0 0.5085865257595773 0.7402152641878669 0.18229854689564068 0.15851272015655576
1 0.36922060766182296 0.7429060665362035 0.12813738441215325 0.1453033268101761
2 0.6529062087186261 0.6000489236790606 0.1856010568031704 0.11105675146771037
3 0.6155878467635403 0.4452054794520548 0.11096433289299867 0.15851272015655576
3 0.5171730515191546 0.4361545988258317 0.10700132100396301 0.16389432485322897
3 0.4263540290620872 0.43860078277886494 0.08520475561426684 0.1296477495107632
3 0.3497357992073976 0.47969667318982384 0.0891677675033025 0.1267123287671233
4 0.7566050198150595 0.5085616438356164 0.12087186261558784 0.09246575342465753
4 0.6456406869220608 0.35518590998043054 0.1023778071334214 0.1095890410958904
4 0.5379788639365918 0.33757338551859095 0.09709379128137384 0.10567514677103718
4 0.417107001321004 0.35665362035225046 0.09709379128137384 0.11154598825831702
4 0.31010568031704094 0.4156066536203522 0.09445178335535007 0.09344422700587084
6 0.8536988110964333 0.423679060665362 0.14597093791281374 0.11350293542074363
6 0.7044253632760898 0.17294520547945205 0.09709379128137384 0.10420743639921722
6 0.6086525759577279 0.12402152641878669 0.09973579920739763 0.11007827788649706
6 0.37912813738441214 0.14114481409001955 0.10303830911492734 0.11203522504892367
6 0.17701453104359313 0.2720156555772994 0.11360634081902246 0.09393346379647749
5 0.2559445178335535 0.3578767123287671 0.10501981505944517 0.08365949119373776
5 0.3953104359313078 0.2526908023483366 0.11822985468956407 0.07191780821917808
5 0.5726552179656539 0.2326320939334638 0.10700132100396301 0.07974559686888454
5 0.6839498018494056 0.26785714285714285 0.10766182298546896 0.08953033268101761
