2 0.619881109643329 0.6298923679060665 0.20409511228533686 0.12769080234833657
3 0.5568031704095112 0.44716242661448136 0.10303830911492734 0.15557729941291584
3 0.4534346103038309 0.44789628180039137 0.09841479524438573 0.1678082191780822
3 0.36756935270805813 0.4728473581213307 0.09180977542932629 0.13454011741682975
3 0.2790620871862616 0.5068493150684932 0.11162483487450463 0.15949119373776907
4 0.7572655217965654 0.5058708414872798 0.12747688243064728 0.10763209393346379
4 0.5924702774108322 0.33757338551859095 0.12945838837516513 0.14285714285714285
4 0.45277410832232495 0.33096868884540115 0.1142668428005284 0.1423679060665362
4 0.3414795244385733 0.36007827788649704 0.11624834874504623 0.14090019569471623
4 0.23183619550858653 0.40655577299412915 0.11624834874504623 0.11741682974559686
6 0.8665785997357992 0.4006849315068493 0.16380449141347425 0.1360078277886497
6 0.7054161162483488 0.1286692759295499 0.1096433289299868 0.11252446183953033
6 0.4501321003963012 0.07558708414872797 0.12747688243064728 0.12573385518590996
6 0.27410832232496696 0.1259784735812133 0.12549537648612946 0.12769080234833657
6 0.09346103038309116 0.2526908023483366 0.1406869220607662 0.11790606653620352
5 0.166776750330251 0.3390410958904109 0.10766182298546896 0.08610567514677103
5 0.2968956406869221 0.2514677103718199 0.12087186261558784 0.07925636007827788
5 0.452443857331572 0.20914872798434442 0.13210039630118892 0.08463796477495107
5 0.6509247027741083 0.2301859099804305 0.12747688243064728 0.10616438356164383
1 0.2823645970937913 0.7681017612524461 0.14597093791281374 0.1506849315068493
0 0.4217305151915456 0.7881604696673189 0.21070013210039631 0.17221135029354206
