0 0.5825627476882431 0.648972602739726 0.12945838837516513 0.11986301369863013
1 0.47357992073976224 0.6626712328767123 0.0977542932628798 0.1286692759295499
2 0.6961690885072656 0.5056262230919765 0.166446499339498 0.1159491193737769
3 0.594782034346103 0.36350293542074363 0.10501981505944517 0.15362035225048923
3 0.5006605019815059 0.3679060665362035 0.10303830911492734 0.14481409001956946
3 0.4233817701453104 0.39261252446183953 0.095112285336856 0.11399217221135029
3 0.36723910171730517 0.44055772994129155 0.09114927344782034 0.10909980430528375
4 0.8001981505944518 0.4324853228962818 0.1023778071334214 0.0684931506849315
6 0.8946499339498019 0.36521526418786693 0.13408190224570674 0.09344422700587084
4 0.5967635402906208 0.263454011741683 0.11162483487450463 0.1296477495107632
4 0.47291941875825627 0.27152641878669276 0.11360634081902246 0.12426614481409001
4 0.3771466314398943 0.3184931506849315 0.10039630118890357 0.09882583170254403
4 0.3038309114927345 0.3935909980430528 0.10568031704095113 0.05626223091976516
5 0.6063408190224571 0.18542074363992173 0.1083223249669749 0.07045009784735812
5 0.44517833553500663 0.18126223091976515 0.11360634081902246 0.07289628180039139
5 0.3058124174372523 0.24266144814090018 0.083223249669749 0.06653620352250489
5 0.2308454425363276 0.37010763209393344 0.07199471598414796 0.048434442270058706
6 0.15389696169088507 0.324853228962818 0.10435931307793923 0.0675146771037182
6 0.6116248348745046 0.10200587084148727 0.10435931307793923 0.09931506849315068
6 0.4035667107001321 0.07925636007827788 0.11889035667107001 0.09784735812133072
6 0.24966974900924702 0.1607142857142857 0.11360634081902246 0.08953033268101761
