5 0.6099735799207398 0.2840019569471624 0.1023778071334214 0.08365949119373776
5 0.4801849405548217 0.25978473581213307 0.11624834874504623 0.09393346379647749
5 0.3560105680317041 0.2913405088062622 0.11624834874504623 0.08170254403131115
5 0.25726552179656537 0.360812133072407 0.09180977542932629 0.07583170254403131
6 0.6218626155878467 0.18590998043052837 0.11294583883751651 0.11350293542074363
6 0.7859973579920739 0.4006849315068493 0.12417437252311757 0.13209393346379647
6 0.45739762219286656 0.13087084148727984 0.11822985468956407 0.11986301369863013
6 0.32926023778071334 0.18003913894324852 0.12087186261558784 0.11350293542074363
6 0.21631439894319685 0.28180039138943247 0.09973579920739763 0.10567514677103718
4 0.594782034346103 0.37573385518590996 0.10766182298546896 0.13405088062622308
4 0.48282694848084545 0.3676614481409002 0.11096433289299867 0.12181996086105674
4 0.39002642007926025 0.38772015655577297 0.11294583883751651 0.11790606653620352
4 0.3048216644649934 0.4344422700587084 0.08388375165125496 0.10763209393346379
4 0.7282034346103038 0.4946183953033268 0.10501981505944517 0.0958904109589041
3 0.3319022457067371 0.5222602739726027 0.08388375165125496 0.12769080234833657
3 0.4058784676354029 0.4995107632093933 0.1023778071334214 0.13013698630136986
3 0.4775429326287979 0.4823874755381604 0.083223249669749 0.15557729941291584
3 0.584214002642008 0.47162426614481406 0.08652575957727873 0.149706457925636
2 0.6337516512549538 0.6340508806262231 0.18031704095112286 0.09980430528375733
1 0.36360634081902243 0.7935420743639922 0.09445178335535007 0.15166340508806261
0 0.4815059445178336 0.8021037181996086 0.15587846763540292 0.16389432485322897
