0 0.5072655217965654 0.886986301369863 0.18494055482166447 0.15655577299412915
1 0.37846763540290623 0.8698630136986301 0.11889035667107001 0.14677103718199608
2 0.655217965653897 0.7189334637964775 0.15191545574636725 0.12475538160469667
3 0.642668428005284 0.545743639921722 0.10568031704095113 0.14921722113502933
3 0.5336856010568032 0.5322896281800391 0.09907529722589167 0.13209393346379647
3 0.44451783355350066 0.5616438356164384 0.09247027741083223 0.12720156555772993
3 0.3619550858652576 0.5873287671232876 0.09247027741083223 0.1149706457925636
4 0.7592470277410832 0.5917318982387475 0.10898282694848084 0.11007827788649706
4 0.655217965653897 0.43884540117416826 0.11889035667107001 0.13209393346379647
4 0.5336856010568032 0.43688845401174164 0.10568031704095113 0.1223091976516634
4 0.4296565389696169 0.46624266144814086 0.09577278731836196 0.1223091976516634
4 0.33553500660501984 0.5017123287671232 0.09247027741083223 0.11007827788649706
5 0.30250990752972257 0.4209882583170254 0.10568031704095113 0.07583170254403131
5 0.4131439894319683 0.36350293542074363 0.1023778071334214 0.08317025440313111
5 0.5287318361955086 0.3182485322896282 0.1023778071334214 0.07093933463796477
5 0.6773447820343461 0.3402641878669276 0.1155878467635403 0.08561643835616438
6 0.666776750330251 0.23581213307240703 0.1155878467635403 0.1223091976516634
6 0.8622853368560106 0.4784735812133072 0.15521796565389695 0.13209393346379647
6 0.5254293262879789 0.19104696673189822 0.1287978863936592 0.12475538160469667
6 0.38837516512549536 0.23140900195694714 0.13210039630118892 0.13209393346379647
6 0.2595772787318362 0.3390410958904109 0.10568031704095113 0.11741682974559686
