6 0.21400264200792601 0.23385518590998042 0.11096433289299867 0.12133072407045009
6 0.40686922060766184 0.11056751467710371 0.10568031704095113 0.11741682974559686
6 0.570673712021136 0.0675146771037182 0.10568031704095113 0.11741682974559686
6 0.750330250990753 0.13013698630136986 0.10568031704095113 0.1095890410958904
6 0.845442536327609 0.3473581213307241 0.13738441215323646 0.14481409001956946
5 0.2774108322324967 0.312133072407045 0.08982826948480846 0.06653620352250489
5 0.41743725231175693 0.2299412915851272 0.11624834874504623 0.09001956947162426
5 0.5521796565389696 0.1888454011741683 0.1215323645970938 0.07827788649706457
5 0.7080581241743725 0.23385518590998042 0.11624834874504623 0.09001956947162426
4 0.33553500660501984 0.3747553816046967 0.11096433289299867 0.09784735812133072
4 0.4438573315719947 0.3414872798434442 0.095112285336856 0.10176125244618395
4 0.5442536327608983 0.3199608610567515 0.10568031704095113 0.10567514677103718
4 0.6578599735799208 0.33757338551859095 0.10039630118890357 0.11741682974559686
4 0.774108322324967 0.45890410958904104 0.11096433289299867 0.10176125244618395
3 0.3751651254953765 0.45303326810176126 0.095112285336856 0.136986301369863
3 0.4464993394980185 0.4217221135029354 0.07926023778071334 0.136986301369863
3 0.5310435931307794 0.4021526418786693 0.08982826948480846 0.136986301369863
3 0.6261558784676354 0.4207436399217221 0.08982826948480846 0.136986301369863
2 0.6763540290620872 0.5831702544031311 0.21136063408190225 0.12524461839530332
1 0.380449141347424 0.7211350293542074 0.11624834874504623 0.12524461839530332
0 0.5019815059445178 0.7407045009784735 0.17965653896961692 0.15655577299412915
