1 0.38110964332893 0.8167808219178082 0.10435931307793923 0.1570450097847358
0 0.511889035667107 0.8402641878669276 0.19154557463672392 0.15998043052837574
2 0.6922060766182299 0.6298923679060665 0.14398943196829592 0.1541095890410959
4 0.7830250990752973 0.4931506849315068 0.10766182298546896 0.10176125244618395
4 0.6538969616908851 0.37353228962818 0.12417437252311757 0.11790606653620352
4 0.53665785997358 0.3725538160469667 0.09973579920739763 0.11986301369863013
4 0.4369220607661823 0.3935909980430528 0.09973579920739763 0.1296477495107632
4 0.3381770145310436 0.4400684931506849 0.10303830911492734 0.10812133072407044
3 0.35634081902245707 0.5320450097847358 0.09973579920739763 0.12769080234833657
3 0.44749009247027743 0.4975538160469667 0.09445178335535007 0.11350293542074363
3 0.535336856010568 0.4843444227005871 0.09180977542932629 0.13992172211350293
3 0.6396961690885072 0.48043052837573386 0.1023778071334214 0.14383561643835616
5 0.30085865257595773 0.36863992172211346 0.11822985468956407 0.07974559686888454
5 0.4223910171730515 0.29867906066536204 0.10766182298546896 0.07974559686888454
5 0.53665785997358 0.2548923679060665 0.11030383091149273 0.09197651663405088
5 0.678335535006605 0.27788649706457924 0.13474240422721268 0.08610567514677103
6 0.8589828269484808 0.39970645792563597 0.16710700132100395 0.13013698630136986
6 0.6865918097754293 0.16487279843444225 0.11822985468956407 0.10371819960861056
6 0.5274108322324967 0.12402152641878669 0.13540290620871862 0.11399217221135029
6 0.41842800528401586 0.1570450097847358 0.11030383091149273 0.12818003913894324
6 0.2820343461030383 0.2568493150684931 0.11889035667107001 0.11154598825831702
