6 0.8457727873183619 0.3830724070450098 0.16050198150594452 0.1086105675146771
6 0.678005284015852 0.12793542074363992 0.1036988110964333 0.09540117416829745
6 0.5138705416116248 0.07901174168297456 0.11756935270805813 0.10812133072407044
6 0.3996036988110964 0.10812133072407044 0.11756935270805813 0.11350293542074363
6 0.2513210039630119 0.20474559686888452 0.09973579920739763 0.10616438356164383
5 0.27642007926023776 0.2947651663405088 0.09973579920739763 0.06604696673189824
5 0.39597093791281374 0.22847358121330724 0.1036988110964333 0.07436399217221135
5 0.5085865257595773 0.2062133072407045 0.10700132100396301 0.07681017612524461
5 0.6406869220607662 0.2272504892367906 0.10700132100396301 0.08170254403131115
4 0.31010568031704094 0.37915851272015655 0.0891677675033025 0.10078277886497064
4 0.39597093791281374 0.3461350293542074 0.09577278731836196 0.10322896281800391
4 0.4907529722589168 0.3184931506849315 0.08586525759577279 0.10078277886497064
4 0.5961030383091149 0.33292563600782776 0.1036988110964333 0.11399217221135029
4 0.7453764861294584 0.4652641878669276 0.12087186261558784 0.09001956947162426
3 0.3282694848084544 0.4586594911937377 0.0964332892998679 0.11105675146771037
3 0.3939894319682959 0.42685909980430525 0.0785997357992074 0.12181996086105674
3 0.47291941875825627 0.412426614481409 0.08586525759577279 0.12426614481409001
3 0.5782694848084544 0.4163405088062622 0.0891677675033025 0.13209393346379647
2 0.619220607661823 0.5711839530332681 0.13936591809775428 0.09540117416829745
1 0.3725231175693527 0.7377690802348336 0.1215323645970938 0.1506849315068493
0 0.4976882430647292 0.7189334637964775 0.1499339498018494 0.16389432485322897
