1 0.4105392156862745 0.7297665369649806 0.07401960784313726 0.1038910505836576
0 0.4906862745098039 0.7260700389105059 0.10392156862745097 0.13929961089494164
2 0.580392156862745 0.5964980544747082 0.1303921568627451 0.07081712062256809
3 0.5367647058823529 0.4998054474708172 0.07745098039215687 0.12490272373540857
3 0.46544117647058825 0.48307392996108955 0.0769607843137255 0.12023346303501946
3 0.40465686274509804 0.5033073929961089 0.056372549019607844 0.09922178988326849
3 0.3541666666666667 0.5245136186770428 0.056372549019607844 0.09416342412451363
4 0.6666666666666666 0.53715953307393 0.07745098039215687 0.07276264591439689
4 0.5470588235294117 0.41011673151750977 0.06862745098039216 0.08715953307392997
4 0.4519607843137255 0.4019455252918288 0.08627450980392157 0.09416342412451363
4 0.3747549019607843 0.4266536964980545 0.07401960784313726 0.08754863813229573
4 0.3139705882352941 0.46556420233463036 0.06519607843137255 0.06108949416342413
5 0.5769607843137254 0.3476653696498055 0.08627450980392157 0.06108949416342413
5 0.44166666666666665 0.3299610894941635 0.10098039215686275 0.07315175097276265
5 0.3333333333333333 0.3618677042801557 0.08039215686274509 0.06147859922178989
5 0.2698529411764706 0.43015564202334633 0.07401960784313726 0.06342412451361869
6 0.7416666666666667 0.48093385214007783 0.10686274509803921 0.08249027237354087
6 0.596078431372549 0.26867704280155646 0.0892156862745098 0.09221789883268483
6 0.4196078431372549 0.23929961089494164 0.09215686274509804 0.08949416342412451
6 0.2857843137254902 0.2863813229571985 0.10980392156862745 0.08949416342412451
6 0.21887254901960784 0.3793774319066148 0.0946078431372549 0.09182879377431907
