6 0.6472919418758256 0.14090019569471623 0.13210039630118892 0.12524461839530332
6 0.47820343461030385 0.10273972602739725 0.13210039630118892 0.14090019569471623
6 0.33553500660501984 0.14383561643835616 0.11096433289299867 0.12133072407045009
6 0.12945838837516513 0.2573385518590998 0.1215323645970938 0.12915851272015655
6 0.8745046235138706 0.4090019569471624 0.13210039630118892 0.12915851272015655
5 0.35402906208718626 0.2651663405088063 0.11624834874504623 0.09001956947162426
5 0.47556142668428003 0.22602739726027396 0.10568031704095113 0.07436399217221135
5 0.6208718626155878 0.2514677103718199 0.11096433289299867 0.09393346379647749
5 0.21136063408190225 0.35322896281800387 0.095112285336856 0.09393346379647749
4 0.2774108322324967 0.4383561643835616 0.11096433289299867 0.12524461839530332
4 0.36988110964332893 0.37084148727984345 0.095112285336856 0.136986301369863
4 0.47820343461030385 0.34344422700587085 0.08982826948480846 0.136986301369863
4 0.607661822985469 0.3512720156555773 0.11624834874504623 0.136986301369863
4 0.7793923381770146 0.5039138943248532 0.13210039630118892 0.11350293542074363
3 0.309114927344782 0.5254403131115459 0.10039630118890357 0.13307240704500978
3 0.38309114927344784 0.4765166340508806 0.08982826948480846 0.11350293542074363
3 0.47291941875825627 0.45890410958904104 0.08982826948480846 0.15655577299412915
3 0.5759577278731837 0.46281800391389427 0.095112285336856 0.14090019569471623
2 0.665785997357992 0.6301369863013698 0.15852047556142668 0.1095890410958904
1 0.39365918097754293 0.8131115459882583 0.13210039630118892 0.16046966731898238
0 0.5151915455746368 0.7857142857142857 0.18494055482166447 0.1917808219178082
