5 0.22985468956406868 0.4549902152641878 0.08982826948480846 0.06262230919765166
5 0.34610303830911493 0.3669275929549902 0.10039630118890357 0.0821917808219178
5 0.48877146631439894 0.3238747553816047 0.11096433289299867 0.07436399217221135
5 0.6208718626155878 0.3414872798434442 0.1215323645970938 0.09393346379647749
6 0.15323645970937913 0.38649706457925637 0.11624834874504623 0.0821917808219178
6 0.31968295904887717 0.2592954990215264 0.10039630118890357 0.09393346379647749
6 0.4808454425363276 0.20841487279843443 0.11624834874504623 0.11741682974559686
6 0.6472919418758256 0.2534246575342466 0.11096433289299867 0.10567514677103718
6 0.8718626155878467 0.5215264187866927 0.13738441215323646 0.12524461839530332
4 0.28797886393659183 0.509784735812133 0.11096433289299867 0.08610567514677103
4 0.38309114927344784 0.45890410958904104 0.08982826948480846 0.1095890410958904
4 0.48348745046235136 0.43150684931506844 0.08982826948480846 0.10176125244618395
4 0.5997357992073976 0.43542074363992167 0.08982826948480846 0.10176125244618395
4 0.760898282694848 0.5919765166340508 0.11624834874504623 0.10176125244618395
3 0.33025099075297226 0.5821917808219178 0.08982826948480846 0.12915851272015655
3 0.404227212681638 0.5489236790606653 0.07926023778071334 0.13307240704500978
3 0.4808454425363276 0.5254403131115459 0.0845442536327609 0.12524461839530332
3 0.5733157199471598 0.5303326810176126 0.08982826948480846 0.14481409001956946
2 0.6129458388375165 0.697651663405088 0.13738441215323646 0.09393346379647749
1 0.36723910171730517 0.8307240704500978 0.10039630118890357 0.13307240704500978
0 0.4914134742404227 0.834637964774951 0.15852047556142668 0.15655577299412915
