0 0.5046235138705416 0.7954990215264187 0.1215323645970938 0.13307240704500978
1 0.40158520475561427 0.7915851272015655 0.0845442536327609 0.11741682974559686
2 0.6050198150594451 0.6340508806262231 0.1215323645970938 0.09393346379647749
3 0.35535006605019814 0.5885518590998042 0.0726552179656539 0.10763209393346379
3 0.416446499339498 0.5543052837573386 0.06274768824306473 0.09784735812133072
3 0.4808454425363276 0.5298434442270058 0.06605019815059446 0.10763209393346379
3 0.558454425363276 0.512720156555773 0.06935270805812417 0.11252446183953033
4 0.6988110964332893 0.5281311154598826 0.09247027741083223 0.08072407045009784
4 0.32397622192866576 0.512720156555773 0.06274768824306473 0.07827788649706457
4 0.40158520475561427 0.4809197651663405 0.06605019815059446 0.07827788649706457
4 0.47919418758256277 0.44789628180039137 0.06935270805812417 0.08561643835616438
4 0.5683619550858653 0.4381115459882583 0.08256274768824307 0.09050880626223091
6 0.7516512549537648 0.4430039138943248 0.12549537648612946 0.10518590998043052
6 0.5898282694848085 0.2632093933463796 0.08586525759577279 0.08806262230919765
6 0.4775429326287979 0.24241682974559686 0.09247027741083223 0.09540117416829745
6 0.38011889035667107 0.2925636007827789 0.08256274768824307 0.08806262230919765
6 0.285997357992074 0.39285714285714285 0.07926023778071334 0.07827788649706457
5 0.2992073976221929 0.46501956947162426 0.08586525759577279 0.05136986301369863
5 0.38507265521796563 0.38918786692759294 0.07926023778071334 0.06604696673189824
5 0.47424042272126815 0.3476027397260274 0.09907529722589167 0.0611545988258317
5 0.5875165125495376 0.3507827788649706 0.1023778071334214 0.0684931506849315
