5 0.6387054161162483 0.3250978473581213 0.11756935270805813 0.08170254403131115
5 0.5191545574636725 0.30014677103718196 0.10700132100396301 0.08463796477495107
5 0.3870541611624835 0.33170254403131116 0.11360634081902246 0.07436399217221135
5 0.26023778071334214 0.4043542074363992 0.10700132100396301 0.08463796477495107
6 0.21565389696169088 0.32363013698630133 0.10766182298546896 0.09540117416829745
6 0.38375165125495375 0.22040117416829744 0.10700132100396301 0.11105675146771037
6 0.5369881109643329 0.18224070450097846 0.10039630118890357 0.10812133072407044
6 0.6690885072655218 0.24315068493150682 0.10700132100396301 0.09784735812133072
6 0.7724570673712021 0.4520547945205479 0.1142668428005284 0.12426614481409001
4 0.30317040951122853 0.4809197651663405 0.08982826948480846 0.1086105675146771
4 0.3834214002642008 0.44129158512720157 0.0785997357992074 0.12426614481409001
4 0.49042272126816383 0.4190313111545988 0.09313077939233817 0.12181996086105674
4 0.5924702774108322 0.4307729941291585 0.0964332892998679 0.11399217221135029
3 0.32463672391017173 0.5709393346379648 0.08520475561426684 0.14285714285714285
3 0.39365918097754293 0.5393835616438356 0.06737120211360634 0.13747553816046965
3 0.47457067371202116 0.5220156555772993 0.08256274768824307 0.14285714285714285
3 0.5690224570673712 0.5352250489236791 0.09973579920739763 0.16927592954990214
4 0.7031043593130779 0.5604207436399217 0.11030383091149273 0.10322896281800391
2 0.6030383091149274 0.6834637964774951 0.142668428005284 0.09784735812133072
1 0.35303830911492734 0.8446673189823874 0.0891677675033025 0.1267123287671233
0 0.46367239101717306 0.8380626223091976 0.14663143989431968 0.14579256360078277
