0 0.4778731836195509 0.8449119373776908 0.19616908850726553 0.19569471624266144
1 0.34610303830911493 0.8194716242661447 0.0964332892998679 0.1506849315068493
2 0.6529062087186261 0.6448140900195695 0.1499339498018494 0.13209393346379647
3 0.30647291941875826 0.548679060665362 0.0964332892998679 0.17465753424657532
3 0.38540290620871864 0.5034246575342466 0.1036988110964333 0.14285714285714285
3 0.4692866578599736 0.4704011741682974 0.09973579920739763 0.1560665362035225
3 0.5799207397622193 0.4664872798434442 0.09247027741083223 0.1590019569471624
4 0.7526420079260238 0.5100293542074363 0.12087186261558784 0.11105675146771037
4 0.5977542932628798 0.348825831702544 0.10039630118890357 0.12915851272015655
4 0.47820343461030385 0.3542074363992172 0.11096433289299867 0.1350293542074364
4 0.36393659180977544 0.3962818003913894 0.11096433289299867 0.12426614481409001
4 0.26221928665786 0.46110567514677103 0.10700132100396301 0.10029354207436399
6 0.8404887714663144 0.39236790606653615 0.19220607661822986 0.15851272015655576
6 0.6743725231175693 0.12524461839530332 0.13210039630118892 0.11643835616438356
6 0.476221928665786 0.09099804305283757 0.1215323645970938 0.12133072407045009
6 0.30317040951122853 0.14505870841487278 0.14663143989431968 0.1296477495107632
6 0.10303830911492734 0.2906066536203522 0.13210039630118892 0.1086105675146771
5 0.19583883751651254 0.3884540117416829 0.1036988110964333 0.07632093933463796
5 0.3404887714663144 0.2786203522504892 0.13540290620871862 0.08463796477495107
5 0.47424042272126815 0.22040117416829744 0.13210039630118892 0.08463796477495107
5 0.6278071334214003 0.24584148727984342 0.12483487450462351 0.09246575342465753
