5 0.23877146631439894 0.3287671232876712 0.09973579920739763 0.0949119373776908
5 0.35468956406869223 0.22798434442270057 0.14002642007926025 0.10665362035225048
5 0.5389696169088507 0.2000978473581213 0.15587846763540292 0.09784735812133072
5 0.7252311756935271 0.2519569471624266 0.1202113606340819 0.11252446183953033
6 0.7572655217965654 0.137720156555773 0.11955085865257596 0.12769080234833657
6 0.5369881109643329 0.062133072407045006 0.13606340819022458 0.12426614481409001
6 0.2846763540290621 0.11252446183953033 0.13606340819022458 0.12426614481409001
6 0.154557463672391 0.24143835616438356 0.11624834874504623 0.11007827788649706
6 0.9273447820343461 0.4430039138943248 0.15587846763540292 0.13943248532289626
4 0.2939233817701453 0.4001956947162426 0.1083223249669749 0.10371819960861056
4 0.40686922060766184 0.36007827788649704 0.11624834874504623 0.12133072407045009
4 0.5369881109643329 0.3319471624266145 0.1202113606340819 0.12475538160469667
4 0.6664464993394981 0.34809197651663404 0.12417437252311757 0.13062622309197652
3 0.32694848084544254 0.5036692759295499 0.1083223249669749 0.15998043052837574
3 0.42899603698811095 0.4637964774951076 0.08784676354029063 0.15753424657534246
3 0.5191545574636725 0.43860078277886494 0.10039630118890357 0.1541095890410959
3 0.6231836195508587 0.4518101761252446 0.10766182298546896 0.1570450097847358
4 0.8163804491413474 0.5332681017612524 0.14398943196829592 0.1095890410958904
2 0.6813077939233818 0.6413894324853229 0.23183619550858653 0.11252446183953033
1 0.3368560105680317 0.807729941291585 0.1202113606340819 0.19275929549902152
0 0.48513870541611626 0.8209393346379648 0.16842800528401586 0.20156555772994128
