0 0.5259803921568628 0.8118677042801556 0.153921568627451 0.166147859922179
1 0.4279411764705882 0.8151750972762647 0.06862745098039216 0.14007782101167315
2 0.6338235294117647 0.6595330739299612 0.13431372549019607 0.10894941634241245
3 0.575 0.5231517509727627 0.08823529411764705 0.13735408560311285
3 0.5031862745098039 0.532295719844358 0.075 0.12996108949416343
3 0.4409313725490196 0.5529182879377432 0.075 0.10894941634241245
3 0.38553921568627453 0.5803501945525292 0.062254901960784315 0.11167315175097277
4 0.6990196078431372 0.5394941634241246 0.09803921568627451 0.09844357976653698
4 0.5767156862745098 0.42976653696498057 0.08480392156862746 0.10622568093385215
4 0.4980392156862745 0.43618677042801557 0.0784313725490196 0.0933852140077821
4 0.4245098039215686 0.4700389105058366 0.06862745098039216 0.09883268482490273
4 0.3495098039215686 0.5167315175097277 0.08823529411764705 0.07237354085603113
6 0.7612745098039215 0.4492217898832685 0.11470588235294117 0.1038910505836576
6 0.5946078431372549 0.25719844357976657 0.08823529411764705 0.0933852140077821
6 0.48504901960784313 0.2379377431906615 0.09166666666666666 0.09610894941634242
6 0.3610294117647059 0.28326848249027237 0.09166666666666666 0.09883268482490273
6 0.21544117647058822 0.3922178988326849 0.1142156862745098 0.09883268482490273
5 0.29362745098039217 0.4719844357976654 0.08137254901960785 0.06770428015564203
5 0.39044117647058824 0.3830739299610895 0.09166666666666666 0.06498054474708172
5 0.4786764705882353 0.3455252918287938 0.09166666666666666 0.0622568093385214
5 0.5848039215686275 0.33657587548638135 0.08823529411764705 0.07003891050583658
