5 0.2334874504623514 0.3725538160469667 0.09973579920739763 0.08170254403131115
5 0.3319022457067371 0.25513698630136983 0.12483487450462351 0.08463796477495107
5 0.46036988110964333 0.19006849315068491 0.11096433289299867 0.08170254403131115
5 0.6030383091149274 0.1888454011741683 0.11096433289299867 0.09001956947162426
6 0.26750330250990756 0.13723091976516633 0.13870541611624834 0.11888454011741682
6 0.14960369881109645 0.2920743639921722 0.1036988110964333 0.10078277886497064
6 0.440554821664465 0.05675146771037182 0.10700132100396301 0.12622309197651663
6 0.619220607661823 0.0658023483365949 0.09973579920739763 0.10812133072407044
6 0.904557463672391 0.29329745596868884 0.13540290620871862 0.17172211350293543
4 0.3120871862615588 0.4400684931506849 0.12087186261558784 0.09540117416829745
4 0.3943196829590489 0.360812133072407 0.09247027741083223 0.1267123287671233
4 0.49273447820343463 0.3116438356164383 0.08586525759577279 0.14285714285714285
4 0.6046895640686922 0.28816046966731895 0.09973579920739763 0.1350293542074364
3 0.3870541611624835 0.5207925636007827 0.11360634081902246 0.11888454011741682
3 0.44583883751651254 0.4571917808219178 0.0964332892998679 0.11888454011741682
3 0.5155217965653897 0.40826810176125244 0.1142668428005284 0.1267123287671233
3 0.6136063408190224 0.39921722113502933 0.11096433289299867 0.1506849315068493
4 0.8530383091149274 0.4310176125244618 0.12087186261558784 0.11643835616438356
2 0.7655217965653897 0.560665362035225 0.16116248348745046 0.11643835616438356
1 0.5085865257595773 0.7945205479452054 0.10700132100396301 0.15851272015655576
0 0.6281373844121533 0.7891389432485323 0.18229854689564068 0.18003913894324852
