5 0.3511673151750973 0.4357843137254902 0.06342412451361869 0.07745098039215687
5 0.42529182879377436 0.3735294117647059 0.07548638132295721 0.09509803921568627
5 0.51147859922179 0.34215686274509804 0.05875486381322958 0.09215686274509804
5 0.6011673151750974 0.3926470588235294 0.06381322957198445 0.10980392156862745
6 0.6330739299610896 0.28431372549019607 0.08015564202334631 0.12450980392156863
6 0.5268482490272374 0.2068627450980392 0.08015564202334631 0.11274509803921569
6 0.42178988326848255 0.23823529411764705 0.08249027237354087 0.12745098039215685
6 0.3217898832684825 0.34509803921568627 0.07548638132295721 0.11568627450980393
6 0.7379377431906615 0.6019607843137255 0.11556420233463036 0.10686274509803921
4 0.3688715953307393 0.5159313725490196 0.06147859922178989 0.11911764705882352
4 0.43015564202334633 0.4727941176470588 0.06108949416342413 0.1338235294117647
4 0.49591439688715955 0.45416666666666666 0.06809338521400779 0.1338235294117647
4 0.5657587548638132 0.4838235294117647 0.07081712062256809 0.12156862745098039
4 0.6624513618677044 0.6936274509803921 0.08988326848249027 0.11274509803921569
3 0.37840466926070043 0.608578431372549 0.05408560311284047 0.15735294117647058
3 0.4278210116731518 0.5855392156862745 0.05642023346303502 0.14558823529411766
3 0.48093385214007783 0.5799019607843137 0.059143968871595336 0.1696078431372549
3 0.5529182879377432 0.5990196078431372 0.06614785992217899 0.17254901960784313
2 0.5610894941634241 0.7803921568627451 0.12529182879377432 0.12450980392156863
1 0.3416342412451362 0.8487745098039216 0.07782101167315175 0.15441176470588236
0 0.42431906614785997 0.8963235294117647 0.11556420233463036 0.1661764705882353
