5 0.2916666666666667 0.3889105058365759 0.06862745098039216 0.06342412451361869
5 0.38676470588235295 0.3147859922178989 0.08627450980392157 0.07548638132295721
5 0.49950980392156863 0.2793774319066148 0.10980392156862745 0.06614785992217899
5 0.6183823529411765 0.3087548638132296 0.07990196078431372 0.06809338521400779
6 0.6200980392156863 0.2178988326848249 0.0892156862745098 0.08015564202334631
6 0.4946078431372549 0.17898832684824903 0.08333333333333333 0.1058365758754864
6 0.34215686274509804 0.22159533073929963 0.09803921568627451 0.10155642023346305
6 0.22034313725490196 0.32412451361867706 0.11029411764705882 0.08482490272373541
6 0.8056372549019608 0.4466926070038911 0.10441176470588236 0.10817120622568094
4 0.596078431372549 0.38190661478599225 0.07745098039215687 0.10155642023346305
4 0.5068627450980392 0.37237354085603114 0.0892156862745098 0.09649805447470818
4 0.42696078431372547 0.39007782101167315 0.07745098039215687 0.1085603112840467
4 0.3495098039215686 0.43618677042801557 0.0892156862745098 0.06381322957198445
4 0.7215686274509804 0.5198443579766537 0.08627450980392157 0.08482490272373541
3 0.3897058823529412 0.5009727626459144 0.07450980392156863 0.1085603112840467
3 0.4536764705882353 0.4749027237354086 0.07107843137254902 0.11322957198443581
3 0.5100490196078431 0.46789883268482496 0.07107843137254902 0.12723735408560313
3 0.5901960784313726 0.4643968871595331 0.07745098039215687 0.11089494163424125
2 0.6316176470588235 0.6118677042801557 0.1426470588235294 0.09221789883268483
1 0.42696078431372547 0.7449416342412452 0.0892156862745098 0.13891050583657588
0 0.5188725490196079 0.7284046692607005 0.13088235294117648 0.14396887159533076
