6 0.6945178335535007 0.41511741682974557 0.09577278731836196 0.11790606653620352
6 0.5792602377807133 0.2226027397260274 0.08982826948480846 0.09784735812133072
6 0.440885072655218 0.19936399217221135 0.08388375165125496 0.09148727984344422
6 0.35700132100396303 0.24045988258317025 0.1142668428005284 0.10714285714285714
6 0.27575957727873185 0.3336594911937377 0.08388375165125496 0.09784735812133072
5 0.2807133421400264 0.4026418786692759 0.0845442536327609 0.06262230919765166
5 0.36756935270805813 0.3351272015655577 0.08124174372523117 0.06457925636007827
5 0.44682959048877147 0.29818982387475534 0.08388375165125496 0.07583170254403131
5 0.5581241743725232 0.30724070450097846 0.08982826948480846 0.07142857142857142
4 0.30317040951122853 0.46624266144814086 0.07793923381770146 0.09099804305283757
4 0.3764861294583884 0.43395303326810175 0.06340819022457067 0.08904109589041095
4 0.4455085865257596 0.3950587084148728 0.06935270805812417 0.08268101761252446
4 0.5429326287978864 0.39383561643835613 0.07793923381770146 0.07534246575342465
4 0.6568692206076618 0.4997553816046966 0.10501981505944517 0.07778864970645792
3 0.32397622192866576 0.5318003913894325 0.08388375165125496 0.09295499021526418
3 0.38540290620871864 0.49192759295499017 0.05746367239101717 0.1022504892367906
3 0.45178335535006603 0.46966731898238745 0.08718626155878467 0.10665362035225048
3 0.5369881109643329 0.47162426614481406 0.07793923381770146 0.09784735812133072
2 0.5878467635402906 0.6046966731898238 0.10171730515191546 0.10665362035225048
1 0.35402906208718626 0.759784735812133 0.10171730515191546 0.1360078277886497
0 0.4653236459709379 0.7551369863013698 0.1380449141347424 0.13551859099804303
