0 0.47688243064729197 0.6161937377690802 0.13210039630118892 0.15117416829745595
1 0.3735138705416116 0.6340508806262231 0.11162483487450463 0.14677103718199608
2 0.5789299867899603 0.4914383561643835 0.14729194187582562 0.09344422700587084
3 0.32232496697490093 0.4016634050880626 0.08718626155878467 0.1086105675146771
3 0.37615587846763543 0.3664383561643835 0.07199471598414796 0.11545988258317025
3 0.4514531043593131 0.3461350293542074 0.07463672391017173 0.1267123287671233
3 0.5386393659180978 0.33830724070450097 0.08124174372523117 0.10714285714285714
4 0.6872523117569352 0.4038649706457925 0.0904887714663144 0.06898238747553816
4 0.28038309114927346 0.3348825831702544 0.06935270805812417 0.06898238747553816
4 0.3764861294583884 0.2837573385518591 0.07529722589167767 0.0821917808219178
4 0.46036988110964333 0.2636986301369863 0.07529722589167767 0.0821917808219178
4 0.5653896961690885 0.2717710371819961 0.08718626155878467 0.08463796477495107
6 0.7427344782034346 0.30259295499021527 0.13540290620871862 0.11105675146771037
6 0.6813077939233818 0.11815068493150685 0.1023778071334214 0.09344422700587084
6 0.5280713342140027 0.07265166340508805 0.1023778071334214 0.09540117416829745
6 0.41248348745046237 0.09833659491193737 0.08652575957727873 0.09784735812133072
6 0.2097093791281374 0.19496086105675145 0.1023778071334214 0.08659491193737769
5 0.24900924702774108 0.273972602739726 0.1083223249669749 0.06653620352250489
5 0.38243064729194187 0.1981409001956947 0.09907529722589167 0.06653620352250489
5 0.49372523117569356 0.16829745596868884 0.08124174372523117 0.06457925636007827
5 0.6301188903566711 0.19691780821917806 0.08982826948480846 0.07778864970645792
