5 0.5735294117647058 0.28832684824902727 0.11764705882352941 0.07782101167315175
5 0.4392156862745098 0.27412451361867707 0.09803921568627451 0.07509727626459145
5 0.3480392156862745 0.3377431906614786 0.09803921568627451 0.0622568093385214
5 0.2791666666666667 0.4155642023346304 0.07205882352941176 0.0622568093385214
6 0.24166666666666667 0.3466926070038911 0.10098039215686275 0.08560311284046693
6 0.31838235294117645 0.24163424124513622 0.08480392156862746 0.10894941634241245
6 0.4117647058823529 0.17042801556420234 0.10784313725490197 0.10116731517509728
6 0.5620098039215686 0.18735408560311284 0.0946078431372549 0.1038910505836576
6 0.717156862745098 0.3688715953307393 0.10490196078431373 0.12996108949416343
4 0.33137254901960783 0.4739299610894942 0.0784313725490196 0.09105058365758756
4 0.39019607843137255 0.41284046692607007 0.0784313725490196 0.10894941634241245
4 0.46544117647058825 0.37392996108949417 0.10441176470588236 0.10894941634241245
4 0.5571078431372549 0.36750972762645917 0.08480392156862746 0.10622568093385215
4 0.6992647058823529 0.48696498054474713 0.0946078431372549 0.08054474708171207
3 0.3659313725490196 0.5375486381322958 0.08186274509803922 0.12957198443579768
3 0.416421568627451 0.5036964980544747 0.07205882352941176 0.11945525291828794
3 0.47696078431372546 0.4791828793774319 0.09509803921568627 0.13735408560311285
3 0.5651960784313725 0.466147859922179 0.08823529411764705 0.1377431906614786
2 0.6389705882352941 0.6048638132295721 0.12107843137254902 0.1038910505836576
1 0.47352941176470587 0.7657587548638133 0.08823529411764705 0.11906614785992219
0 0.5617647058823529 0.7474708171206226 0.12745098039215685 0.1556420233463035
