6 0.27873183619550856 0.31604696673189825 0.07793923381770146 0.09784735812133072
6 0.45442536327608984 0.22162426614481406 0.11096433289299867 0.09980430528375733
6 0.5941215323645971 0.19838551859099804 0.0785997357992074 0.09344422700587084
6 0.7202774108322325 0.2336105675146771 0.09577278731836196 0.1022504892367906
6 0.8596433289299868 0.4549902152641878 0.14729194187582562 0.10469667318982387
5 0.3130779392338177 0.3967710371819961 0.10171730515191546 0.05968688845401174
5 0.4425363276089828 0.32729941291585124 0.11096433289299867 0.06653620352250489
5 0.5700132100396301 0.3050391389432485 0.10171730515191546 0.07974559686888454
5 0.6948480845442536 0.31604696673189825 0.09907529722589167 0.07142857142857142
4 0.34940554821664466 0.4574363992172211 0.08718626155878467 0.09099804305283757
4 0.4395640686922061 0.41291585127201563 0.08652575957727873 0.11350293542074363
4 0.5326948480845443 0.39823874755381605 0.08124174372523117 0.10665362035225048
4 0.6453104359313078 0.4016634050880626 0.10171730515191546 0.10469667318982387
4 0.76221928665786 0.5342465753424657 0.10171730515191546 0.09784735812133072
3 0.3659180977542933 0.5472113502935421 0.07793923381770146 0.13356164383561642
3 0.4425363276089828 0.5095401174168297 0.07529722589167767 0.1159491193737769
3 0.5115587846763541 0.49070450097847357 0.07463672391017173 0.11350293542074363
3 0.618229854689564 0.4938845401174168 0.08982826948480846 0.12475538160469667
2 0.6542272126816381 0.6360078277886496 0.14464993394980186 0.09784735812133072
1 0.41677675033025097 0.7827788649706457 0.07793923381770146 0.1379647749510763
0 0.5204755614266843 0.7676125244618395 0.15323645970937913 0.12035225048923678
