0 0.4709379128137384 0.9026418786692759 0.2192866578599736 0.19569471624266144
1 0.309114927344782 0.9256360078277885 0.15323645970937913 0.14677103718199608
2 0.6571994715984149 0.738747553816047 0.23381770145310435 0.1379647749510763
3 0.5640686922060766 0.5352250489236791 0.14398943196829592 0.18003913894324852
3 0.4322985468956407 0.5264187866927592 0.1261558784676354 0.18003913894324852
3 0.32232496697490093 0.5273972602739726 0.11096433289299867 0.14677103718199608
3 0.22060766182298547 0.562866927592955 0.11096433289299867 0.1423679060665362
4 0.7777410832232496 0.5777886497064579 0.13540290620871862 0.13307240704500978
4 0.5848745046235139 0.3972602739726027 0.1380449141347424 0.14481409001956946
4 0.4349405548216645 0.3906555772994129 0.1261558784676354 0.14921722113502933
4 0.30019815059445176 0.4060665362035225 0.1261558784676354 0.1487279843444227
4 0.1737120211360634 0.46281800391389427 0.13210039630118892 0.12035225048923678
6 0.8913474240422722 0.4584148727984344 0.15653896961690886 0.16046966731898238
6 0.6796565389696169 0.14261252446183953 0.14134742404227213 0.1423679060665362
6 0.4692866578599736 0.07925636007827788 0.17107001321003965 0.13111545988258316
6 0.2592470277410832 0.13356164383561642 0.13540290620871862 0.14677103718199608
6 0.06109643328929987 0.27617416829745595 0.11690885072655217 0.13356164383561642
5 0.12120211360634082 0.37720156555772993 0.1287978863936592 0.09099804305283757
5 0.2760898282694848 0.2771526418786693 0.14398943196829592 0.10420743639921722
5 0.4547556142668428 0.23483365949119372 0.17107001321003965 0.1223091976516634
5 0.6406869220607662 0.2693248532289628 0.14134742404227213 0.11105675146771037
