0 0.5982843137254902 0.7568093385214009 0.15441176470588236 0.15330739299610896
1 0.4808823529411765 0.7698443579766537 0.13333333333333333 0.12957198443579768
2 0.7174019607843137 0.6000000000000001 0.125 0.12996108949416343
3 0.46544117647058825 0.477431906614786 0.07107843137254902 0.15330739299610896
3 0.5397058823529411 0.44319066147859926 0.07156862745098039 0.13929961089494164
3 0.6186274509803922 0.4266536964980545 0.08627450980392157 0.1482490272373541
3 0.7166666666666667 0.416147859922179 0.08627450980392157 0.11322957198443581
4 0.8034313725490196 0.4844357976653697 0.10686274509803921 0.08715953307392997
4 0.44166666666666665 0.3793774319066148 0.0892156862745098 0.08715953307392997
4 0.5279411764705882 0.3418287937743191 0.08333333333333333 0.10622568093385215
4 0.6095588235294117 0.32412451361867706 0.10441176470588236 0.09883268482490273
4 0.7151960784313726 0.32042801556420236 0.10686274509803921 0.10155642023346305
6 0.8737745098039216 0.36303501945525296 0.1338235294117647 0.13463035019455255
6 0.7151960784313726 0.13190661478599222 0.09509803921568627 0.10116731517509728
6 0.5649509803921569 0.08832684824902724 0.0857843137254902 0.09883268482490273
6 0.46838235294117647 0.12354085603112841 0.08872549019607844 0.09922178988326849
6 0.3264705882352941 0.23560311284046695 0.09803921568627451 0.09922178988326849
5 0.38088235294117645 0.3147859922178989 0.08627450980392157 0.07081712062256809
5 0.492156862745098 0.23813229571984437 0.10098039215686275 0.07782101167315175
5 0.582843137254902 0.2038910505836576 0.10980392156862745 0.07548638132295721
5 0.7284313725490196 0.2321011673151751 0.12745098039215685 0.08521400778210117
