0 0.4914134742404227 0.8679060665362035 0.22192866578599735 0.20743639921722112
1 0.3487450462351387 0.885518590998043 0.13738441215323646 0.15655577299412915
2 0.6340819022457067 0.6653620352250489 0.190224570673712 0.1487279843444227
3 0.25891677675033026 0.5645792563600782 0.095112285336856 0.17221135029354206
3 0.34081902245706736 0.5215264187866927 0.10039630118890357 0.1643835616438356
3 0.42800528401585203 0.5 0.12681638044914134 0.1917808219178082
3 0.5468956406869221 0.48532289628180036 0.11096433289299867 0.18003913894324852
4 0.7688243064729194 0.5215264187866927 0.15323645970937913 0.13307240704500978
4 0.21400264200792601 0.4569471624266145 0.11096433289299867 0.12915851272015655
4 0.31968295904887717 0.3962818003913894 0.10039630118890357 0.15655577299412915
4 0.43064729194187584 0.3542074363992172 0.11096433289299867 0.16046966731898238
4 0.560105680317041 0.3454011741682974 0.12681638044914134 0.15655577299412915
6 0.8612945838837517 0.4060665362035225 0.15852047556142668 0.16046966731898238
6 0.6472919418758256 0.11252446183953033 0.15323645970937913 0.12915851272015655
6 0.42536327608982827 0.06262230919765166 0.142668428005284 0.13307240704500978
6 0.23513870541611626 0.12818003913894324 0.142668428005284 0.136986301369863
6 0.08982826948480846 0.26125244618395305 0.13738441215323646 0.136986301369863
5 0.15852047556142668 0.3669275929549902 0.13738441215323646 0.09001956947162426
5 0.27212681638044917 0.27299412915851273 0.1215323645970938 0.09784735812133072
5 0.4227212681638045 0.21232876712328766 0.13738441215323646 0.10176125244618395
5 0.6103038309114928 0.22798434442270057 0.17437252311756934 0.12524461839530332
