5 0.6090686274509803 0.3441634241245136 0.07990196078431372 0.048638132295719845
5 0.5122549019607843 0.3315175097276265 0.07745098039215687 0.05992217898832685
5 0.4357843137254902 0.36031128404669266 0.07549019607843137 0.05603112840466926
5 0.3605392156862745 0.42548638132295724 0.0661764705882353 0.048638132295719845
6 0.31348039215686274 0.3780155642023347 0.0642156862745098 0.07431906614785992
6 0.416421568627451 0.2891050583657588 0.08676470588235294 0.08326848249027238
6 0.4968137254901961 0.25836575875486384 0.08872549019607844 0.08482490272373541
6 0.6139705882352942 0.28852140077821015 0.09558823529411764 0.07976653696498055
6 0.7713235294117647 0.43560311284046693 0.08186274509803922 0.10155642023346305
4 0.41299019607843135 0.4634241245136187 0.07107843137254902 0.05603112840466926
4 0.47352941176470587 0.42821011673151754 0.06372549019607843 0.07587548638132297
4 0.5362745098039216 0.4056420233463035 0.07058823529411765 0.08132295719844358
4 0.6056372549019607 0.4031128404669261 0.0642156862745098 0.08326848249027238
4 0.7127450980392157 0.5042801556420233 0.06862745098039216 0.06848249027237355
3 0.4485294117647059 0.5151750972762646 0.06372549019607843 0.08715953307392997
3 0.49166666666666664 0.5033073929961089 0.058823529411764705 0.09610894941634242
3 0.5377450980392157 0.4881322957198444 0.06372549019607843 0.10466926070038911
3 0.6034313725490196 0.48715953307393 0.06862745098039216 0.09961089494163425
2 0.6438725490196079 0.5842412451361868 0.10931372549019608 0.07431906614785992
1 0.47009803921568627 0.7250972762645915 0.07058823529411765 0.1085603112840467
0 0.5419117647058823 0.732295719844358 0.1142156862745098 0.14785992217898833
