0 0.49504623513870544 0.87279843444227 0.2120211360634082 0.19275929549902152
1 0.3487450462351387 0.8610567514677103 0.13606340819022458 0.16927592954990214
2 0.6562087186261559 0.6817514677103718 0.2239101717305152 0.1453033268101761
3 0.5739762219286658 0.5215264187866927 0.1083223249669749 0.1898238747553816
3 0.46895640686922063 0.5288649706457925 0.10435931307793923 0.18688845401174167
3 0.3728533685601057 0.5543052837573386 0.1036988110964333 0.16634050880626222
3 0.29953764861294585 0.5765655577299412 0.1036988110964333 0.15998043052837574
4 0.7470277410832232 0.5513698630136986 0.14002642007926025 0.12426614481409001
4 0.5799207397622193 0.39261252446183953 0.11228533685601057 0.13943248532289626
4 0.45310435931307796 0.39261252446183953 0.13606340819022458 0.1453033268101761
4 0.3589828269484808 0.4327299412915851 0.12351387054161163 0.13649706457925637
4 0.2628797886393659 0.47994129158512716 0.1083223249669749 0.11252446183953033
5 0.20871862615587847 0.40313111545988256 0.11228533685601057 0.0949119373776908
5 0.309114927344782 0.32289628180039137 0.12813738441215325 0.10078277886497064
5 0.44121532364597094 0.28131115459882583 0.1202113606340819 0.0949119373776908
5 0.595112285336856 0.28864970645792565 0.1083223249669749 0.09197651663405088
6 0.8352047556142669 0.43566536203522505 0.15653896961690886 0.1541095890410959
6 0.6030383091149274 0.1834637964774951 0.13210039630118892 0.11252446183953033
6 0.4187582562747688 0.15557729941291584 0.13210039630118892 0.1095890410958904
6 0.2968956406869221 0.19691780821917806 0.11162483487450463 0.13356164383561642
6 0.14464993394980186 0.3065068493150685 0.1202113606340819 0.12769080234833657
