6 0.25297225891677677 0.29990215264187864 0.13210039630118892 0.0949119373776908
6 0.4227212681638045 0.16634050880626222 0.10039630118890357 0.11350293542074363
6 0.5511889035667107 0.11888454011741682 0.1142668428005284 0.1086105675146771
6 0.6889035667107002 0.15459882583170254 0.11096433289299867 0.10567514677103718
6 0.9134742404227213 0.37548923679060664 0.14663143989431968 0.1296477495107632
5 0.32100396301188905 0.36741682974559686 0.11096433289299867 0.060665362035225046
5 0.4494715984147952 0.2683463796477495 0.11822985468956407 0.08463796477495107
5 0.558454425363276 0.22871819960861056 0.10766182298546896 0.08463796477495107
5 0.6869220607661823 0.2392367906066536 0.10700132100396301 0.09001956947162426
4 0.3781373844121532 0.42147749510763205 0.0891677675033025 0.08463796477495107
4 0.46895640686922063 0.3644814090019569 0.10700132100396301 0.09784735812133072
4 0.5604359313077939 0.3302348336594912 0.1036988110964333 0.1086105675146771
4 0.6743725231175693 0.32240704500978473 0.11096433289299867 0.11350293542074363
4 0.8385072655217966 0.45596868884540115 0.1036988110964333 0.10078277886497064
3 0.43163804491413477 0.4982876712328767 0.1036988110964333 0.1267123287671233
3 0.5066050198150595 0.45596868884540115 0.11756935270805813 0.12720156555772993
3 0.583223249669749 0.44398238747553814 0.10700132100396301 0.1453033268101761
3 0.6727212681638045 0.44031311154598823 0.09973579920739763 0.16144814090019569
2 0.7671730515191546 0.5445205479452054 0.2001321003963012 0.12720156555772993
1 0.5280713342140027 0.74559686888454 0.11822985468956407 0.13992172211350293
0 0.6512549537648613 0.7282289628180039 0.16380449141347425 0.15313111545988256
