0 0.5875165125495376 0.7465753424657534 0.12747688243064728 0.1350293542074364
1 0.4891017173051519 0.7529354207436398 0.08124174372523117 0.1360078277886497
2 0.6961690885072656 0.5804794520547945 0.11756935270805813 0.1159491193737769
3 0.6406869220607662 0.4584148727984344 0.09907529722589167 0.12035225048923678
3 0.5610964332892999 0.47064579256360073 0.08388375165125496 0.12720156555772993
3 0.49801849405548215 0.4929060665362035 0.06605019815059446 0.11790606653620352
3 0.440885072655218 0.5195694716242661 0.08388375165125496 0.1086105675146771
4 0.7935931307793923 0.49241682974559686 0.09577278731836196 0.08659491193737769
4 0.6496036988110965 0.36741682974559686 0.09313077939233817 0.09784735812133072
4 0.5462351387054161 0.3661937377690802 0.08982826948480846 0.10420743639921722
4 0.4633421400264201 0.400440313111546 0.09313077939233817 0.1022504892367906
4 0.39597093791281374 0.4518101761252446 0.08388375165125496 0.07093933463796477
5 0.6677675033025099 0.29525440313111545 0.09907529722589167 0.07093933463796477
5 0.5293923381770146 0.28277886497064575 0.11690885072655217 0.08023483365949119
5 0.4217305151915456 0.3199608610567515 0.1023778071334214 0.09784735812133072
5 0.3345442536327609 0.40288649706457924 0.08124174372523117 0.06702544031311154
6 0.28632760898282694 0.3370841487279843 0.09313077939233817 0.09099804305283757
6 0.3748348745046235 0.23140900195694714 0.1023778071334214 0.10665362035225048
6 0.5237780713342141 0.18493150684931506 0.08718626155878467 0.09784735812133072
6 0.6813077939233818 0.21257338551859098 0.10766182298546896 0.09540117416829745
6 0.8626155878467635 0.4087573385518591 0.12285336856010567 0.11105675146771037
