0 0.5009803921568627 0.7990272373540857 0.1196078431372549 0.1342412451361868
1 0.3990196078431372 0.8007782101167316 0.08725490196078431 0.14708171206225681
2 0.6056372549019607 0.6326848249027238 0.12794117647058822 0.09961089494163425
3 0.5267156862745098 0.5126459143968872 0.08480392156862746 0.12334630350194553
3 0.44779411764705884 0.5245136186770428 0.08480392156862746 0.12529182879377432
3 0.3892156862745098 0.5441634241245137 0.07647058823529412 0.11245136186770428
3 0.3443627450980392 0.5828793774319067 0.06813725490196078 0.09494163424124515
4 0.5144607843137254 0.41653696498054477 0.08186274509803922 0.0953307392996109
4 0.432843137254902 0.4260700389105059 0.08137254901960785 0.1058365758754864
4 0.3674019607843137 0.46186770428015567 0.07598039215686274 0.10350194552529184
4 0.3144607843137255 0.5105058365758756 0.06813725490196078 0.07159533073929962
5 0.27352941176470585 0.4649805447470817 0.07352941176470588 0.058365758754863814
5 0.3348039215686274 0.3840466926070039 0.08137254901960785 0.07782101167315175
5 0.4056372549019608 0.34630350194552534 0.07598039215686274 0.07548638132295721
5 0.5049019607843137 0.34299610894941635 0.08431372549019608 0.06498054474708172
4 0.6943627450980392 0.5527237354085603 0.09264705882352942 0.07354085603112841
6 0.7419117647058824 0.46303501945525294 0.10637254901960784 0.1058365758754864
6 0.4872549019607843 0.26731517509727626 0.08137254901960785 0.09105058365758756
6 0.379656862745098 0.2587548638132296 0.09558823529411764 0.09494163424124515
6 0.3088235294117647 0.30077821011673156 0.09019607843137255 0.08015564202334631
6 0.2355392156862745 0.3894941634241245 0.07892156862745098 0.09727626459143969
