6 0.8193527080581242 0.16658512720156554 0.10898282694848084 0.09050880626223091
6 0.5815719947159842 0.08953033268101761 0.1023778071334214 0.10763209393346379
6 0.4494715984147952 0.1360078277886497 0.1155878467635403 0.11252446183953033
6 0.30250990752972257 0.2363013698630137 0.09907529722589167 0.09784735812133072
6 0.8913474240422722 0.40949119373776904 0.1287978863936592 0.11252446183953033
5 0.3596433289299868 0.31531311154598823 0.09577278731836196 0.07583170254403131
5 0.45277410832232495 0.2301859099804305 0.1287978863936592 0.07583170254403131
5 0.5815719947159842 0.20939334637964774 0.1155878467635403 0.08317025440313111
5 0.7549537648612946 0.24486301369863012 0.09907529722589167 0.07583170254403131
4 0.40918097754293264 0.363013698630137 0.08256274768824307 0.07827788649706457
4 0.4857992073976222 0.32069471624266144 0.09577278731836196 0.10518590998043052
4 0.583223249669749 0.30724070450097846 0.08586525759577279 0.11252446183953033
4 0.7054161162483488 0.31702544031311153 0.11228533685601057 0.10763209393346379
3 0.44121532364597094 0.44422700587084146 0.0726552179656539 0.1223091976516634
3 0.5072655217965654 0.42221135029354206 0.08586525759577279 0.13209393346379647
3 0.5782694848084544 0.4050880626223092 0.0891677675033025 0.12720156555772993
3 0.6624834874504624 0.41487279843444225 0.09247027741083223 0.12720156555772993
4 0.7988771466314399 0.47798434442270055 0.1023778071334214 0.07827788649706457
2 0.6717305151915456 0.5489236790606653 0.15191545574636725 0.09784735812133072
0 0.5650594451783355 0.6900684931506849 0.14200792602377807 0.1590019569471624
1 0.4471598414795244 0.7140410958904109 0.09907529722589167 0.16389432485322897
