1 0.29558823529411765 0.8605058365758755 0.09803921568627451 0.16848249027237355
0 0.4215686274509804 0.8733463035019455 0.16666666666666666 0.18949416342412453
2 0.5732843137254902 0.7066147859922179 0.1730392156862745 0.11906614785992219
3 0.5259803921568628 0.5492217898832685 0.11470588235294117 0.16848249027237355
3 0.4377450980392157 0.5350194552529183 0.09509803921568627 0.1556420233463035
3 0.3622549019607843 0.5614785992217899 0.08137254901960785 0.1688715953307393
3 0.29068627450980394 0.5834630350194553 0.09803921568627451 0.15058365758754866
4 0.6664215686274509 0.5848249027237354 0.1142156862745098 0.10116731517509728
4 0.5441176470588235 0.4266536964980545 0.09803921568627451 0.12723735408560313
4 0.4411764705882353 0.4219844357976654 0.08823529411764705 0.13735408560311285
4 0.35784313725490197 0.4492217898832685 0.0784313725490196 0.12957198443579768
4 0.2727941176470588 0.4933852140077821 0.08480392156862746 0.11439688715953308
5 0.591421568627451 0.32607003891050584 0.12107843137254902 0.09571984435797666
5 0.47034313725490196 0.30914396887159534 0.10147058823529412 0.08832684824902724
5 0.3529411764705882 0.3416342412451362 0.10784313725490197 0.08560311284046693
5 0.24166666666666667 0.41303501945525295 0.11470588235294117 0.08287937743190663
6 0.21887254901960784 0.30914396887159534 0.1142156862745098 0.11400778210116733
6 0.36911764705882355 0.22217898832684826 0.09509803921568627 0.11673151750972763
6 0.48676470588235293 0.18093385214007784 0.10784313725490197 0.11673151750972763
6 0.6159313725490196 0.221011673151751 0.09166666666666666 0.10350194552529184
6 0.7220588235294118 0.46887159533073935 0.10784313725490197 0.16342412451361868
