5 0.5865257595772787 0.3471135029354207 0.12285336856010567 0.07583170254403131
5 0.4455085865257596 0.3204500978473581 0.1287978863936592 0.08023483365949119
5 0.3345442536327609 0.3405088062622309 0.12351387054161163 0.08023483365949119
5 0.21598414795244386 0.4383561643835616 0.1202113606340819 0.06653620352250489
6 0.1737120211360634 0.3605675146771037 0.08982826948480846 0.10273972602739725
6 0.34478203434610305 0.24168297455968688 0.1083223249669749 0.11350293542074363
6 0.42899603698811095 0.2081702544031311 0.09577278731836196 0.10909980430528375
6 0.6132760898282695 0.2531800391389432 0.1499339498018494 0.11986301369863013
6 0.7278731836195509 0.46281800391389427 0.12285336856010567 0.12915851272015655
4 0.24240422721268165 0.49510763209393344 0.10171730515191546 0.1086105675146771
4 0.3345442536327609 0.448385518590998 0.10501981505944517 0.10420743639921722
4 0.41842800528401586 0.4227005870841487 0.09313077939233817 0.10665362035225048
4 0.5416116248348745 0.42392367906066536 0.09907529722589167 0.10420743639921722
4 0.6690885072655218 0.5631115459882583 0.09907529722589167 0.09784735812133072
3 0.5148612945838837 0.5168786692759295 0.09313077939233817 0.1286692759295499
3 0.42305151915455746 0.5205479452054794 0.1142668428005284 0.1379647749510763
3 0.345112285336856 0.5452544031311154 0.09577278731836196 0.11986301369863013
3 0.2714663143989432 0.5797455968688845 0.08718626155878467 0.1223091976516634
2 0.5746367239101717 0.6739236790606653 0.13210039630118892 0.12475538160469667
0 0.4425363276089828 0.8661937377690802 0.18626155878467635 0.21575342465753422
1 0.31472919418758255 0.8454011741682974 0.1261558784676354 0.16927592954990214
