1 0.31472919418758255 0.910958904109589 0.1142668428005284 0.1223091976516634
0 0.44121532364597094 0.9209882583170254 0.18626155878467635 0.1423679060665362
2 0.6132760898282695 0.7460861056751468 0.1737120211360634 0.1223091976516634
3 0.35997357992073975 0.6318493150684931 0.08982826948480846 0.15117416829745595
3 0.4319682959048877 0.6218199608610567 0.0845442536327609 0.1360078277886497
3 0.5102377807133421 0.6161937377690802 0.09577278731836196 0.15117416829745595
3 0.6212021136063408 0.6284246575342466 0.10766182298546896 0.14432485322896282
4 0.7199471598414795 0.6323385518590998 0.09907529722589167 0.10909980430528375
4 0.6496036988110965 0.5347358121330724 0.10766182298546896 0.11350293542074363
4 0.547556142668428 0.512720156555773 0.11756935270805813 0.13111545988258316
4 0.440885072655218 0.5117416829745597 0.09577278731836196 0.12426614481409001
4 0.34346103038309117 0.5190802348336595 0.09907529722589167 0.12035225048923678
5 0.6945178335535007 0.4383561643835616 0.10501981505944517 0.08023483365949119
5 0.5822324966974901 0.4072896281800391 0.09577278731836196 0.08463796477495107
5 0.46036988110964333 0.412426614481409 0.10171730515191546 0.0821917808219178
5 0.3061426684280053 0.4434931506849315 0.1142668428005284 0.07093933463796477
6 0.2968956406869221 0.36374755381604695 0.1142668428005284 0.11790606653620352
6 0.49207397622192867 0.31629158512720157 0.11360634081902246 0.09344422700587084
6 0.6093130779392338 0.3028375733855186 0.09577278731836196 0.09784735812133072
6 0.6948480845442536 0.3659491193737769 0.08718626155878467 0.0821917808219178
6 0.7665125495376486 0.5205479452054794 0.09313077939233817 0.1379647749510763
