0 0.41151960784313724 0.8429961089494165 0.17009803921568628 0.166147859922179
1 0.28259803921568627 0.8326848249027238 0.10147058823529412 0.1556420233463035
2 0.5977941176470588 0.7085603112840467 0.17990196078431372 0.10894941634241245
3 0.5522058823529412 0.5447470817120623 0.11127450980392156 0.1556420233463035
3 0.46078431372549017 0.5387159533073931 0.08823529411764705 0.15836575875486383
3 0.3872549019607843 0.5505836575875487 0.0784313725490196 0.14007782101167315
3 0.31029411764705883 0.5803501945525292 0.09509803921568627 0.14280155642023348
4 0.6992647058823529 0.5959143968871595 0.10147058823529412 0.11167315175097277
4 0.575 0.4466926070038911 0.11470588235294117 0.10894941634241245
4 0.4801470588235294 0.43365758754863815 0.0946078431372549 0.11400778210116733
4 0.38063725490196076 0.44396887159533077 0.11127450980392156 0.1245136186770428
4 0.29411764705882354 0.4906614785992218 0.08823529411764705 0.10894941634241245
5 0.6159313725490196 0.3441634241245136 0.11127450980392156 0.08054474708171207
5 0.4982843137254902 0.3130350194552529 0.12401960784313726 0.09610894941634242
5 0.37401960784313726 0.34027237354085604 0.11764705882352941 0.08832684824902724
5 0.2629901960784314 0.41031128404669265 0.10441176470588236 0.08287937743190663
6 0.8071078431372549 0.5075875486381324 0.17990196078431372 0.12723735408560313
6 0.6370098039215686 0.22879377431906617 0.1142156862745098 0.11906614785992219
6 0.5178921568627451 0.19766536964980547 0.11127450980392156 0.1245136186770428
6 0.37230392156862746 0.21575875486381324 0.12107843137254902 0.11400778210116733
6 0.23357843137254902 0.3235408560311284 0.09166666666666666 0.12723735408560313
