1 0.40269607843137256 0.7760700389105059 0.09068627450980392 0.1038910505836576
0 0.5080882352941176 0.771011673151751 0.14068627450980392 0.09377431906614786
2 0.6245098039215686 0.6482490272373541 0.10784313725490197 0.11361867704280157
3 0.5843137254901961 0.5118677042801557 0.08039215686274509 0.13579766536964982
3 0.5026960784313725 0.5064202334630351 0.09068627450980392 0.12957198443579768
3 0.43480392156862746 0.5254863813229572 0.07058823529411765 0.12568093385214008
3 0.3799019607843137 0.5515564202334631 0.08529411764705883 0.1217898832684825
4 0.7073529411764706 0.5363813229571985 0.09313725490196079 0.09766536964980545
4 0.5987745098039216 0.41400778210116734 0.09558823529411764 0.10972762645914398
4 0.4987745098039216 0.41011673151750977 0.09264705882352942 0.1198443579766537
4 0.4267156862745098 0.4348249027237354 0.07794117647058824 0.11167315175097277
4 0.3593137254901961 0.4766536964980545 0.07549019607843137 0.1019455252918288
6 0.7620098039215686 0.4428015564202335 0.1053921568627451 0.10739299610894942
6 0.608578431372549 0.24027237354085604 0.10049019607843138 0.0821011673151751
6 0.48284313725490197 0.21322957198443582 0.08039215686274509 0.09182879377431907
6 0.4151960784313725 0.24513618677042803 0.07549019607843137 0.09182879377431907
6 0.32916666666666666 0.3381322957198444 0.09558823529411764 0.09182879377431907
5 0.3284313725490196 0.41478599221789886 0.08823529411764705 0.06770428015564203
5 0.4151960784313725 0.34396887159533074 0.08039215686274509 0.07003891050583658
5 0.4919117647058823 0.32217898832684827 0.08284313725490196 0.07782101167315175
5 0.6083333333333333 0.32801556420233463 0.11078431372549019 0.08793774319066149
