6 0.6974900924702774 0.3972602739726027 0.13738441215323646 0.136986301369863
6 0.42800528401585203 0.17123287671232876 0.11624834874504623 0.12915851272015655
6 0.2985468956406869 0.15166340508806261 0.13210039630118892 0.12915851272015655
6 0.1928665785997358 0.20645792563600782 0.11096433289299867 0.136986301369863
6 0.10303830911492734 0.3414872798434442 0.10039630118890357 0.14090019569471623
5 0.44914134742404227 0.27103718199608606 0.13738441215323646 0.08610567514677103
5 0.309114927344782 0.26125244618395305 0.11096433289299867 0.09784735812133072
5 0.2192866578599736 0.32583170254403127 0.1215323645970938 0.10176125244618395
5 0.1453104359313078 0.43150684931506844 0.10039630118890357 0.07827788649706457
4 0.4623513870541612 0.3669275929549902 0.1215323645970938 0.136986301369863
4 0.34610303830911493 0.38258317025440314 0.13210039630118892 0.15264187866927592
4 0.25891677675033026 0.43542074363992167 0.10568031704095113 0.13307240704500978
4 0.17701453104359313 0.5039138943248532 0.08982826948480846 0.10567514677103718
4 0.6578599735799208 0.4882583170254403 0.1215323645970938 0.10567514677103718
3 0.47556142668428003 0.4902152641878669 0.12681638044914134 0.1643835616438356
3 0.36988110964332893 0.49804305283757333 0.12681638044914134 0.1487279843444227
3 0.2906208718626156 0.5352250489236791 0.12681638044914134 0.136986301369863
3 0.22457067371202113 0.5841487279843444 0.11096433289299867 0.1095890410958904
2 0.5785997357992074 0.6272015655577299 0.16380449141347425 0.14090019569471623
0 0.44121532364597094 0.8228962818003913 0.1955085865257596 0.18003913894324852
1 0.30647291941875826 0.834637964774951 0.12681638044914134 0.21135029354207435
