1 0.35535006605019814 0.8449119373776908 0.11096433289299867 0.16144814090019569
0 0.4907529722589168 0.8419765166340508 0.2073976221928666 0.16927592954990214
2 0.6743725231175693 0.6531311154598826 0.21400264200792601 0.14285714285714285
3 0.6030383091149274 0.47700587084148727 0.12549537648612946 0.16927592954990214
3 0.4798546895640687 0.4664872798434442 0.12087186261558784 0.17465753424657532
3 0.3728533685601057 0.49168297455968685 0.1036988110964333 0.14285714285714285
3 0.29458388375165123 0.5364481409001957 0.11096433289299867 0.15313111545988256
4 0.761889035667107 0.5193248532289628 0.13936591809775428 0.1453033268101761
4 0.6046895640686922 0.348825831702544 0.13540290620871862 0.15557729941291584
4 0.4692866578599736 0.3422211350293542 0.13540290620871862 0.15313111545988256
4 0.36889035667107 0.3833170254403131 0.1142668428005284 0.1453033268101761
4 0.2513210039630119 0.4334637964774951 0.1142668428005284 0.12915851272015655
6 0.8550198150594451 0.400440313111546 0.1499339498018494 0.15313111545988256
6 0.619220607661823 0.112279843444227 0.13540290620871862 0.11105675146771037
6 0.4478203434610304 0.06727005870841488 0.13606340819022458 0.12181996086105674
6 0.29953764861294585 0.12426614481409001 0.16050198150594452 0.12426614481409001
6 0.14431968295904887 0.25758317025440314 0.1287978863936592 0.1159491193737769
5 0.20508586525759578 0.3527397260273972 0.1287978863936592 0.09001956947162426
5 0.3226552179656539 0.25758317025440314 0.13540290620871862 0.08953033268101761
5 0.4494715984147952 0.20988258317025438 0.13936591809775428 0.09001956947162426
5 0.6050198150594451 0.23532289628180036 0.142668428005284 0.09784735812133072
