0 0.47820343461030385 0.8962818003913894 0.18890356671070013 0.16634050880626222
1 0.33553500660501984 0.9068003913894325 0.1215323645970938 0.16095890410958902
2 0.6406869220607662 0.721624266144814 0.178335535006605 0.14774951076320939
3 0.560105680317041 0.5234833659491194 0.13210039630118892 0.16144814090019569
3 0.4369220607661823 0.5222602739726027 0.1287978863936592 0.16389432485322897
3 0.3583223249669749 0.5565068493150684 0.09973579920739763 0.16389432485322897
3 0.27642007926023776 0.586839530332681 0.10766182298546896 0.1453033268101761
4 0.7354689564068693 0.5819471624266145 0.14332892998678995 0.13258317025440314
4 0.5637384412153237 0.4019080234833659 0.13936591809775428 0.1560665362035225
4 0.43163804491413477 0.40313111545988256 0.11030383091149273 0.15362035225048923
4 0.3282694848084544 0.43884540117416826 0.11756935270805813 0.1506849315068493
4 0.23018494055482167 0.5088062622309197 0.1499339498018494 0.11643835616438356
6 0.8388375165125496 0.4515655577299413 0.21796565389696168 0.14285714285714285
6 0.5924702774108322 0.16634050880626222 0.15323645970937913 0.12426614481409001
6 0.4263540290620872 0.12524461839530332 0.1287978863936592 0.13209393346379647
6 0.2120211360634082 0.19545009784735812 0.13606340819022458 0.12475538160469667
6 0.037648612945838836 0.336839530332681 0.13474240422721268 0.1267123287671233
5 0.27642007926023776 0.3304794520547945 0.14332892998678995 0.10322896281800391
5 0.42833553500660504 0.2693248532289628 0.13936591809775428 0.09246575342465753
5 0.5799207397622193 0.28155577299412915 0.13606340819022458 0.08463796477495107
5 0.14795244385733158 0.4253913894324853 0.1215323645970938 0.09246575342465753
