5 0.5865257595772787 0.25220156555772993 0.11889035667107001 0.08561643835616438
5 0.48745046235138706 0.22407045009784735 0.10568031704095113 0.08317025440313111
5 0.39828269484808454 0.26076320939334635 0.10568031704095113 0.08806262230919765
5 0.3107661822985469 0.3231409001956947 0.09577278731836196 0.08072407045009784
6 0.309114927344782 0.23507827788649704 0.09907529722589167 0.10029354207436399
6 0.3949801849405548 0.1506849315068493 0.09247027741083223 0.10763209393346379
6 0.4676354029062087 0.10298434442270057 0.09247027741083223 0.10518590998043052
6 0.571664464993395 0.15924657534246575 0.08256274768824307 0.09050880626223091
6 0.7311756935270806 0.3568982387475538 0.10568031704095113 0.14921722113502933
4 0.3322324966974901 0.39774951076320936 0.08586525759577279 0.10273972602739725
4 0.3966314398943197 0.36472602739726023 0.0891677675033025 0.12475538160469667
4 0.4891017173051519 0.3402641878669276 0.09577278731836196 0.11007827788649706
4 0.5931307793923382 0.35371819960861056 0.09247027741083223 0.12720156555772993
4 0.6981505944517834 0.4718688845401174 0.09247027741083223 0.1149706457925636
3 0.48745046235138706 0.43688845401174164 0.10568031704095113 0.136986301369863
3 0.4147952443857332 0.4601272015655577 0.09907529722589167 0.12475538160469667
3 0.3371862615587847 0.48703522504892366 0.08256274768824307 0.1296477495107632
3 0.583223249669749 0.44789628180039137 0.09907529722589167 0.14921722113502933
2 0.6228533685601056 0.5922211350293541 0.15852047556142668 0.10029354207436399
1 0.38011889035667107 0.75 0.1287978863936592 0.11741682974559686
0 0.49735799207397624 0.7402152641878669 0.15852047556142668 0.15655577299412915
