0 0.5204755614266843 0.7999021526418786 0.16512549537648613 0.17123287671232876
1 0.3989431968295905 0.800880626223092 0.1083223249669749 0.14187866927592954
2 0.6245046235138706 0.5892857142857143 0.12351387054161163 0.1423679060665362
3 0.5445838837516512 0.436399217221135 0.11162483487450463 0.14677103718199608
3 0.4425363276089828 0.4640410958904109 0.11096433289299867 0.14432485322896282
3 0.35402906208718626 0.4995107632093933 0.08982826948480846 0.1223091976516634
3 0.2800528401585205 0.5511252446183953 0.10171730515191546 0.13747553816046965
4 0.6750330250990753 0.4415362035225049 0.11096433289299867 0.11790606653620352
4 0.5237780713342141 0.33170254403131116 0.11096433289299867 0.12035225048923678
4 0.42305151915455746 0.3561643835616438 0.1142668428005284 0.12426614481409001
4 0.32694848084544254 0.4072896281800391 0.0964332892998679 0.11986301369863013
4 0.24603698811096433 0.46501956947162426 0.1023778071334214 0.11105675146771037
5 0.4801849405548217 0.22162426614481406 0.1202113606340819 0.0821917808219178
5 0.3794583883751651 0.2326320939334638 0.11162483487450463 0.09148727984344422
5 0.27873183619550856 0.28498043052837574 0.1202113606340819 0.0885518590998043
5 0.21598414795244386 0.3816046966731898 0.1083223249669749 0.0821917808219178
6 0.6694187582562747 0.3204500978473581 0.1261558784676354 0.14677103718199608
6 0.4379128137384412 0.12377690802348336 0.1083223249669749 0.10469667318982387
6 0.34940554821664466 0.11815068493150685 0.09907529722589167 0.1159491193737769
6 0.25495376486129456 0.17049902152641877 0.08982826948480846 0.10420743639921722
6 0.17206076618229854 0.30161448140900193 0.10501981505944517 0.10909980430528375
