0 0.5495376486129459 0.8314579256360077 0.178335535006605 0.1560665362035225
1 0.43890356671070013 0.8434442270058709 0.11030383091149273 0.15362035225048923
2 0.6707397622192867 0.6915362035225049 0.1750330250990753 0.11105675146771037
3 0.6512549537648613 0.5325342465753424 0.1215323645970938 0.15313111545988256
3 0.547225891677675 0.5151663405088063 0.11030383091149273 0.15851272015655576
3 0.4676354029062087 0.533757338551859 0.10039630118890357 0.13209393346379647
3 0.40290620871862615 0.5550391389432485 0.0964332892998679 0.13454011741682975
4 0.3642668428005284 0.47431506849315064 0.09313077939233817 0.11105675146771037
4 0.45673712021136065 0.4280821917808219 0.11030383091149273 0.1350293542074364
4 0.5531704095112285 0.4055772994129158 0.1036988110964333 0.11643835616438356
4 0.667437252311757 0.4134050880626223 0.1036988110964333 0.12133072407045009
4 0.8134081902245707 0.607876712328767 0.13540290620871862 0.09540117416829745
6 0.9134742404227213 0.5271526418786693 0.142668428005284 0.1296477495107632
6 0.7404227212681638 0.2326320939334638 0.1215323645970938 0.1296477495107632
6 0.583223249669749 0.16756360078277885 0.1215323645970938 0.1267123287671233
6 0.39597093791281374 0.20474559686888452 0.13936591809775428 0.13747553816046965
6 0.2476882430647292 0.33170254403131116 0.10700132100396301 0.12133072407045009
5 0.3068031704095112 0.4055772994129158 0.09973579920739763 0.0821917808219178
5 0.4210700132100396 0.3182485322896282 0.11822985468956407 0.08463796477495107
5 0.5690224570673712 0.2906066536203522 0.1142668428005284 0.07632093933463796
5 0.6925363276089829 0.3250978473581213 0.1036988110964333 0.09246575342465753
