6 0.5977542932628798 0.22309197651663404 0.12813738441215325 0.11643835616438356
6 0.42833553500660504 0.1834637964774951 0.13936591809775428 0.12720156555772993
6 0.28170409511228534 0.23507827788649704 0.13936591809775428 0.11888454011741682
6 0.14795244385733158 0.3725538160469667 0.08586525759577279 0.11888454011741682
6 0.761889035667107 0.4637964774951076 0.12087186261558784 0.13209393346379647
5 0.5852047556142669 0.3250978473581213 0.12549537648612946 0.07681017612524461
5 0.4372523117569353 0.2957436399217221 0.12549537648612946 0.08463796477495107
5 0.3243064729194188 0.33977495107632094 0.13210039630118892 0.08463796477495107
5 0.20112285336856012 0.44398238747553814 0.0891677675033025 0.08463796477495107
4 0.3513870541611625 0.4415362035225049 0.10700132100396301 0.1296477495107632
4 0.440554821664465 0.4070450097847358 0.10039630118890357 0.1350293542074364
4 0.5620871862615587 0.4175636007827788 0.1215323645970938 0.1296477495107632
4 0.26750330250990756 0.4982876712328767 0.12549537648612946 0.10616438356164383
4 0.7103698811096434 0.5738747553816047 0.1142668428005284 0.11154598825831702
3 0.5426023778071334 0.5139432485322896 0.1036988110964333 0.13747553816046965
3 0.4441875825627477 0.5207925636007827 0.09313077939233817 0.1296477495107632
3 0.3748348745046235 0.5352250489236791 0.0891677675033025 0.13209393346379647
3 0.3084544253632761 0.574853228962818 0.09247027741083223 0.13209393346379647
2 0.5904887714663144 0.6837084148727984 0.17437252311756934 0.11399217221135029
0 0.4871202113606341 0.8500489236790606 0.17107001321003965 0.16389432485322897
1 0.37450462351387054 0.8524951076320939 0.11756935270805813 0.13747553816046965
