1 0.42833553500660504 0.7942759295499021 0.1287978863936592 0.18248532289628178
0 0.5604359313077939 0.7969667318982387 0.19616908850726553 0.22211350293542073
2 0.6958388375165125 0.5831702544031311 0.17107001321003965 0.16144814090019569
3 0.6046895640686922 0.4241682974559687 0.13540290620871862 0.18003913894324852
3 0.4976882430647292 0.41511741682974557 0.1142668428005284 0.1560665362035225
3 0.41380449141347425 0.449119373776908 0.1036988110964333 0.1506849315068493
3 0.33883751651254956 0.4875244618395303 0.10303830911492734 0.13747553816046965
4 0.7942536327608983 0.4518101761252446 0.1142668428005284 0.11888454011741682
4 0.6066710700132101 0.29721135029354206 0.13936591809775428 0.13747553816046965
4 0.4725891677675033 0.3050391389432485 0.1142668428005284 0.14823874755381605
4 0.36922060766182296 0.348825831702544 0.12813738441215325 0.12915851272015655
4 0.29260237780713344 0.410958904109589 0.13210039630118892 0.11643835616438356
6 0.8867239101717305 0.3356164383561644 0.1644649933949802 0.16634050880626222
6 0.6066710700132101 0.0922211350293542 0.14597093791281374 0.11888454011741682
6 0.392668428005284 0.0658023483365949 0.12483487450462351 0.11888454011741682
6 0.24966974900924702 0.14261252446183953 0.11756935270805813 0.1296477495107632
6 0.14233817701453105 0.2482876712328767 0.13936591809775428 0.10322896281800391
5 0.226221928665786 0.3395303326810176 0.1036988110964333 0.0821917808219178
5 0.3137384412153236 0.24437377690802348 0.11756935270805813 0.08953033268101761
5 0.42470277410832236 0.1888454011741683 0.11756935270805813 0.09001956947162426
5 0.6103038309114928 0.19569471624266144 0.16380449141347425 0.09001956947162426
