0 0.5092470277410832 0.8490704500978473 0.15191545574636725 0.15117416829745595
1 0.39299867899603697 0.8613013698630136 0.10435931307793923 0.15117416829745595
2 0.6354029062087186 0.6697651663405088 0.14002642007926025 0.11839530332681017
3 0.5630779392338177 0.5437866927592955 0.09973579920739763 0.13943248532289626
3 0.46499339498018494 0.5335127201565557 0.0964332892998679 0.14823874755381605
3 0.3847424042272127 0.5601761252446184 0.07992073976221929 0.13013698630136986
3 0.31869220607661825 0.5971135029354208 0.08388375165125496 0.12769080234833657
4 0.2929326287978864 0.511252446183953 0.08784676354029063 0.10371819960861056
4 0.38110964332893 0.4608610567514677 0.0964332892998679 0.12133072407045009
4 0.4630118890356671 0.43419765166340507 0.09247027741083223 0.11007827788649706
4 0.5650594451783355 0.43419765166340507 0.09577278731836196 0.12769080234833657
4 0.7090488771466315 0.5557729941291585 0.09577278731836196 0.09784735812133072
6 0.7675033025099075 0.4503424657534246 0.12417437252311757 0.13649706457925637
6 0.571003963011889 0.24437377690802348 0.09973579920739763 0.11007827788649706
6 0.4570673712021136 0.19985322896281799 0.10435931307793923 0.11007827788649706
6 0.3490752972258917 0.24437377690802348 0.1036988110964333 0.13356164383561642
6 0.24471598414795245 0.3378180039138943 0.07992073976221929 0.11888454011741682
5 0.26486129458388374 0.43566536203522505 0.1202113606340819 0.07681017612524461
5 0.35072655217965654 0.3556751467710372 0.11624834874504623 0.07729941291585127
5 0.46499339498018494 0.31555772994129155 0.10435931307793923 0.07436399217221135
5 0.5713342140026421 0.32289628180039137 0.11624834874504623 0.08904109589041095
