5 0.5865257595772787 0.22015655577299412 0.13738441215323646 0.11741682974559686
5 0.43593130779392336 0.22211350293542073 0.142668428005284 0.0821917808219178
5 0.31704095112285335 0.27690802348336596 0.12681638044914134 0.09784735812133072
5 0.20343461030383092 0.3904109589041096 0.10039630118890357 0.0821917808219178
6 0.6235138705416117 0.13013698630136986 0.13738441215323646 0.12524461839530332
6 0.4438573315719947 0.0949119373776908 0.11624834874504623 0.1095890410958904
6 0.285336856010568 0.16144814090019569 0.13738441215323646 0.13307240704500978
6 0.12417437252311757 0.312133072407045 0.11096433289299867 0.09001956947162426
6 0.7899603698811096 0.32583170254403127 0.15323645970937913 0.13307240704500978
4 0.5548216644649934 0.33170254403131116 0.10568031704095113 0.11350293542074363
4 0.45442536327608984 0.33268101761252444 0.10568031704095113 0.14090019569471623
4 0.3619550858652576 0.3904109589041096 0.11096433289299867 0.12133072407045009
4 0.2774108322324967 0.46281800391389427 0.11096433289299867 0.09393346379647749
4 0.7424042272126816 0.43542074363992167 0.11096433289299867 0.11741682974559686
3 0.5574636723910171 0.43737769080234834 0.1215323645970938 0.14481409001956946
3 0.46499339498018494 0.45303326810176126 0.11624834874504623 0.14481409001956946
3 0.3910171730515192 0.48043052837573386 0.095112285336856 0.12915851272015655
3 0.332892998678996 0.5254403131115459 0.11624834874504623 0.1095890410958904
2 0.665785997357992 0.573385518590998 0.13738441215323646 0.11350293542074363
0 0.5785997357992074 0.7563600782778864 0.15323645970937913 0.18786692759295498
1 0.4702774108322325 0.783757338551859 0.12681638044914134 0.18003913894324852
