1 0.3487450462351387 0.7798434442270058 0.095112285336856 0.14090019569471623
0 0.45178335535006603 0.7954990215264187 0.142668428005284 0.18003913894324852
2 0.6261558784676354 0.6203522504892367 0.18494055482166447 0.12133072407045009
3 0.3249669749009247 0.5293542074363992 0.07926023778071334 0.12524461839530332
3 0.3989431968295905 0.5078277886497065 0.08982826948480846 0.12133072407045009
3 0.4676354029062087 0.4765166340508806 0.10039630118890357 0.136986301369863
3 0.5468956406869221 0.4765166340508806 0.08982826948480846 0.12915851272015655
4 0.726552179656539 0.5430528375733855 0.13210039630118892 0.09784735812133072
4 0.2774108322324967 0.46281800391389427 0.10039630118890357 0.07827788649706457
4 0.36459709379128136 0.4217221135029354 0.07397622192866579 0.10567514677103718
4 0.4676354029062087 0.38649706457925637 0.08982826948480846 0.10567514677103718
4 0.5785997357992074 0.3786692759295499 0.10039630118890357 0.11350293542074363
6 0.8401585204755614 0.4481409001956947 0.13738441215323646 0.136986301369863
6 0.6737120211360634 0.19275929549902152 0.11096433289299867 0.11741682974559686
6 0.45178335535006603 0.15166340508806261 0.1215323645970938 0.12915851272015655
6 0.27212681638044917 0.2162426614481409 0.13210039630118892 0.11741682974559686
6 0.11624834874504623 0.3356164383561644 0.12681638044914134 0.12133072407045009
5 0.6287978863936592 0.2847358121330724 0.12681638044914134 0.09001956947162426
5 0.4623513870541612 0.2749510763209393 0.13210039630118892 0.08610567514677103
5 0.31704095112285335 0.3180039138943248 0.12681638044914134 0.08610567514677103
5 0.19815059445178335 0.410958904109589 0.10039630118890357 0.07827788649706457
