0 0.5554821664464994 0.7808219178082192 0.16512549537648613 0.13307240704500978
1 0.4326287978863937 0.7756849315068493 0.09907529722589167 0.1433463796477495
2 0.714663143989432 0.6169275929549902 0.15587846763540292 0.1086105675146771
3 0.6377146631439894 0.487279843444227 0.09445178335535007 0.15362035225048923
3 0.5386393659180978 0.4821428571428571 0.1036988110964333 0.13649706457925637
3 0.4633421400264201 0.523972602739726 0.08520475561426684 0.12915851272015655
3 0.39233817701453105 0.5623776908023483 0.0845442536327609 0.1149706457925636
4 0.35468956406869223 0.5029354207436398 0.09379128137384413 0.07338551859099804
4 0.4372523117569353 0.4261252446183953 0.09907529722589167 0.1086105675146771
4 0.5340158520475562 0.38943248532289626 0.1036988110964333 0.11154598825831702
4 0.6519154557463672 0.37720156555772993 0.10435931307793923 0.11545988258317025
4 0.8229854689564069 0.5310665362035225 0.11756935270805813 0.1012720156555773
6 0.916116248348745 0.4452054794520548 0.12285336856010567 0.14677103718199608
6 0.6756935270805813 0.21306262230919765 0.12285336856010567 0.1012720156555773
6 0.5175033025099075 0.18664383561643835 0.13672391017173052 0.11203522504892367
6 0.35700132100396303 0.2409491193737769 0.10898282694848084 0.10812133072407044
6 0.2321664464993395 0.39285714285714285 0.09445178335535007 0.09784735812133072
5 0.29227212681638043 0.44691780821917804 0.07595772787318363 0.06311154598825831
5 0.38771466314398945 0.3439334637964775 0.12285336856010567 0.07729941291585127
5 0.5221268163804491 0.29158512720156554 0.10898282694848084 0.08414872798434442
5 0.6707397622192867 0.30381604696673187 0.12219286657859973 0.08023483365949119
