5 0.4808454425363276 0.3238747553816047 0.12681638044914134 0.09784735812133072
5 0.6023778071334214 0.3512720156555773 0.11624834874504623 0.09784735812133072
5 0.35931307793923384 0.37671232876712324 0.12681638044914134 0.08610567514677103
5 0.2536327608982827 0.4510763209393346 0.12681638044914134 0.08610567514677103
6 0.2166446499339498 0.35518590998043054 0.11624834874504623 0.12133072407045009
6 0.3487450462351387 0.24951076320939333 0.10568031704095113 0.12133072407045009
6 0.4702774108322325 0.1908023483365949 0.10568031704095113 0.12133072407045009
6 0.5997357992073976 0.25538160469667315 0.11096433289299867 0.11741682974559686
6 0.7952443857331573 0.48630136986301364 0.142668428005284 0.1643835616438356
4 0.29326287978863935 0.5352250489236791 0.08982826948480846 0.11350293542074363
4 0.3857331571994716 0.4823874755381604 0.095112285336856 0.11741682974559686
4 0.4940554821664465 0.45303326810176126 0.10039630118890357 0.10567514677103718
4 0.6129458388375165 0.45401174168297453 0.11624834874504623 0.13307240704500978
4 0.7529722589167768 0.598825831702544 0.11096433289299867 0.10176125244618395
3 0.31175693527080584 0.6193737769080234 0.0845442536327609 0.13307240704500978
3 0.3989431968295905 0.5841487279843444 0.08982826948480846 0.13307240704500978
3 0.48348745046235136 0.5626223091976517 0.10039630118890357 0.14481409001956946
3 0.5918097754293263 0.5567514677103718 0.095112285336856 0.14090019569471623
2 0.6605019815059445 0.7377690802348336 0.15852047556142668 0.12915851272015655
1 0.36459709379128136 0.920743639921722 0.11624834874504623 0.12524461839530332
0 0.5046235138705416 0.9129158512720156 0.1955085865257596 0.15655577299412915
