0 0.49933949801849403 0.8463796477495107 0.15323645970937913 0.21135029354207435
1 0.38837516512549536 0.8639921722113503 0.10039630118890357 0.16829745596868884
2 0.6050198150594451 0.684931506849315 0.13210039630118892 0.11643835616438356
4 0.7083883751651255 0.6000489236790606 0.12087186261558784 0.08170254403131115
4 0.6013870541611624 0.46771037181996084 0.09313077939233817 0.11350293542074363
4 0.4976882430647292 0.46232876712328763 0.09313077939233817 0.09784735812133072
4 0.40323645970937916 0.47969667318982384 0.0891677675033025 0.10616438356164383
4 0.29953764861294585 0.5220156555772993 0.07463672391017173 0.07925636007827788
3 0.32628797886393657 0.598825831702544 0.08586525759577279 0.11643835616438356
3 0.3976221928665786 0.5655577299412915 0.071334214002642 0.1086105675146771
3 0.48348745046235136 0.5432974559686888 0.071334214002642 0.11105675146771037
3 0.5762879788639366 0.5552837573385518 0.0785997357992074 0.12426614481409001
6 0.7959048877146632 0.5313111545988258 0.13210039630118892 0.12426614481409001
6 0.6601717305151915 0.29843444227005866 0.1036988110964333 0.09784735812133072
6 0.5171730515191546 0.2482876712328767 0.0964332892998679 0.10812133072407044
6 0.41743725231175693 0.27470645792563597 0.0964332892998679 0.11399217221135029
6 0.25660501981505945 0.3779354207436399 0.11030383091149273 0.10322896281800391
5 0.2727873183619551 0.46110567514677103 0.10039630118890357 0.06898238747553816
5 0.40323645970937916 0.39114481409001955 0.1036988110964333 0.07093933463796477
5 0.5138705416116248 0.35543052837573386 0.0964332892998679 0.07974559686888454
5 0.6403566710700133 0.3845401174168297 0.09973579920739763 0.07925636007827788
