0 0.5178335535006605 0.7465753424657534 0.13738441215323646 0.18395303326810175
1 0.4147952443857332 0.7622309197651663 0.1215323645970938 0.16046966731898238
2 0.6393659180977543 0.5978473581213307 0.15852047556142668 0.11350293542074363
3 0.332892998678996 0.49217221135029354 0.095112285336856 0.14481409001956946
3 0.4095112285336856 0.4549902152641878 0.11096433289299867 0.13307240704500978
3 0.4861294583883752 0.449119373776908 0.10568031704095113 0.1761252446183953
3 0.5944517833553501 0.44129158512720157 0.11096433289299867 0.136986301369863
4 0.7582562747688243 0.509784735812133 0.13210039630118892 0.11741682974559686
4 0.29326287978863935 0.41976516634050876 0.11096433289299867 0.09393346379647749
4 0.39365918097754293 0.37084148727984345 0.10039630118890357 0.10567514677103718
4 0.49933949801849403 0.34931506849315064 0.11096433289299867 0.10176125244618395
4 0.6103038309114928 0.35518590998043054 0.10039630118890357 0.10567514677103718
6 0.845442536327609 0.40998043052837574 0.15852047556142668 0.12915851272015655
6 0.6816380449141347 0.16731898238747553 0.14795244385733158 0.12133072407045009
6 0.5468956406869221 0.11839530332681017 0.16380449141347425 0.11741682974559686
6 0.3276089828269485 0.15166340508806261 0.13738441215323646 0.11350293542074363
6 0.1690885072655218 0.26125244618395305 0.11624834874504623 0.09784735812133072
5 0.23249669749009247 0.3473581213307241 0.095112285336856 0.0821917808219178
5 0.35931307793923384 0.2632093933463796 0.12681638044914134 0.09393346379647749
5 0.5151915455746368 0.22407045009784735 0.13210039630118892 0.08610567514677103
5 0.6472919418758256 0.2592954990215264 0.142668428005284 0.10176125244618395
