0 0.4965686274509804 0.6568093385214008 0.13431372549019607 0.1501945525291829
1 0.39534313725490194 0.6918287937743192 0.0946078431372549 0.12217898832684826
2 0.5882352941176471 0.5147859922178989 0.13725490196078433 0.09571984435797666
3 0.5325980392156863 0.3832684824902724 0.0946078431372549 0.13229571984435798
3 0.4556372549019608 0.3780155642023347 0.07205882352941176 0.1217898832684825
3 0.3821078431372549 0.40525291828793775 0.075 0.11945525291828794
3 0.3299019607843137 0.43638132295719845 0.08823529411764705 0.1350194552529183
4 0.6678921568627451 0.41498054474708174 0.0946078431372549 0.1038910505836576
4 0.5357843137254902 0.28326848249027237 0.10098039215686275 0.11906614785992219
4 0.4588235294117647 0.28579766536964984 0.09803921568627451 0.11400778210116733
4 0.38063725490196076 0.31692607003891055 0.08480392156862746 0.1038910505836576
4 0.30686274509803924 0.35330739299610897 0.06862745098039216 0.0933852140077821
6 0.7465686274509804 0.33385214007782105 0.11764705882352941 0.10661478599221791
6 0.5225490196078432 0.1276264591439689 0.08823529411764705 0.08793774319066149
6 0.4213235294117647 0.10038910505836576 0.0946078431372549 0.10116731517509728
6 0.3431372549019608 0.13677042801556422 0.10784313725490197 0.09610894941634242
6 0.23186274509803922 0.21459143968871597 0.10098039215686275 0.09610894941634242
5 0.2647058823529412 0.29319066147859923 0.08529411764705883 0.07276264591439689
5 0.35955882352941176 0.23715953307392998 0.11127450980392156 0.06498054474708172
5 0.4362745098039216 0.19902723735408562 0.0784313725490196 0.05953307392996109
5 0.5325980392156863 0.21459143968871597 0.0946078431372549 0.07509727626459145
