5 0.5782694848084544 0.18493150684931506 0.13936591809775428 0.0821917808219178
5 0.4263540290620872 0.17172211350293543 0.14332892998678995 0.08708414872798434
5 0.31010568031704094 0.2326320939334638 0.13936591809775428 0.07681017612524461
5 0.23712021136063408 0.3845401174168297 0.10039630118890357 0.0684931506849315
6 0.18725231175693527 0.3131115459882583 0.1142668428005284 0.0949119373776908
6 0.2747688243064729 0.12915851272015655 0.11756935270805813 0.09784735812133072
6 0.392668428005284 0.046232876712328765 0.13936591809775428 0.1159491193737769
6 0.5888375165125496 0.08023483365949119 0.12483487450462351 0.10567514677103718
6 0.8388375165125496 0.3302348336594912 0.15323645970937913 0.1506849315068493
4 0.5422721268163805 0.27617416829745595 0.1215323645970938 0.1560665362035225
4 0.4332892998678996 0.2908512720156556 0.1215323645970938 0.1296477495107632
4 0.33322324966974903 0.3395303326810176 0.1142668428005284 0.12720156555772993
4 0.2638705416116248 0.44789628180039137 0.1036988110964333 0.11105675146771037
4 0.726221928665786 0.44129158512720157 0.11030383091149273 0.11643835616438356
3 0.5389696169088507 0.39774951076320936 0.11096433289299867 0.14285714285714285
3 0.4319682959048877 0.3950587084148728 0.0964332892998679 0.1296477495107632
3 0.34775429326287977 0.43590998043052837 0.09973579920739763 0.12426614481409001
3 0.29590488771466317 0.5207925636007827 0.08190224570673713 0.10812133072407044
2 0.6050198150594451 0.5777886497064579 0.1571994715984148 0.11643835616438356
0 0.5102377807133421 0.7282289628180039 0.16050198150594452 0.17954990215264188
1 0.40323645970937916 0.7771526418786693 0.11822985468956407 0.1560665362035225
