1 0.3371862615587847 0.8502935420743639 0.1287978863936592 0.16634050880626222
0 0.4752311756935271 0.8412426614481409 0.19484808454425365 0.21281800391389433
2 0.6221928665785997 0.6406555772994129 0.178335535006605 0.12475538160469667
3 0.5683619550858653 0.4821428571428571 0.1023778071334214 0.17857142857142855
3 0.45772787318361957 0.4784735812133072 0.11889035667107001 0.15655577299412915
3 0.3718626155878468 0.5017123287671232 0.09247027741083223 0.14432485322896282
3 0.2952443857331572 0.5342465753424657 0.09907529722589167 0.15655577299412915
4 0.7229194187582563 0.523238747553816 0.14200792602377807 0.1296477495107632
4 0.5782694848084544 0.36472602739726023 0.14200792602377807 0.14432485322896282
4 0.4560766182298547 0.3561643835616438 0.1287978863936592 0.15655577299412915
4 0.3619550858652576 0.39652641878669276 0.10568031704095113 0.14921722113502933
4 0.2645310435931308 0.4417808219178082 0.1155878467635403 0.1223091976516634
6 0.8143989431968296 0.4136497064579256 0.15852047556142668 0.14432485322896282
6 0.583223249669749 0.15557729941291584 0.12549537648612946 0.136986301369863
6 0.4379128137384412 0.11643835616438356 0.13210039630118892 0.13209393346379647
6 0.31737120211360637 0.16903131115459882 0.1023778071334214 0.11986301369863013
6 0.17536327608982827 0.2717710371819961 0.1155878467635403 0.11007827788649706
5 0.20277410832232498 0.36472602739726023 0.13210039630118892 0.09050880626223091
5 0.32232496697490093 0.2913405088062622 0.13210039630118892 0.08561643835616438
5 0.4395640686922061 0.24853228962818003 0.1287978863936592 0.07338551859099804
5 0.5848745046235139 0.26810176125244617 0.13540290620871862 0.08317025440313111
