5 0.6112945838837517 0.22407045009784735 0.1155878467635403 0.07338551859099804
5 0.48183619550858653 0.19667318982387474 0.12219286657859973 0.07338551859099804
5 0.3503963011889036 0.25954011741682975 0.1155878467635403 0.08561643835616438
5 0.22490092470277412 0.3439334637964775 0.1023778071334214 0.07338551859099804
6 0.18527080581241745 0.25709393346379644 0.10898282694848084 0.10518590998043052
6 0.3520475561426684 0.14090019569471623 0.11889035667107001 0.10273972602739725
6 0.49570673712021135 0.07974559686888454 0.14200792602377807 0.11252446183953033
6 0.6393659180977543 0.13356164383561642 0.11228533685601057 0.09784735812133072
6 0.809445178335535 0.36472602739726023 0.15521796565389695 0.13943248532289626
4 0.2760898282694848 0.4136497064579256 0.11889035667107001 0.1149706457925636
4 0.37681638044914134 0.3659491193737769 0.1155878467635403 0.136986301369863
4 0.4676354029062087 0.32191780821917804 0.11889035667107001 0.14187866927592954
4 0.5931307793923382 0.3304794520547945 0.10568031704095113 0.11986301369863013
4 0.7278731836195509 0.46942270058708413 0.12549537648612946 0.1296477495107632
3 0.3107661822985469 0.512720156555773 0.1155878467635403 0.15655577299412915
3 0.38177014531043596 0.47602739726027393 0.10568031704095113 0.15655577299412915
3 0.4669749009247028 0.44251467710371817 0.11889035667107001 0.16878669275929548
3 0.5799207397622193 0.449119373776908 0.10568031704095113 0.17123287671232876
2 0.6344121532364597 0.6154598825831702 0.16842800528401586 0.13209393346379647
0 0.48348745046235136 0.7898727984344422 0.19154557463672392 0.18835616438356162
1 0.36690885072655216 0.8087084148727984 0.12219286657859973 0.15655577299412915
