1 0.488441215323646 0.8216731898238747 0.14200792602377807 0.1834637964774951
0 0.6212021136063408 0.7788649706457925 0.1882430647291942 0.18101761252446183
2 0.7410832232496698 0.5812133072407044 0.15852047556142668 0.12720156555772993
3 0.6608322324966975 0.43566536203522505 0.1155878467635403 0.17367906066536204
3 0.5535006605019815 0.4246575342465753 0.11889035667107001 0.15166340508806261
3 0.4725891677675033 0.4601272015655577 0.10898282694848084 0.14921722113502933
3 0.39597093791281374 0.5085616438356164 0.10898282694848084 0.1541095890410959
4 0.8137384412153237 0.4620841487279843 0.13210039630118892 0.13454011741682975
4 0.6832892998678997 0.312866927592955 0.14200792602377807 0.1296477495107632
4 0.5551519154557464 0.3194716242661448 0.1287978863936592 0.1223091976516634
4 0.4511228533685601 0.362279843444227 0.12549537648612946 0.1296477495107632
4 0.35535006605019814 0.43199608610567514 0.10568031704095113 0.10273972602739725
6 0.8969616908850727 0.335371819960861 0.16512549537648613 0.1541095890410959
6 0.7235799207397622 0.10787671232876711 0.1155878467635403 0.10029354207436399
6 0.594782034346103 0.08341487279843443 0.12219286657859973 0.1149706457925636
6 0.38011889035667107 0.14090019569471623 0.13540290620871862 0.11741682974559686
6 0.2166446499339498 0.2840019569471624 0.10568031704095113 0.11007827788649706
5 0.2919418758256275 0.36472602739726023 0.10568031704095113 0.07583170254403131
5 0.41149273447820345 0.25954011741682975 0.1453104359313078 0.08561643835616438
5 0.5766182298546896 0.2045009784735812 0.13210039630118892 0.08806262230919765
5 0.7004623513870541 0.20939334637964774 0.12219286657859973 0.10273972602739725
