5 0.47377450980392155 0.22490272373540857 0.1142156862745098 0.07548638132295721
5 0.37401960784313726 0.23268482490272374 0.09117647058823529 0.08015564202334631
5 0.29215686274509806 0.29747081712062257 0.09803921568627451 0.07509727626459145
5 0.24509803921568626 0.39610894941634245 0.08823529411764705 0.07003891050583658
6 0.6764705882352942 0.26381322957198444 0.10784313725490197 0.13229571984435798
6 0.4605392156862745 0.1379377431906615 0.0946078431372549 0.08832684824902724
6 0.32009803921568625 0.1379377431906615 0.09509803921568627 0.09844357976653698
6 0.22549019607843138 0.2068093385214008 0.10784313725490197 0.0906614785992218
6 0.16813725490196077 0.33910505836575877 0.09803921568627451 0.0906614785992218
4 0.5080882352941176 0.31167315175097277 0.10441176470588236 0.10894941634241245
4 0.4213235294117647 0.32490272373540857 0.11127450980392156 0.1245136186770428
4 0.3558823529411765 0.3752918287937743 0.10784313725490197 0.10622568093385215
4 0.31348039215686274 0.4466926070038911 0.10147058823529412 0.07782101167315175
4 0.6485294117647059 0.3663424124513619 0.08823529411764705 0.1038910505836576
3 0.5291666666666667 0.3972762645914397 0.10147058823529412 0.1245136186770428
3 0.4573529411764706 0.4182879377431907 0.10784313725490197 0.1245136186770428
3 0.4068627450980392 0.4480544747081712 0.09803921568627451 0.10622568093385215
3 0.3676470588235294 0.492023346303502 0.11764705882352941 0.10622568093385215
2 0.6419117647058823 0.5038910505836576 0.10441176470588236 0.1245136186770428
0 0.5833333333333334 0.6970817120622569 0.1568627450980392 0.16848249027237355
1 0.48848039215686273 0.7126459143968872 0.08480392156862746 0.15836575875486383
