1 0.3834214002642008 0.7509784735812133 0.09973579920739763 0.13405088062622308
0 0.48877146631439894 0.7409491193737768 0.1453104359313078 0.15802348336594912
2 0.6334214002642008 0.6218199608610567 0.18626155878467635 0.0958904109589041
4 0.7509907529722589 0.5393835616438356 0.11889035667107001 0.07387475538160469
4 0.6297886393659181 0.37377690802348335 0.1023778071334214 0.13405088062622308
4 0.5194848084544254 0.36374755381604695 0.08652575957727873 0.11399217221135029
4 0.41974900924702774 0.3776908023483366 0.08652575957727873 0.11741682974559686
4 0.33883751651254956 0.4136497064579256 0.08058124174372523 0.08953033268101761
3 0.3655878467635403 0.5014677103718199 0.08652575957727873 0.13013698630136986
3 0.43295904887714665 0.4755381604696673 0.07595772787318363 0.13013698630136986
3 0.49801849405548215 0.4684442270058708 0.07001321003963012 0.1316046966731898
3 0.5921400264200792 0.4674657534246575 0.07595772787318363 0.12573385518590996
6 0.8470937912813739 0.46061643835616434 0.1644649933949802 0.10812133072407044
6 0.6984808454425363 0.20205479452054792 0.09445178335535007 0.10567514677103718
6 0.5505284015852048 0.14310176125244617 0.10501981505944517 0.1159491193737769
6 0.41017173051519157 0.17098825831702544 0.10568031704095113 0.10812133072407044
6 0.2575957727873184 0.25880626223091974 0.07529722589167767 0.09980430528375733
5 0.29953764861294585 0.349559686888454 0.09445178335535007 0.07387475538160469
5 0.41743725231175693 0.28155577299412915 0.12681638044914134 0.06996086105675146
5 0.5343461030383091 0.2629647749510763 0.09114927344782034 0.07583170254403131
5 0.6714002642007926 0.2947651663405088 0.10501981505944517 0.07974559686888454
