5 0.5291666666666667 0.26536964980544747 0.07990196078431372 0.06147859922178989
5 0.42892156862745096 0.2509727626459144 0.07549019607843137 0.06536964980544747
5 0.34681372549019607 0.2809338521400778 0.08872549019607844 0.0669260700389105
5 0.26838235294117646 0.3424124513618677 0.07303921568627451 0.05603112840466926
6 0.2375 0.27801556420233464 0.08872549019607844 0.07976653696498055
6 0.33088235294117646 0.18657587548638133 0.0892156862745098 0.09221789883268483
6 0.43357843137254903 0.16673151750972764 0.07990196078431372 0.07042801556420233
6 0.5416666666666666 0.1813229571984436 0.09117647058823529 0.07782101167315175
6 0.6571078431372549 0.3521400778210117 0.08872549019607844 0.09416342412451363
4 0.5127450980392156 0.34727626459143973 0.07058823529411765 0.09221789883268483
4 0.4392156862745098 0.3503891050583658 0.08235294117647059 0.10155642023346305
4 0.3674019607843137 0.37392996108949417 0.07107843137254902 0.09416342412451363
4 0.29901960784313725 0.41108949416342416 0.07549019607843137 0.08521400778210117
4 0.6134803921568628 0.4373540856031129 0.07990196078431372 0.0793774319066148
3 0.5066176470588235 0.43365758754863815 0.07990196078431372 0.1303501945525292
3 0.4357843137254902 0.4410505836575876 0.07941176470588235 0.11945525291828794
3 0.3764705882352941 0.4507782101167315 0.061764705882352944 0.10311284046692608
3 0.3193627450980392 0.47451361867704284 0.0661764705882353 0.09610894941634242
2 0.5490196078431373 0.5408560311284047 0.10196078431372549 0.09883268482490273
0 0.4573529411764706 0.6943579766536966 0.12745098039215685 0.13735408560311285
1 0.36151960784313725 0.6896887159533075 0.07794117647058824 0.13579766536964982
