0 0.4570673712021136 0.9072896281800391 0.18494055482166447 0.13943248532289626
1 0.3322324966974901 0.8906555772994129 0.11889035667107001 0.1541095890410959
2 0.6535667107001321 0.7389921722113503 0.19484808454425365 0.1296477495107632
3 0.5914795244385733 0.5909980430528375 0.14861294583883752 0.18101761252446183
3 0.4808454425363276 0.5775440313111546 0.11889035667107001 0.16878669275929548
3 0.38837516512549536 0.5946673189823874 0.10568031704095113 0.16878669275929548
3 0.2942536327608983 0.6179060665362035 0.10898282694848084 0.15166340508806261
4 0.7483487450462352 0.6142367906066536 0.12549537648612946 0.1149706457925636
4 0.619550858652576 0.46257338551859095 0.12549537648612946 0.13943248532289626
4 0.48414795244385733 0.45890410958904104 0.13210039630118892 0.13209393346379647
4 0.38507265521796563 0.48336594911937375 0.11228533685601057 0.13209393346379647
4 0.2892998678996037 0.5212818003913894 0.10568031704095113 0.1149706457925636
6 0.8639365918097754 0.5237279843444227 0.17173051519154559 0.12475538160469667
6 0.6938573315719947 0.25709393346379644 0.12219286657859973 0.10518590998043052
6 0.5221268163804491 0.211839530332681 0.12219286657859973 0.11741682974559686
6 0.39332892998679 0.2509784735812133 0.1155878467635403 0.11741682974559686
6 0.2331571994715984 0.3414872798434442 0.09907529722589167 0.11252446183953033
5 0.2513210039630119 0.4417808219178082 0.12219286657859973 0.08317025440313111
5 0.3867239101717305 0.37206457925636005 0.1287978863936592 0.08072407045009784
5 0.5089167767503302 0.3414872798434442 0.13540290620871862 0.07338551859099804
5 0.6542272126816381 0.362279843444227 0.12219286657859973 0.09540117416829745
