5 0.571664464993395 0.23385518590998042 0.12219286657859973 0.08806262230919765
5 0.4263540290620872 0.22284735812133072 0.13540290620871862 0.08561643835616438
5 0.29590488771466317 0.25587084148727984 0.12549537648612946 0.08317025440313111
5 0.178665785997358 0.3304794520547945 0.10898282694848084 0.07583170254403131
6 0.16380449141347425 0.2301859099804305 0.09907529722589167 0.11007827788649706
6 0.29260237780713344 0.125 0.11889035667107001 0.1296477495107632
6 0.41974900924702774 0.09809197651663404 0.14200792602377807 0.1149706457925636
6 0.5898282694848085 0.1360078277886497 0.10568031704095113 0.10273972602739725
6 0.7912813738441216 0.39285714285714285 0.15191545574636725 0.14187866927592954
4 0.5501981505944518 0.3439334637964775 0.13210039630118892 0.1223091976516634
4 0.4157859973579921 0.335371819960861 0.1155878467635403 0.1296477495107632
4 0.309114927344782 0.36350293542074363 0.10568031704095113 0.136986301369863
4 0.21334214002642007 0.4087573385518591 0.10568031704095113 0.10518590998043052
3 0.23150594451783355 0.5163894324853229 0.09577278731836196 0.14921722113502933
3 0.31406869220607664 0.47480430528375733 0.1023778071334214 0.13943248532289626
3 0.404227212681638 0.44863013698630133 0.13210039630118892 0.15166340508806261
3 0.5221268163804491 0.45890410958904104 0.1155878467635403 0.16144814090019569
2 0.5865257595772787 0.613013698630137 0.18494055482166447 0.11252446183953033
4 0.691545574636724 0.4975538160469667 0.13870541611624834 0.11252446183953033
1 0.2645310435931308 0.8221624266144814 0.13540290620871862 0.16389432485322897
0 0.4025759577278732 0.8094422700587084 0.19484808454425365 0.19324853228962818
