0 0.48745046235138706 0.6986301369863013 0.13210039630118892 0.15655577299412915
1 0.38837516512549536 0.7071917808219178 0.10568031704095113 0.14921722113502933
2 0.6129458388375165 0.523238747553816 0.15852047556142668 0.11007827788649706
3 0.5485468956406869 0.39408023483365945 0.09577278731836196 0.1541095890410959
3 0.4560766182298547 0.398972602739726 0.08256274768824307 0.13454011741682975
3 0.38507265521796563 0.4136497064579256 0.09907529722589167 0.11986301369863013
3 0.32232496697490093 0.4430039138943248 0.08586525759577279 0.11986301369863013
4 0.6832892998678997 0.4143835616438356 0.1155878467635403 0.10273972602739725
4 0.5551519154557464 0.2913405088062622 0.10898282694848084 0.10518590998043052
4 0.464332892998679 0.3011252446183953 0.09247027741083223 0.11007827788649706
4 0.37846763540290623 0.3268101761252446 0.09247027741083223 0.11252446183953033
4 0.30250990752972257 0.36839530332681014 0.09247027741083223 0.09295499021526418
5 0.5683619550858653 0.2081702544031311 0.10898282694848084 0.08072407045009784
5 0.4692866578599736 0.19471624266144813 0.10898282694848084 0.06360078277886497
5 0.36690885072655216 0.23752446183953033 0.09577278731836196 0.07583170254403131
5 0.29260237780713344 0.29867906066536204 0.09247027741083223 0.0611545988258317
6 0.2892998678996037 0.22162426614481406 0.07926023778071334 0.09295499021526418
6 0.3735138705416116 0.12989236790606654 0.09577278731836196 0.10029354207436399
6 0.45772787318361957 0.08463796477495107 0.08586525759577279 0.09784735812133072
6 0.558454425363276 0.11399217221135029 0.09577278731836196 0.09784735812133072
6 0.7153236459709379 0.3133561643835616 0.12549537648612946 0.1296477495107632
