6 0.6581902245706737 0.2208904109589041 0.12087186261558784 0.10420743639921722
6 0.8170409511228534 0.46159491193737767 0.142668428005284 0.12573385518590996
6 0.4438573315719947 0.1761252446183953 0.12417437252311757 0.10176125244618395
6 0.24339498018494055 0.22798434442270057 0.11294583883751651 0.11937377690802348
6 0.13375165125495378 0.3395303326810176 0.11294583883751651 0.09393346379647749
5 0.20112285336856012 0.42857142857142855 0.09180977542932629 0.08414872798434442
5 0.30647291941875826 0.34271037181996084 0.15059445178335534 0.08365949119373776
5 0.47357992073976224 0.29990215264187864 0.14002642007926025 0.08610567514677103
5 0.6245046235138706 0.3238747553816047 0.1406869220607662 0.08610567514677103
4 0.5977542932628798 0.4246575342465753 0.12945838837516513 0.10763209393346379
4 0.47457067371202116 0.41854207436399216 0.10501981505944517 0.1159491193737769
4 0.35766182298546895 0.4444716242661448 0.11294583883751651 0.11986301369863013
4 0.27410832232496696 0.486545988258317 0.11360634081902246 0.09148727984344422
4 0.7235799207397622 0.557729941291585 0.11294583883751651 0.10371819960861056
3 0.3130779392338177 0.5782778864970646 0.09379128137384413 0.14383561643835616
3 0.39134742404227213 0.5393835616438356 0.0785997357992074 0.13747553816046965
3 0.4679656538969617 0.5154109589041096 0.08652575957727873 0.1296477495107632
3 0.5703434610303831 0.5254403131115459 0.09709379128137384 0.13013698630136986
2 0.6116248348745046 0.6695205479452054 0.142668428005284 0.12377690802348336
0 0.48051519154557465 0.8441780821917808 0.17239101717305153 0.17367906066536204
1 0.3533685601056803 0.8439334637964775 0.1215323645970938 0.15166340508806261
