0 0.535336856010568 0.8111545988258316 0.18163804491413474 0.19569471624266144
1 0.38837516512549536 0.7984344422700587 0.13210039630118892 0.18101761252446183
2 0.6948480845442536 0.6125244618395302 0.178335535006605 0.15655577299412915
4 0.8028401585204755 0.4914383561643835 0.14200792602377807 0.1149706457925636
4 0.6212021136063408 0.335371819960861 0.14200792602377807 0.12475538160469667
4 0.49735799207397624 0.34271037181996084 0.11889035667107001 0.12475538160469667
4 0.39828269484808454 0.3818493150684931 0.12549537648612946 0.1149706457925636
4 0.297556142668428 0.44055772994129155 0.12219286657859973 0.09540117416829745
3 0.3305812417437252 0.5273972602739726 0.1155878467635403 0.12720156555772993
3 0.41149273447820345 0.48703522504892366 0.09247027741083223 0.1590019569471624
3 0.488441215323646 0.4535225048923679 0.09577278731836196 0.17123287671232876
3 0.6063408190224571 0.45401174168297453 0.10568031704095113 0.16144814090019569
6 0.880449141347424 0.3818493150684931 0.1453104359313078 0.14921722113502933
6 0.6707397622192867 0.12744618395303325 0.13540290620871862 0.1149706457925636
6 0.4891017173051519 0.09442270058708414 0.1287978863936592 0.11252446183953033
6 0.34709379128137385 0.14090019569471623 0.1287978863936592 0.1223091976516634
6 0.16974900924702774 0.2786203522504892 0.11228533685601057 0.1149706457925636
5 0.22820343461030385 0.37084148727984345 0.1023778071334214 0.08806262230919765
5 0.3678996036988111 0.26272015655577297 0.15191545574636725 0.09295499021526418
5 0.49570673712021135 0.22773972602739725 0.13540290620871862 0.08561643835616438
5 0.6509247027741083 0.23752446183953033 0.12219286657859973 0.08561643835616438
