1 0.4441875825627477 0.8011252446183953 0.12087186261558784 0.1404109589041096
0 0.5657199471598415 0.7707925636007827 0.1750330250990753 0.17759295499021527
2 0.6816380449141347 0.6093444227005871 0.13606340819022458 0.15313111545988256
3 0.3550198150594452 0.5088062622309197 0.09973579920739763 0.12133072407045009
3 0.4372523117569353 0.4757827788649706 0.10700132100396301 0.11888454011741682
3 0.52443857331572 0.45083170254403127 0.0964332892998679 0.13747553816046965
3 0.6403566710700133 0.44789628180039137 0.09973579920739763 0.15313111545988256
4 0.7939233817701453 0.49192759295499017 0.13210039630118892 0.10616438356164383
4 0.6532364597093792 0.3407534246575342 0.11756935270805813 0.1296477495107632
4 0.5264200792602378 0.3461350293542074 0.1215323645970938 0.1296477495107632
4 0.43163804491413477 0.37671232876712324 0.11822985468956407 0.13209393346379647
4 0.3352047556142668 0.42147749510763205 0.1036988110964333 0.12181996086105674
6 0.8603038309114928 0.36350293542074363 0.13936591809775428 0.14285714285714285
6 0.690554821664465 0.12915851272015655 0.12087186261558784 0.12426614481409001
6 0.5422721268163805 0.08830724070450097 0.11096433289299867 0.11105675146771037
6 0.41017173051519157 0.14138943248532287 0.11756935270805813 0.11643835616438356
6 0.2691545574636724 0.2617416829745597 0.09973579920739763 0.09784735812133072
5 0.285336856010568 0.3407534246575342 0.13606340819022458 0.08463796477495107
5 0.41017173051519157 0.26418786692759294 0.11096433289299867 0.07142857142857142
5 0.5317040951122853 0.22064579256360078 0.14663143989431968 0.07436399217221135
5 0.678005284015852 0.2392367906066536 0.12483487450462351 0.09001956947162426
