5 0.5394607843137255 0.37062256809338523 0.061274509803921566 0.05486381322957199
5 0.471078431372549 0.34805447470817125 0.07941176470588235 0.05175097276264592
5 0.40661764705882353 0.3634241245136187 0.061274509803921566 0.05369649805447471
5 0.3321078431372549 0.4153696498054475 0.059313725490196076 0.047081712062256816
6 0.31985294117647056 0.3568093385214008 0.059313725490196076 0.06303501945525292
6 0.4007352941176471 0.28404669260700394 0.06519607843137255 0.07626459143968872
6 0.47524509803921566 0.2643968871595331 0.06323529411764706 0.07276264591439689
6 0.5475490196078431 0.30097276264591444 0.052941176470588235 0.06498054474708172
6 0.6519607843137255 0.44513618677042804 0.07352941176470588 0.0747081712062257
4 0.34901960784313724 0.46284046692607006 0.049019607843137254 0.06809338521400779
4 0.40784313725490196 0.43793774319066153 0.054901960784313725 0.06653696498054475
4 0.4678921568627451 0.42256809338521406 0.061274509803921566 0.07159533073929962
4 0.5272058823529412 0.4348249027237354 0.053431372549019605 0.06964980544747082
4 0.5997549019607843 0.5091439688715954 0.06323529411764706 0.06653696498054475
3 0.3637254901960784 0.5262645914396887 0.049019607843137254 0.08754863813229573
3 0.4068627450980392 0.49824902723735415 0.052941176470588235 0.08443579766536966
3 0.4588235294117647 0.49299610894941637 0.058823529411764705 0.09883268482490273
3 0.5169117647058823 0.4947470817120623 0.057352941176470586 0.08599221789883268
2 0.542156862745098 0.5787937743190662 0.09215686274509804 0.08599221789883268
1 0.39656862745098037 0.7103112840466926 0.06568627450980392 0.09221789883268483
0 0.46838235294117647 0.7027237354085604 0.08774509803921568 0.11361867704280157
