0 0.5267503302509907 0.8493150684931506 0.21598414795244386 0.2045009784735812
1 0.3989431968295905 0.8767123287671232 0.13210039630118892 0.14677103718199608
2 0.6571994715984149 0.6890900195694716 0.17173051519154559 0.13356164383561642
3 0.619550858652576 0.5393835616438356 0.09907529722589167 0.16682974559686886
3 0.5102377807133421 0.5349804305283757 0.1142668428005284 0.15802348336594912
3 0.41842800528401586 0.5440313111545988 0.09313077939233817 0.14481409001956946
3 0.3252972258916777 0.571917808219178 0.09313077939233817 0.14677103718199608
4 0.7651915455746368 0.572651663405088 0.12351387054161163 0.10909980430528375
4 0.6363936591809776 0.42318982387475534 0.11162483487450463 0.13992172211350293
4 0.523447820343461 0.4217221135029354 0.10501981505944517 0.13992172211350293
4 0.417107001321004 0.44055772994129155 0.1023778071334214 0.13356164383561642
4 0.3074636723910172 0.4784735812133072 0.10501981505944517 0.12035225048923678
5 0.2668428005284016 0.39383561643835613 0.1083223249669749 0.07534246575342465
5 0.41380449141347425 0.32289628180039137 0.1261558784676354 0.08023483365949119
5 0.5416116248348745 0.3060176125244618 0.11096433289299867 0.07778864970645792
5 0.6555482166446499 0.32069471624266144 0.11690885072655217 0.08463796477495107
6 0.8507265521796565 0.4584148727984344 0.15323645970937913 0.15166340508806261
6 0.6859313077939234 0.21697651663405088 0.11690885072655217 0.10909980430528375
6 0.5640686922060766 0.17147749510763208 0.1202113606340819 0.1159491193737769
6 0.4200792602377807 0.19373776908023482 0.13210039630118892 0.11545988258317025
6 0.2334874504623514 0.3013698630136986 0.1287978863936592 0.11350293542074363
