6 0.7848039215686274 0.2756809338521401 0.11568627450980393 0.12023346303501946
6 0.5191176470588236 0.11536964980544748 0.09509803921568627 0.10622568093385215
6 0.3303921568627451 0.1284046692607004 0.10980392156862745 0.09416342412451363
6 0.21740196078431373 0.21206225680933855 0.11029411764705882 0.1058365758754864
6 0.14607843137254903 0.354863813229572 0.10980392156862745 0.08015564202334631
5 0.2485294117647059 0.4019455252918288 0.09509803921568627 0.06614785992217899
5 0.307843137254902 0.2933852140077821 0.10686274509803921 0.08015564202334631
5 0.39852941176470585 0.2178988326848249 0.09803921568627451 0.08482490272373541
5 0.5308823529411765 0.2027237354085603 0.11862745098039215 0.07315175097276265
4 0.5620098039215686 0.28385214007782106 0.12205882352941176 0.12256809338521402
4 0.45784313725490194 0.32042801556420236 0.09215686274509804 0.10622568093385215
4 0.38235294117647056 0.36420233463035023 0.11862745098039215 0.10350194552529184
4 0.3213235294117647 0.43618677042801557 0.12205882352941176 0.07315175097276265
3 0.5740196078431372 0.3700389105058366 0.10392156862745097 0.12062256809338522
3 0.48480392156862745 0.3912451361867705 0.09215686274509804 0.11089494163424125
3 0.43137254901960786 0.4266536964980545 0.09215686274509804 0.09221789883268483
3 0.375 0.4704280155642024 0.09215686274509804 0.08482490272373541
2 0.6784313725490196 0.498443579766537 0.11862745098039215 0.1105058365758755
4 0.7350490196078431 0.3795719844357977 0.125 0.09922178988326849
0 0.5887254901960784 0.6906614785992219 0.1392156862745098 0.16031128404669262
1 0.4950980392156863 0.7120622568093385 0.09509803921568627 0.15797665369649808
