1 0.29590488771466317 0.7854696673189824 0.11889035667107001 0.17367906066536204
0 0.4263540290620872 0.7915851272015655 0.16842800528401586 0.16634050880626222
2 0.5693527080581242 0.610078277886497 0.17173051519154559 0.13209393346379647
3 0.51221928665786 0.449119373776908 0.1023778071334214 0.14187866927592954
3 0.41149273447820345 0.46135029354207435 0.09247027741083223 0.14187866927592954
3 0.3272787318361955 0.4845890410958904 0.08256274768824307 0.13943248532289626
3 0.25792602377807133 0.5176125244618395 0.0891677675033025 0.15655577299412915
4 0.6822985468956407 0.49192759295499017 0.11889035667107001 0.10518590998043052
4 0.5303830911492734 0.3476027397260274 0.09907529722589167 0.1149706457925636
4 0.40323645970937916 0.3476027397260274 0.10898282694848084 0.1296477495107632
4 0.2992073976221929 0.3879647749510763 0.09907529722589167 0.11252446183953033
4 0.2116908850726552 0.4307729941291585 0.09577278731836196 0.09540117416829745
6 0.7665125495376486 0.39285714285714285 0.13540290620871862 0.12720156555772993
6 0.594782034346103 0.16536203522504891 0.12219286657859973 0.10763209393346379
6 0.3949801849405548 0.13356164383561642 0.11228533685601057 0.11252446183953033
6 0.21499339498018494 0.18860078277886497 0.14200792602377807 0.12475538160469667
6 0.11591809775429326 0.28889432485322897 0.09577278731836196 0.09540117416829745
5 0.15885072655217966 0.36717221135029354 0.0891677675033025 0.06604696673189824
5 0.2661822985468956 0.29623287671232873 0.12549537648612946 0.08561643835616438
5 0.40653896961690883 0.2546477495107632 0.1287978863936592 0.08072407045009784
5 0.5650594451783355 0.25709393346379644 0.12219286657859973 0.08072407045009784
