5 0.6710700132100397 0.19398238747553814 0.1083223249669749 0.09148727984344422
5 0.5151915455746368 0.1643835616438356 0.12417437252311757 0.09197651663405088
5 0.404887714663144 0.20596868884540115 0.11228533685601057 0.08610567514677103
5 0.2929326287978864 0.28277886497064575 0.1036988110964333 0.08610567514677103
6 0.24702774108322326 0.19691780821917806 0.1083223249669749 0.10420743639921722
6 0.39299867899603697 0.0812133072407045 0.1202113606340819 0.12133072407045009
6 0.5132100396301189 0.0474559686888454 0.10435931307793923 0.11252446183953033
6 0.6770145310435931 0.09442270058708414 0.11228533685601057 0.10078277886497064
6 0.845442536327609 0.34662426614481406 0.14398943196829592 0.13649706457925637
4 0.6433289299867899 0.2830234833659491 0.1083223249669749 0.13356164383561642
4 0.5151915455746368 0.2636986301369863 0.10039630118890357 0.12426614481409001
4 0.4349405548216645 0.29623287671232873 0.09180977542932629 0.1423679060665362
4 0.32694848084544254 0.3439334637964775 0.0845442536327609 0.10078277886497064
4 0.7721268163804491 0.43419765166340507 0.1202113606340819 0.1012720156555773
3 0.3589828269484808 0.42832681017612523 0.09973579920739763 0.13356164383561642
3 0.43890356671070013 0.3999510763209393 0.09180977542932629 0.13062622309197652
3 0.5191545574636725 0.39408023483365945 0.1083223249669749 0.17172211350293543
3 0.6112945838837517 0.3896771037181996 0.08388375165125496 0.1570450097847358
2 0.665785997357992 0.5305772994129159 0.16380449141347425 0.12181996086105674
0 0.524108322324967 0.733610567514677 0.2001321003963012 0.2226027397260274
1 0.3949801849405548 0.7514677103718199 0.11624834874504623 0.19863013698630136
