0 0.571664464993395 0.7641878669275929 0.18163804491413474 0.1908023483365949
1 0.464332892998679 0.8050391389432485 0.11889035667107001 0.14921722113502933
2 0.6816380449141347 0.5782778864970646 0.15191545574636725 0.14187866927592954
3 0.6112945838837517 0.4271037181996086 0.09577278731836196 0.16634050880626222
3 0.5072655217965654 0.42343444227005866 0.11889035667107001 0.14921722113502933
3 0.4296565389696169 0.45401174168297453 0.0891677675033025 0.15166340508806261
3 0.3536988110964333 0.48703522504892366 0.0891677675033025 0.1541095890410959
4 0.7863276089828269 0.4515655577299413 0.13540290620871862 0.11252446183953033
4 0.6221928665785997 0.31090998043052837 0.10568031704095113 0.13943248532289626
4 0.5072655217965654 0.3133561643835616 0.11889035667107001 0.13454011741682975
4 0.4147952443857332 0.3451565557729941 0.10568031704095113 0.12475538160469667
4 0.32232496697490093 0.412426614481409 0.11889035667107001 0.11252446183953033
6 0.8764861294583883 0.3471135029354207 0.15191545574636725 0.14921722113502933
6 0.642668428005284 0.08953033268101761 0.10568031704095113 0.12720156555772993
6 0.5254293262879789 0.06873776908023482 0.1155878467635403 0.1149706457925636
6 0.3718626155878468 0.12010763209393346 0.11889035667107001 0.11007827788649706
6 0.2166446499339498 0.24241682974559686 0.09907529722589167 0.11007827788649706
5 0.26122853368560106 0.3304794520547945 0.1023778071334214 0.06604696673189824
5 0.38837516512549536 0.23385518590998042 0.1453104359313078 0.08806262230919765
5 0.5039630118890357 0.2008317025440313 0.12549537648612946 0.07583170254403131
5 0.6327608982826949 0.20694716242661448 0.12549537648612946 0.08317025440313111
