5 0.6534313725490196 0.2507782101167315 0.14019607843137255 0.0906614785992218
5 0.5227941176470589 0.22237354085603114 0.12107843137254902 0.09610894941634242
5 0.4068627450980392 0.25214007782101167 0.11764705882352941 0.09883268482490273
5 0.29411764705882354 0.3352140077821012 0.10784313725490197 0.07276264591439689
6 0.2612745098039216 0.24163424124513622 0.12058823529411765 0.10894941634241245
6 0.37745098039215685 0.12373540856031129 0.11764705882352941 0.12217898832684826
6 0.5178921568627451 0.09513618677042802 0.11127450980392156 0.11167315175097277
6 0.6664215686274509 0.14319066147859924 0.10147058823529412 0.10350194552529184
6 0.858578431372549 0.41011673151750977 0.15833333333333333 0.12996108949416343
4 0.6323529411764706 0.3416342412451362 0.11764705882352941 0.12684824902723738
4 0.5161764705882352 0.34299610894941635 0.11470588235294117 0.12957198443579768
4 0.4198529411764706 0.36498054474708175 0.10441176470588236 0.12684824902723738
4 0.3281862745098039 0.4091439688715954 0.09166666666666666 0.11167315175097277
3 0.3463235294117647 0.5153696498054475 0.10147058823529412 0.1529182879377432
3 0.4294117647058823 0.4675097276264592 0.09803921568627451 0.12957198443579768
3 0.5161764705882352 0.45058365758754865 0.10784313725490197 0.14785992217898833
3 0.6191176470588236 0.4531128404669261 0.10490196078431373 0.14280155642023348
4 0.7696078431372549 0.5184824902723736 0.12745098039215685 0.11400778210116733
2 0.6647058823529411 0.6381322957198444 0.14705882352941177 0.1245136186770428
1 0.37573529411764706 0.7826848249027238 0.1338235294117647 0.16848249027237355
0 0.49166666666666664 0.7955252918287938 0.1892156862745098 0.17392996108949418
