1 0.4117647058823529 0.7167315175097276 0.10098039215686275 0.12529182879377432
0 0.5188725490196079 0.730739299610895 0.14852941176470588 0.15330739299610896
2 0.6355392156862745 0.5706225680933853 0.1338235294117647 0.11556420233463036
3 0.36446078431372547 0.477431906614786 0.08284313725490196 0.14163424124513618
3 0.43137254901960786 0.4359922178988327 0.07450980392156863 0.12957198443579768
3 0.4950980392156863 0.4171206225680934 0.09509803921568627 0.13929961089494164
3 0.5857843137254902 0.4124513618677043 0.09215686274509804 0.13463035019455255
4 0.7075980392156863 0.43949416342412456 0.10441176470588236 0.1085603112840467
4 0.5916666666666667 0.30992217898832686 0.10392156862745097 0.12256809338521402
4 0.4950980392156863 0.3122568093385214 0.0892156862745098 0.11322957198443581
4 0.42230392156862745 0.34533073929961094 0.07990196078431372 0.11789883268482491
4 0.3553921568627451 0.3947470817120623 0.07745098039215687 0.09922178988326849
6 0.7642156862745098 0.3359922178988327 0.10392156862745097 0.11322957198443581
6 0.5916666666666667 0.13540856031128407 0.09803921568627451 0.08949416342412451
6 0.49950980392156863 0.11536964980544748 0.09215686274509804 0.10155642023346305
6 0.3897058823529412 0.15544747081712063 0.09215686274509804 0.10155642023346305
6 0.296078431372549 0.2579766536964981 0.06568627450980392 0.08949416342412451
5 0.32009803921568625 0.3299610894941635 0.10098039215686275 0.06614785992217899
5 0.40441176470588236 0.2579766536964981 0.09803921568627451 0.06614785992217899
5 0.4950980392156863 0.22490272373540857 0.10686274509803921 0.06614785992217899
5 0.5901960784313726 0.22723735408560314 0.10098039215686275 0.07548638132295721
