5 0.5435931307793923 0.27299412915851273 0.11889035667107001 0.07827788649706457
5 0.4263540290620872 0.24853228962818003 0.12219286657859973 0.08806262230919765
5 0.3074636723910172 0.28522504892367906 0.09577278731836196 0.08317025440313111
5 0.21334214002642007 0.35371819960861056 0.07926023778071334 0.06360078277886497
4 0.22820343461030385 0.4209882583170254 0.08256274768824307 0.10518590998043052
4 0.3058124174372523 0.3818493150684931 0.09907529722589167 0.10518590998043052
4 0.4131439894319683 0.35738747553816047 0.0891677675033025 0.11986301369863013
4 0.5171730515191546 0.3696183953033268 0.09247027741083223 0.10518590998043052
4 0.6287978863936592 0.5073385518590998 0.10568031704095113 0.10763209393346379
3 0.2430647291941876 0.5053816046966731 0.0726552179656539 0.12720156555772993
3 0.31737120211360637 0.472358121330724 0.08256274768824307 0.1149706457925636
3 0.4025759577278732 0.45963796477495106 0.0891677675033025 0.13454011741682975
3 0.5006605019815059 0.45401174168297453 0.08586525759577279 0.11741682974559686
6 0.6998018494055482 0.4143835616438356 0.1287978863936592 0.10273972602739725
6 0.5617569352708058 0.19471624266144813 0.1023778071334214 0.09295499021526418
6 0.4379128137384412 0.15680039138943247 0.10568031704095113 0.10029354207436399
6 0.297556142668428 0.18248532289628178 0.09577278731836196 0.11252446183953033
6 0.21003963011889035 0.275440313111546 0.09247027741083223 0.10273972602739725
2 0.5181638044914135 0.5941780821917808 0.14200792602377807 0.11007827788649706
1 0.3107661822985469 0.7585616438356164 0.1155878467635403 0.13943248532289626
0 0.42470277410832236 0.7487769080234833 0.13870541611624834 0.17367906066536204
