0 0.5281862745098039 0.6535019455252918 0.1230392156862745 0.14669260700389106
1 0.4426470588235294 0.6698443579766538 0.09313725490196079 0.12101167315175099
2 0.628921568627451 0.4972762645914397 0.13431372549019607 0.11750972762645916
3 0.5656862745098039 0.3768482490272374 0.0892156862745098 0.13579766536964982
3 0.4791666666666667 0.3776264591439689 0.07990196078431372 0.1303501945525292
3 0.4232843137254902 0.3974708171206226 0.06813725490196078 0.11245136186770428
3 0.3593137254901961 0.43638132295719845 0.06862745098039216 0.11789883268482491
4 0.7019607843137254 0.3947470817120623 0.0892156862745098 0.09610894941634242
4 0.5737745098039215 0.28346303501945525 0.08186274509803922 0.10155642023346305
4 0.48480392156862745 0.2898832684824903 0.08627450980392157 0.09571984435797666
4 0.4105392156862745 0.31867704280155645 0.07990196078431372 0.10661478599221791
4 0.34338235294117647 0.36498054474708175 0.07303921568627451 0.08326848249027238
6 0.7651960784313725 0.30252918287937747 0.1 0.09922178988326849
6 0.6137254901960785 0.11964980544747082 0.08431372549019608 0.09221789883268483
6 0.513235294117647 0.08618677042801556 0.0892156862745098 0.09766536964980545
6 0.403921568627451 0.1352140077821012 0.0892156862745098 0.09766536964980545
6 0.3071078431372549 0.21828793774319066 0.08676470588235294 0.09027237354085604
5 0.3218137254901961 0.295136186770428 0.07990196078431372 0.06342412451361869
5 0.3992647058823529 0.22918287937743193 0.08872549019607844 0.06536964980544747
5 0.5007352941176471 0.19221789883268484 0.09558823529411764 0.0669260700389105
5 0.5965686274509804 0.2019455252918288 0.08627450980392157 0.07237354085603113
