5 0.6093130779392338 0.27299412915851273 0.08520475561426684 0.07045009784735812
5 0.5224570673712021 0.24486301369863012 0.10303830911492734 0.07583170254403131
5 0.41974900924702774 0.2629647749510763 0.09313077939233817 0.06898238747553816
5 0.2988771466314399 0.33635029354207435 0.10501981505944517 0.06017612524461839
6 0.2704755614266843 0.25758317025440314 0.09313077939233817 0.09050880626223091
6 0.42371202113606343 0.1560665362035225 0.0904887714663144 0.09393346379647749
6 0.547225891677675 0.12818003913894324 0.08784676354029063 0.09784735812133072
6 0.6208718626155878 0.1753913894324853 0.08586525759577279 0.09442270058708414
6 0.750330250990753 0.4001956947162426 0.12945838837516513 0.1232876712328767
4 0.31472919418758255 0.4070450097847358 0.09313077939233817 0.09980430528375733
4 0.40158520475561427 0.3642367906066536 0.095112285336856 0.10518590998043052
4 0.5019815059445178 0.3571428571428571 0.08586525759577279 0.09784735812133072
4 0.5875165125495376 0.37084148727984345 0.09577278731836196 0.10665362035225048
3 0.33784676354029064 0.4894814090019569 0.07595772787318363 0.13062622309197652
3 0.40290620871862615 0.4569471624266145 0.083223249669749 0.11252446183953033
3 0.4821664464993395 0.44227005870841485 0.08058124174372523 0.1232876712328767
3 0.5677014531043593 0.45963796477495106 0.0904887714663144 0.13258317025440314
4 0.6822985468956407 0.49363992172211346 0.095112285336856 0.09980430528375733
2 0.5848745046235139 0.610812133072407 0.13011889035667107 0.1012720156555773
0 0.47886393659180976 0.7458414872798435 0.13210039630118892 0.1541095890410959
1 0.36856010568031705 0.74779843444227 0.0977542932628798 0.13943248532289626
