0 0.5568627450980392 0.6941634241245137 0.13333333333333333 0.19221789883268484
1 0.44779411764705884 0.675875486381323 0.07892156862745098 0.16031128404669262
2 0.6767156862745098 0.5284046692607004 0.15245098039215685 0.09494163424124515
3 0.416421568627451 0.4359922178988327 0.07598039215686274 0.1342412451361868
3 0.47377450980392155 0.41206225680933856 0.08186274509803922 0.133852140077821
3 0.5401960784313725 0.3937743190661479 0.07352941176470588 0.14474708171206227
3 0.6193627450980392 0.39591439688715957 0.07892156862745098 0.13190661478599222
4 0.7855392156862745 0.43949416342412456 0.10637254901960784 0.0906614785992218
4 0.6274509803921569 0.2943579766536965 0.09509803921568627 0.11867704280155643
4 0.5431372549019607 0.2943579766536965 0.09019607843137255 0.12334630350194553
4 0.458578431372549 0.31595330739299615 0.10049019607843138 0.11439688715953308
4 0.3781862745098039 0.3634241245136187 0.08186274509803922 0.088715953307393
5 0.3267156862745098 0.3105058365758755 0.09264705882352942 0.06070038910505837
5 0.41495098039215683 0.2293774319066148 0.10637254901960784 0.07120622568093386
5 0.5198529411764706 0.19708171206225683 0.09264705882352942 0.07120622568093386
5 0.6274509803921569 0.21536964980544748 0.09509803921568627 0.07354085603112841
6 0.8590686274509803 0.35817120622568094 0.10637254901960784 0.11245136186770428
6 0.628921568627451 0.1247081712062257 0.09803921568627451 0.09922178988326849
6 0.5117647058823529 0.10077821011673152 0.08137254901960785 0.09961089494163425
6 0.3946078431372549 0.13657587548638134 0.09803921568627451 0.09727626459143969
6 0.2708333333333333 0.24143968871595334 0.08970588235294118 0.0906614785992218
