0 0.5151960784313725 0.7015564202334631 0.15588235294117647 0.19610894941634244
1 0.4083333333333333 0.7023346303501946 0.09803921568627451 0.13852140077821012
2 0.6389705882352941 0.5402723735408561 0.15637254901960784 0.10933852140077822
3 0.5715686274509804 0.41284046692607007 0.09803921568627451 0.14708171206225681
3 0.4808823529411765 0.39980544747081714 0.07647058823529412 0.12101167315175099
3 0.40637254901960784 0.42431906614785997 0.061764705882352944 0.12957198443579768
3 0.3411764705882353 0.4616731517509728 0.07254901960784313 0.12957198443579768
4 0.7205882352941176 0.44591439688715956 0.09803921568627451 0.09805447470817122
4 0.5769607843137254 0.3175097276264592 0.08725490196078431 0.10661478599221791
4 0.4843137254901961 0.3132295719844358 0.09803921568627451 0.1151750972762646
4 0.40465686274509804 0.33638132295719847 0.08676470588235294 0.12101167315175099
4 0.3139705882352941 0.38813229571984437 0.07990196078431372 0.1038910505836576
6 0.7933823529411764 0.36225680933852145 0.1161764705882353 0.12684824902723738
6 0.6044117647058823 0.13443579766536967 0.09803921568627451 0.1038910505836576
6 0.495343137254902 0.10214007782101168 0.0946078431372549 0.12101167315175099
6 0.37573529411764706 0.15038910505836578 0.1053921568627451 0.10700389105058367
6 0.2519607843137255 0.2570038910505837 0.09803921568627451 0.10077821011673152
5 0.2884803921568627 0.33638132295719847 0.09068627450980392 0.07509727626459145
5 0.39019607843137255 0.2455252918287938 0.09803921568627451 0.08949416342412451
5 0.48627450980392156 0.21653696498054475 0.10196078431372549 0.08365758754863814
5 0.6024509803921568 0.221011673151751 0.10882352941176471 0.08638132295719846
