5 0.6311096433289299 0.2705479452054794 0.09577278731836196 0.07827788649706457
5 0.5402906208718626 0.24486301369863012 0.08586525759577279 0.07583170254403131
5 0.4346103038309115 0.275440313111546 0.09907529722589167 0.07827788649706457
5 0.33553500660501984 0.32069471624266144 0.08586525759577279 0.0611545988258317
6 0.5683619550858653 0.1360078277886497 0.08256274768824307 0.09784735812133072
6 0.4676354029062087 0.16903131115459882 0.09247027741083223 0.10518590998043052
6 0.34544253632760896 0.2436399217221135 0.08586525759577279 0.08317025440313111
6 0.7328269484808454 0.3752446183953033 0.1023778071334214 0.11741682974559686
6 0.6509247027741083 0.1763698630136986 0.0891677675033025 0.09050880626223091
4 0.3487450462351387 0.38551859099804303 0.07926023778071334 0.10273972602739725
4 0.4263540290620872 0.362279843444227 0.08256274768824307 0.09540117416829745
4 0.5171730515191546 0.3451565557729941 0.09247027741083223 0.11007827788649706
4 0.619550858652576 0.3561643835616438 0.08586525759577279 0.10763209393346379
4 0.7202774108322325 0.4772504892367906 0.0891677675033025 0.09540117416829745
3 0.3513870541611625 0.47676125244618395 0.0726552179656539 0.11986301369863013
3 0.4256935270805812 0.45229941291585124 0.07595772787318363 0.11986301369863013
3 0.5049537648612946 0.44740704500978473 0.08256274768824307 0.13943248532289626
3 0.5980845442536328 0.4527886497064579 0.08256274768824307 0.1296477495107632
2 0.6393659180977543 0.5836594911937377 0.18494055482166447 0.11741682974559686
1 0.36690885072655216 0.7316536203522505 0.1023778071334214 0.1149706457925636
0 0.48414795244385733 0.7218688845401173 0.16512549537648613 0.13454011741682975
