5 0.575735294117647 0.3235408560311284 0.08970588235294118 0.0688715953307393
5 0.4571078431372549 0.3354085603112841 0.09264705882352942 0.07159533073929962
5 0.3838235294117647 0.39163424124513624 0.08725490196078431 0.07120622568093386
5 0.3306372549019608 0.477431906614786 0.08480392156862746 0.07548638132295721
6 0.2502450980392157 0.41848249027237355 0.09264705882352942 0.07354085603112841
6 0.3237745098039216 0.31167315175097277 0.09264705882352942 0.088715953307393
6 0.4002450980392157 0.24785992217898833 0.09264705882352942 0.07315175097276265
6 0.5485294117647058 0.24785992217898833 0.08431372549019608 0.08249027237354087
6 0.8220588235294117 0.4208171206225681 0.10882352941176471 0.09922178988326849
4 0.5919117647058824 0.39863813229571987 0.1034313725490196 0.0953307392996109
4 0.5007352941176471 0.4153696498054475 0.09264705882352942 0.08832684824902724
4 0.44509803921568625 0.459727626459144 0.09019607843137255 0.0906614785992218
4 0.3879901960784314 0.5116731517509728 0.08970588235294118 0.06926070038910506
4 0.7688725490196079 0.506614785992218 0.10049019607843138 0.08638132295719846
3 0.6071078431372549 0.48677042801556425 0.08676470588235294 0.11906614785992219
3 0.5281862745098039 0.4963035019455253 0.07598039215686274 0.12101167315175099
3 0.4791666666666667 0.5303501945525292 0.06813725490196078 0.10350194552529184
3 0.4340686274509804 0.564591439688716 0.07892156862745098 0.1058365758754864
2 0.6823529411764706 0.5996108949416343 0.10392156862745097 0.09961089494163425
1 0.517156862745098 0.756614785992218 0.09509803921568627 0.13190661478599222
0 0.6137254901960785 0.7521400778210118 0.13627450980392156 0.16653696498054477
