0 0.5881770145310437 0.8576320939334637 0.1618229854689564 0.21526418786692758
1 0.4593791281373844 0.8772015655577299 0.13540290620871862 0.14677103718199608
2 0.6931968295904888 0.6504403131115459 0.1882430647291942 0.1541095890410959
3 0.6112945838837517 0.49804305283757333 0.1155878467635403 0.15655577299412915
3 0.49570673712021135 0.5004892367906066 0.12219286657859973 0.16634050880626222
3 0.416446499339498 0.5273972602739726 0.0891677675033025 0.14677103718199608
3 0.3437912813738441 0.5616438356164384 0.10898282694848084 0.14187866927592954
4 0.7846763540290621 0.5249510763209393 0.12549537648612946 0.11741682974559686
4 0.6145970937912814 0.38062622309197647 0.12219286657859973 0.12720156555772993
4 0.4857992073976222 0.3732876712328767 0.1287978863936592 0.14187866927592954
4 0.37846763540290623 0.4136497064579256 0.10568031704095113 0.12475538160469667
4 0.28269484808454426 0.4772504892367906 0.10568031704095113 0.10518590998043052
6 0.880449141347424 0.42343444227005866 0.17173051519154559 0.13943248532289626
6 0.6344121532364597 0.19227005870841485 0.1155878467635403 0.11252446183953033
6 0.4593791281373844 0.14090019569471623 0.1155878467635403 0.11252446183953033
6 0.31737120211360637 0.18860078277886497 0.12219286657859973 0.12475538160469667
6 0.13738441215323646 0.3145792563600783 0.11228533685601057 0.10763209393346379
5 0.21103038309114927 0.40826810176125244 0.1155878467635403 0.09540117416829745
5 0.3289299867899604 0.29867906066536204 0.12549537648612946 0.07583170254403131
5 0.4669749009247028 0.2529354207436399 0.13870541611624834 0.07827788649706457
5 0.6311096433289299 0.2803326810176125 0.13540290620871862 0.07827788649706457
