2 0.6634742404227213 0.6802837573385518 0.18956406869220607 0.12475538160469667
3 0.28170409511228534 0.5474559686888454 0.10766182298546896 0.16927592954990214
3 0.37780713342140027 0.5151663405088063 0.1202113606340819 0.15362035225048923
3 0.4861294583883752 0.5051369863013698 0.11360634081902246 0.17759295499021527
3 0.6106340819022457 0.5002446183953033 0.1261558784676354 0.18248532289628178
4 0.7873183619550859 0.5525929549902152 0.13474240422721268 0.11790606653620352
4 0.6334214002642008 0.37940313111545987 0.13210039630118892 0.14432485322896282
4 0.48877146631439894 0.3715753424657534 0.13210039630118892 0.1423679060665362
4 0.36756935270805813 0.3972602739726027 0.11690885072655217 0.15362035225048923
4 0.2562747688243065 0.4427592954990215 0.12285336856010567 0.11545988258317025
6 0.8583223249669749 0.4293052837573385 0.1380449141347424 0.1423679060665362
6 0.7140026420079261 0.15386497064579255 0.13210039630118892 0.11986301369863013
6 0.4815059445178336 0.10934442270058709 0.12285336856010567 0.12475538160469667
6 0.28500660501981506 0.16046966731898238 0.1261558784676354 0.12915851272015655
6 0.16017173051519154 0.25954011741682975 0.10501981505944517 0.11790606653620352
5 0.20376486129458388 0.3661937377690802 0.1499339498018494 0.07778864970645792
5 0.32562747688243066 0.2928082191780822 0.14134742404227213 0.09148727984344422
5 0.4857992073976222 0.24608610567514677 0.1380449141347424 0.0958904109589041
5 0.690224570673712 0.2683463796477495 0.13210039630118892 0.09148727984344422
1 0.31340819022457067 0.8588551859099803 0.12351387054161163 0.18248532289628178
0 0.46664464993394983 0.8669275929549902 0.22523117569352707 0.2045009784735812
