0 0.5379901960784313 0.656420233463035 0.1142156862745098 0.1494163424124514
1 0.45 0.6449416342412452 0.0696078431372549 0.12645914396887162
2 0.6490196078431373 0.49591439688715955 0.10882352941176471 0.08677042801556421
3 0.5919117647058824 0.3698443579766537 0.07892156862745098 0.13190661478599222
3 0.5117647058823529 0.37743190661478604 0.07647058823529412 0.11673151750972763
3 0.45465686274509803 0.4013618677042802 0.07598039215686274 0.1038910505836576
3 0.39191176470588235 0.4324902723735409 0.06813725490196078 0.10622568093385215
4 0.7066176470588236 0.39319066147859927 0.08186274509803922 0.08832684824902724
4 0.5899509803921569 0.28929961089494166 0.08284313725490196 0.08832684824902724
4 0.5049019607843137 0.30194552529182883 0.07352941176470588 0.09105058365758756
4 0.4409313725490196 0.32782101167315175 0.07107843137254902 0.0953307392996109
4 0.37279411764705883 0.37217898832684826 0.06519607843137255 0.07587548638132297
6 0.7541666666666667 0.30525291828793777 0.1034313725490196 0.10155642023346305
6 0.6014705882352941 0.12684824902723738 0.09803921568627451 0.08638132295719846
6 0.48455882352941176 0.1095330739299611 0.08186274509803922 0.0953307392996109
6 0.3931372549019608 0.15097276264591442 0.08725490196078431 0.09727626459143969
6 0.3088235294117647 0.24143968871595334 0.09509803921568627 0.0821011673151751
5 0.3348039215686274 0.3105058365758755 0.08137254901960785 0.05603112840466926
5 0.4068627450980392 0.2490272373540856 0.08431372549019608 0.058365758754863814
5 0.5007352941176471 0.2068093385214008 0.09264705882352942 0.06031128404669261
5 0.6056372549019607 0.20564202334630352 0.10049019607843138 0.07587548638132297
