5 0.628921568627451 0.27626459143968873 0.08039215686274509 0.05369649805447471
5 0.5321078431372549 0.26536964980544747 0.07303921568627451 0.06381322957198445
5 0.4642156862745098 0.30894941634241246 0.07254901960784313 0.06381322957198445
5 0.39509803921568626 0.3690661478599222 0.07058823529411765 0.05175097276264592
6 0.3737745098039216 0.30817120622568095 0.07303921568627451 0.07392996108949416
6 0.45416666666666666 0.22120622568093387 0.06323529411764706 0.07976653696498055
6 0.5208333333333334 0.1805447470817121 0.07009803921568628 0.07782101167315175
6 0.6301470588235294 0.20642023346303504 0.07794117647058824 0.06964980544747082
6 0.75 0.36303501945525296 0.09803921568627451 0.1058365758754864
4 0.4139705882352941 0.4249027237354086 0.055392156862745096 0.0793774319066148
4 0.471078431372549 0.38365758754863816 0.058823529411764705 0.08093385214007782
4 0.5355392156862745 0.3568093385214008 0.06519607843137255 0.07315175097276265
4 0.6191176470588236 0.3560311284046693 0.07352941176470588 0.07782101167315175
3 0.6120098039215687 0.42821011673151754 0.06715686274509804 0.10233463035019456
3 0.5406862745098039 0.4305447470817121 0.07156862745098039 0.11011673151750974
3 0.48333333333333334 0.4509727626459144 0.06764705882352941 0.09571984435797666
3 0.43848039215686274 0.48171206225680935 0.06323529411764706 0.0793774319066148
3 0.7365196078431372 0.4464980544747082 0.07598039215686274 0.06809338521400779
2 0.6823529411764706 0.5447470817120623 0.1264705882352941 0.07626459143968872
0 0.5691176470588235 0.6834630350194553 0.10392156862745097 0.12645914396887162
1 0.4875 0.6821011673151751 0.06715686274509804 0.11673151750972763
