5 0.24009247027741085 0.361545988258317 0.1142668428005284 0.07338551859099804
5 0.3972919418758256 0.2837573385518591 0.11690885072655217 0.07338551859099804
5 0.5250990752972259 0.2473091976516634 0.12549537648612946 0.08463796477495107
5 0.6677675033025099 0.26590019569471623 0.14134742404227213 0.08659491193737769
6 0.6872523117569352 0.15484344422700586 0.10501981505944517 0.11301369863013698
6 0.5264200792602378 0.11374755381604695 0.12285336856010567 0.11986301369863013
6 0.4019154557463672 0.1560665362035225 0.10766182298546896 0.12035225048923678
6 0.214332892998679 0.2649217221135029 0.10501981505944517 0.11986301369863013
6 0.8553500660501981 0.41144814090019566 0.14663143989431968 0.16046966731898238
4 0.6403566710700133 0.37891389432485323 0.11955085865257596 0.1267123287671233
4 0.5128797886393659 0.36497064579256355 0.1142668428005284 0.13307240704500978
4 0.4035667107001321 0.3950587084148728 0.11096433289299867 0.1316046966731898
4 0.29095112285336855 0.4461839530332681 0.10766182298546896 0.11741682974559686
4 0.7648612945838837 0.5450097847358121 0.12549537648612946 0.11154598825831702
3 0.31505944517833556 0.5528375733855185 0.0964332892998679 0.13992172211350293
3 0.40785997357992076 0.5129647749510763 0.09577278731836196 0.14432485322896282
3 0.5039630118890357 0.48507827788649704 0.1083223249669749 0.1560665362035225
3 0.6287978863936592 0.48507827788649704 0.09907529722589167 0.13747553816046965
2 0.678335535006605 0.6795499021526419 0.18626155878467635 0.13111545988258316
0 0.5340158520475562 0.8537181996086105 0.20145310435931307 0.19569471624266144
1 0.38837516512549536 0.8686399217221135 0.12285336856010567 0.16682974559686886
