1 0.36446078431372547 0.7826848249027238 0.08872549019607844 0.12023346303501946
0 0.4708333333333333 0.7863813229571985 0.14852941176470588 0.1556420233463035
2 0.6149509803921569 0.6221789883268483 0.1338235294117647 0.10350194552529184
3 0.35245098039215683 0.5410505836575876 0.08333333333333333 0.13190661478599222
3 0.4178921568627451 0.4974708171206226 0.08872549019607844 0.1342412451361868
3 0.4906862745098039 0.4844357976653697 0.08039215686274509 0.13229571984435798
3 0.5799019607843137 0.49143968871595334 0.08039215686274509 0.1369649805447471
4 0.7105392156862745 0.5256809338521401 0.1161764705882353 0.08715953307392997
4 0.3318627450980392 0.45836575875486385 0.07156862745098039 0.08015564202334631
4 0.416421568627451 0.4182879377431907 0.07401960784313726 0.08482490272373541
4 0.49950980392156863 0.39591439688715957 0.08627450980392157 0.10155642023346305
4 0.6004901960784313 0.40661478599221795 0.09215686274509804 0.10350194552529184
6 0.7779411764705882 0.44319066147859926 0.11568627450980393 0.10817120622568094
6 0.6348039215686274 0.22743190661478602 0.0892156862745098 0.08988326848249027
6 0.5176470588235293 0.18852140077821014 0.09803921568627451 0.11089494163424125
6 0.4193627450980392 0.22626459143968874 0.0857843137254902 0.09688715953307393
6 0.25588235294117645 0.3182879377431907 0.07450980392156863 0.08249027237354087
5 0.2931372549019608 0.39610894941634245 0.09509803921568627 0.06381322957198445
5 0.40147058823529413 0.3264591439688716 0.10980392156862745 0.06147859922178989
5 0.5144607843137254 0.29571984435797666 0.10441176470588236 0.08015564202334631
5 0.6200980392156863 0.31595330739299615 0.10098039215686275 0.07782101167315175
