5 0.628921568627451 0.24961089494163427 0.13725490196078433 0.08287937743190663
5 0.5080882352941176 0.22237354085603114 0.12401960784313726 0.0906614785992218
5 0.3495098039215686 0.26381322957198444 0.14705882352941177 0.09105058365758756
5 0.2301470588235294 0.3521400778210117 0.11127450980392156 0.08560311284046693
6 0.16151960784313726 0.261284046692607 0.10441176470588236 0.10622568093385215
6 0.3281862745098039 0.13813229571984437 0.11127450980392156 0.1245136186770428
6 0.5080882352941176 0.11206225680933853 0.11127450980392156 0.11906614785992219
6 0.645343137254902 0.1418287937743191 0.10441176470588236 0.10622568093385215
6 0.8723039215686275 0.4116731517509728 0.15343137254901962 0.1377431906614786
4 0.6012254901960784 0.346887159533074 0.1142156862745098 0.12723735408560313
4 0.48504901960784313 0.3398832684824903 0.12107843137254902 0.1350194552529183
4 0.38063725490196076 0.37023346303501947 0.11127450980392156 0.12723735408560313
4 0.2889705882352941 0.4233463035019456 0.11127450980392156 0.10350194552529184
3 0.3299019607843137 0.5075875486381324 0.08823529411764705 0.14280155642023348
3 0.39534313725490194 0.4750972762645915 0.0946078431372549 0.14007782101167315
3 0.4803921568627451 0.44143968871595335 0.08823529411764705 0.14513618677042803
3 0.5799019607843137 0.44416342412451365 0.09117647058823529 0.1350194552529183
4 0.7578431372549019 0.5050583657587548 0.12745098039215685 0.11673151750972763
2 0.6419117647058823 0.6464980544747082 0.18970588235294117 0.11400778210116733
1 0.341421568627451 0.7626459143968872 0.11127450980392156 0.1556420233463035
0 0.47205882352941175 0.7949416342412452 0.1931372549019608 0.16342412451361868
