0 0.49504623513870544 0.7296966731898238 0.1618229854689564 0.1423679060665362
1 0.3764861294583884 0.7177103718199608 0.11096433289299867 0.1223091976516634
2 0.6631439894319683 0.5807240704500978 0.14134742404227213 0.12426614481409001
3 0.36723910171730517 0.473825831702544 0.08718626155878467 0.1423679060665362
3 0.4455085865257596 0.44936399217221135 0.09313077939233817 0.13356164383561642
3 0.5323645970937912 0.4395792563600783 0.08718626155878467 0.15802348336594912
3 0.6406869220607662 0.42857142857142855 0.09247027741083223 0.13111545988258316
4 0.7774108322324967 0.46624266144814086 0.1202113606340819 0.09099804305283757
4 0.35237780713342143 0.38380626223091974 0.07463672391017173 0.10909980430528375
4 0.44583883751651254 0.35371819960861056 0.09907529722589167 0.09784735812133072
4 0.5521796565389696 0.324853228962818 0.0845442536327609 0.10665362035225048
4 0.6555482166446499 0.33610567514677103 0.10501981505944517 0.10665362035225048
6 0.8375165125495376 0.35738747553816047 0.1202113606340819 0.1267123287671233
6 0.6991413474240423 0.1514187866927593 0.1023778071334214 0.1022504892367906
6 0.6152575957727873 0.10029354207436399 0.08388375165125496 0.10665362035225048
6 0.5009907529722589 0.14481409001956946 0.10766182298546896 0.11154598825831702
6 0.36129458388375163 0.23043052837573386 0.11096433289299867 0.09980430528375733
5 0.3543593130779392 0.31922700587084146 0.12351387054161163 0.07778864970645792
5 0.4785336856010568 0.24926614481409 0.09313077939233817 0.07093933463796477
5 0.5822324966974901 0.21966731898238745 0.1023778071334214 0.07534246575342465
5 0.6842800528401586 0.24143835616438356 0.10171730515191546 0.07778864970645792
