5 0.5799207397622193 0.3642367906066536 0.0977542932628798 0.07387475538160469
5 0.4844782034346103 0.3451565557729941 0.09313077939233817 0.06898238747553816
5 0.35931307793923384 0.36863992172211346 0.095112285336856 0.07387475538160469
5 0.24339498018494055 0.44227005870841485 0.08520475561426684 0.05870841487279843
6 0.22556142668428006 0.3664383561643835 0.10766182298546896 0.08414872798434442
6 0.3480845442536328 0.25954011741682975 0.0977542932628798 0.09931506849315068
6 0.4976882430647292 0.24143835616438356 0.09180977542932629 0.09344422700587084
6 0.5881770145310437 0.27617416829745595 0.08124174372523117 0.09344422700587084
6 0.808454425363276 0.5484344422700587 0.12813738441215325 0.10273972602739725
4 0.2691545574636724 0.5009784735812133 0.08520475561426684 0.10078277886497064
4 0.3665785997357992 0.4537671232876712 0.08982826948480846 0.09344422700587084
4 0.47126816380449144 0.43713307240704496 0.09973579920739763 0.10518590998043052
4 0.5726552179656539 0.4545009784735812 0.09114927344782034 0.10078277886497064
4 0.7209379128137384 0.6193737769080234 0.11162483487450463 0.08414872798434442
3 0.2985468956406869 0.5785225048923679 0.083223249669749 0.11105675146771037
3 0.3748348745046235 0.5393835616438356 0.08124174372523117 0.10518590998043052
3 0.4600396301188904 0.5349804305283757 0.08124174372523117 0.12377690802348336
3 0.5637384412153237 0.5393835616438356 0.0891677675033025 0.10812133072407044
2 0.5931307793923382 0.6868884540117417 0.13606340819022458 0.10567514677103718
1 0.3371862615587847 0.8380626223091976 0.1036988110964333 0.13992172211350293
0 0.45508586525759576 0.8246086105675147 0.14398943196829592 0.15215264187866928
