0 0.4968137254901961 0.6828793774319066 0.14166666666666666 0.17509727626459146
1 0.40269607843137256 0.7180933852140078 0.1034313725490196 0.1622568093385214
2 0.5784313725490196 0.5342412451361868 0.1392156862745098 0.1058365758754864
3 0.3365196078431372 0.4544747081712063 0.06813725490196078 0.1284046692607004
3 0.38676470588235295 0.4311284046692607 0.07254901960784313 0.1284046692607004
3 0.4517156862745098 0.4247081712062257 0.07990196078431372 0.14124513618677043
3 0.5316176470588235 0.41284046692607007 0.07990196078431372 0.13929961089494164
4 0.6448529411764706 0.41945525291828795 0.10245098039215686 0.10661478599221791
4 0.3034313725490196 0.3910505836575876 0.08431372549019608 0.07782101167315175
4 0.38112745098039214 0.3494163424124514 0.07990196078431372 0.088715953307393
4 0.4629901960784314 0.3305447470817121 0.07990196078431372 0.09377431906614786
4 0.557843137254902 0.32412451361867706 0.09117647058823529 0.10661478599221791
6 0.6838235294117647 0.3361867704280156 0.09803921568627451 0.11750972762645916
6 0.23284313725490197 0.27081712062256813 0.07941176470588235 0.09416342412451363
6 0.37107843137254903 0.17607003891050585 0.10686274509803921 0.11556420233463036
6 0.5024509803921569 0.15233463035019457 0.09117647058823529 0.09610894941634242
6 0.6142156862745098 0.18638132295719845 0.09117647058823529 0.08171206225680934
5 0.2727941176470588 0.3431906614785992 0.08186274509803922 0.07237354085603113
5 0.3764705882352941 0.26361867704280156 0.10294117647058823 0.0688715953307393
5 0.4825980392156863 0.23832684824902725 0.08676470588235294 0.0688715953307393
5 0.5958333333333333 0.2560311284046693 0.10049019607843138 0.07626459143968872
