5 0.711730449251248 0.23216601815823604 0.13560732113144758 0.08560311284046693
5 0.5170549084858569 0.21044098573281453 0.13560732113144758 0.10959792477302205
5 0.3905990016638935 0.2619974059662776 0.13893510815307822 0.11413748378728923
5 0.2549916805324459 0.3667315175097276 0.11231281198003328 0.08754863813229571
6 0.20382695507487522 0.2850194552529183 0.11314475873544093 0.11608300907911802
6 0.3319467554076539 0.13521400778210116 0.14309484193011648 0.13553826199740596
6 0.490432612312812 0.10538261997405966 0.13893510815307822 0.12775616083009078
6 0.7042429284525791 0.1254863813229572 0.11064891846921797 0.12775616083009078
6 0.8244592346089851 0.3320363164721141 0.10981697171381032 0.14137483787289234
4 0.32154742096505823 0.44747081712062253 0.12229617304492513 0.125810635538262
4 0.4367720465890183 0.38391699092088194 0.11813643926788686 0.125810635538262
4 0.548252911813644 0.35116731517509725 0.11480865224625625 0.12775616083009078
4 0.699667221297837 0.34889753566796367 0.11813643926788686 0.12970168612191957
4 0.7940931780366057 0.4594682230869001 0.11231281198003328 0.1199740596627756
3 0.37728785357737105 0.5492866407263294 0.10232945091514144 0.16342412451361868
3 0.46464226289517474 0.4957846952010376 0.11231281198003328 0.1536964980544747
3 0.5632279534109818 0.4685473411154345 0.1048252911813644 0.16407263294422827
3 0.6913477537437605 0.4594682230869001 0.09983361064891848 0.16147859922178986
2 0.7292013311148087 0.6008430609597925 0.13560732113144758 0.14332036316472113
0 0.6522462562396006 0.7996108949416342 0.16139767054908485 0.18547341115434499
1 0.5328618968386023 0.8216601815823605 0.1156405990016639 0.15953307392996108
