1 0.5397058823529411 0.7696498054474709 0.12450980392156863 0.16964980544747083
0 0.6502450980392157 0.7447470817120623 0.1514705882352941 0.1813229571984436
2 0.7497549019607843 0.5811284046692607 0.13088235294117648 0.11556420233463036
3 0.4759803921568627 0.5033073929961089 0.08039215686274509 0.15058365758754866
3 0.5411764705882353 0.47626459143968874 0.07450980392156863 0.13929961089494164
3 0.6034313725490196 0.4525291828793775 0.08627450980392157 0.16264591439688716
3 0.692156862745098 0.4408560311284047 0.07450980392156863 0.1276264591439689
4 0.8122549019607843 0.45155642023346304 0.10098039215686275 0.09688715953307393
4 0.44901960784313727 0.41945525291828795 0.08627450980392157 0.09182879377431907
4 0.5205882352941177 0.3830739299610895 0.09803921568627451 0.11322957198443581
4 0.5990196078431372 0.3476653696498055 0.0892156862745098 0.11789883268482491
4 0.6970588235294117 0.34883268482490276 0.09509803921568627 0.11089494163424125
6 0.8620098039215686 0.3418287937743191 0.1161764705882353 0.13891050583657588
6 0.7 0.15077821011673154 0.10098039215686275 0.10622568093385215
6 0.5605392156862745 0.11070038910505837 0.10735294117647058 0.11089494163424125
6 0.4519607843137255 0.15077821011673154 0.10392156862745097 0.11556420233463036
6 0.3735294117647059 0.25447470817120627 0.0892156862745098 0.1105058365758755
5 0.40147058823529413 0.3404669260700389 0.10392156862745097 0.08015564202334631
5 0.48333333333333334 0.26731517509727626 0.10098039215686275 0.08015564202334631
5 0.5784313725490196 0.2237354085603113 0.10098039215686275 0.07782101167315175
5 0.7017156862745098 0.253307392996109 0.12205882352941176 0.09883268482490273
