6 0.7103698811096434 0.19838551859099804 0.1155878467635403 0.13454011741682975
6 0.5204755614266843 0.11888454011741682 0.12549537648612946 0.13209393346379647
6 0.38011889035667107 0.1641389432485323 0.12219286657859973 0.13454011741682975
6 0.23480845442536327 0.26076320939334635 0.12219286657859973 0.11741682974559686
6 0.809445178335535 0.4454500978473581 0.14200792602377807 0.1541095890410959
5 0.5171730515191546 0.26076320939334635 0.1453104359313078 0.09295499021526418
5 0.6773447820343461 0.3096868884540117 0.13540290620871862 0.10763209393346379
5 0.38011889035667107 0.2925636007827789 0.13540290620871862 0.08317025440313111
5 0.24966974900924702 0.35371819960861056 0.10568031704095113 0.07827788649706457
4 0.297556142668428 0.4381115459882583 0.1155878467635403 0.1149706457925636
4 0.3834214002642008 0.4087573385518591 0.09577278731836196 0.11986301369863013
4 0.48745046235138706 0.3904109589041096 0.13210039630118892 0.1223091976516634
4 0.6178996036988111 0.41120352250489234 0.12219286657859973 0.12475538160469667
4 0.7229194187582563 0.5562622309197651 0.1155878467635403 0.11252446183953033
3 0.3107661822985469 0.5310665362035225 0.1023778071334214 0.13454011741682975
3 0.38837516512549536 0.5053816046966731 0.09247027741083223 0.12720156555772993
3 0.47424042272126815 0.4931506849315068 0.10568031704095113 0.14187866927592954
3 0.5815719947159842 0.5114970645792564 0.12219286657859973 0.1541095890410959
2 0.5941215323645971 0.6700097847358121 0.18163804491413474 0.12475538160469667
0 0.45277410832232495 0.823385518590998 0.1882430647291942 0.17123287671232876
1 0.3058124174372523 0.823385518590998 0.13870541611624834 0.15655577299412915
