1 0.4968137254901961 0.704863813229572 0.09166666666666666 0.15836575875486383
0 0.6044117647058823 0.7101167315175098 0.14705882352941177 0.21011673151750973
2 0.6877450980392157 0.5330739299610895 0.13725490196078433 0.12217898832684826
3 0.6061274509803921 0.39416342412451366 0.09166666666666666 0.14007782101167315
3 0.5227941176470589 0.41303501945525295 0.0946078431372549 0.14513618677042803
3 0.4573529411764706 0.4381322957198444 0.06862745098039216 0.1556420233463035
3 0.4083333333333333 0.4842412451361868 0.07549019607843137 0.15836575875486383
4 0.7482843137254902 0.40836575875486386 0.09166666666666666 0.10622568093385215
4 0.6058823529411764 0.30914396887159534 0.09803921568627451 0.1038910505836576
4 0.5161764705882352 0.30914396887159534 0.09509803921568627 0.11400778210116733
4 0.44926470588235295 0.33638132295719847 0.09166666666666666 0.11167315175097277
4 0.37549019607843137 0.39416342412451366 0.08823529411764705 0.0933852140077821
6 0.8071078431372549 0.3105058365758755 0.1142156862745098 0.12684824902723738
6 0.6240196078431373 0.12490272373540857 0.10098039215686275 0.10894941634241245
6 0.5063725490196078 0.10311284046692608 0.08823529411764705 0.08560311284046693
6 0.39681372549019606 0.1406614785992218 0.09166666666666666 0.1038910505836576
6 0.30686274509803924 0.2585603112840467 0.0784313725490196 0.09610894941634242
5 0.3318627450980392 0.33035019455252923 0.09509803921568627 0.06459143968871596
5 0.4181372549019608 0.24046692607003892 0.08823529411764705 0.07003891050583658
5 0.5063725490196078 0.2029182879377432 0.09509803921568627 0.07276264591439689
5 0.6191176470588236 0.21322957198443582 0.10490196078431373 0.08793774319066149
