5 0.6095588235294117 0.22490272373540857 0.1161764705882353 0.08482490272373541
5 0.46397058823529413 0.20369649805447473 0.1338235294117647 0.09922178988326849
5 0.36299019607843136 0.24747081712062258 0.12205882352941176 0.09182879377431907
5 0.24558823529411763 0.32529182879377433 0.11862745098039215 0.08715953307392997
6 0.7997549019607842 0.372568093385214 0.12205882352941176 0.11556420233463036
6 0.6303921568627451 0.12120622568093387 0.12156862745098039 0.11789883268482491
6 0.4446078431372549 0.09046692607003892 0.12450980392156863 0.11322957198443581
6 0.3318627450980392 0.12957198443579768 0.10686274509803921 0.13929961089494164
6 0.17892156862745098 0.23560311284046695 0.10392156862745097 0.11556420233463036
4 0.2931372549019608 0.40175097276264593 0.10686274509803921 0.1085603112840467
4 0.38235294117647056 0.35350194552529185 0.10098039215686275 0.12490272373540857
4 0.4745098039215686 0.33463035019455256 0.10686274509803921 0.10116731517509728
4 0.5857843137254902 0.33715953307393 0.09803921568627451 0.11556420233463036
4 0.7333333333333333 0.47976653696498056 0.10980392156862745 0.10116731517509728
3 0.31470588235294117 0.4785992217898833 0.08039215686274509 0.13229571984435798
3 0.4 0.4490272373540856 0.08333333333333333 0.1463035019455253
3 0.4745098039215686 0.42898832684824906 0.10098039215686275 0.16303501945525292
3 0.5681372549019608 0.41478599221789886 0.09803921568627451 0.14396887159533076
2 0.6134803921568628 0.5824902723735409 0.1426470588235294 0.1276264591439689
0 0.49583333333333335 0.7616731517509728 0.16323529411764706 0.19805447470817122
1 0.40147058823529413 0.7649805447470818 0.09803921568627451 0.15097276264591442
