1 0.3705416116248349 0.7764187866927592 0.08718626155878467 0.1379647749510763
0 0.4785336856010568 0.7776418786692759 0.13540290620871862 0.14921722113502933
2 0.6116248348745046 0.6418786692759295 0.142668428005284 0.11252446183953033
3 0.3705416116248349 0.5288649706457925 0.07793923381770146 0.13307240704500978
3 0.440885072655218 0.5151663405088063 0.06010568031704095 0.1223091976516634
3 0.5072655217965654 0.5117416829745597 0.07793923381770146 0.13307240704500978
3 0.5941215323645971 0.5163894324853229 0.0785997357992074 0.11105675146771037
4 0.6737120211360634 0.5489236790606653 0.08982826948480846 0.08414872798434442
4 0.36492734478203437 0.46257338551859095 0.07595772787318363 0.0885518590998043
4 0.4488110964332893 0.4293052837573385 0.07199471598414796 0.1022504892367906
4 0.5175033025099075 0.4209882583170254 0.0904887714663144 0.10420743639921722
4 0.607661822985469 0.4310176125244618 0.08058124174372523 0.09784735812133072
6 0.7305151915455746 0.46110567514677103 0.10171730515191546 0.10909980430528375
6 0.6136063408190224 0.2759295499021526 0.05680317040951123 0.08904109589041095
6 0.5521796565389696 0.2336105675146771 0.0845442536327609 0.09344422700587084
6 0.4801849405548217 0.24608610567514677 0.07793923381770146 0.08708414872798434
6 0.39134742404227213 0.31384540117416826 0.06935270805812417 0.0885518590998043
5 0.618229854689564 0.35836594911937375 0.10171730515191546 0.06702544031311154
5 0.5416116248348745 0.3295009784735812 0.08058124174372523 0.06702544031311154
5 0.46367239101717306 0.34173189823874756 0.07529722589167767 0.06017612524461839
5 0.37318361955085866 0.38943248532289626 0.09907529722589167 0.06262230919765166
