5 0.6279411764705882 0.31089494163424125 0.10686274509803921 0.08015564202334631
5 0.5112745098039215 0.3038910505836576 0.09803921568627451 0.08715953307392997
5 0.40147058823529413 0.34513618677042807 0.10392156862745097 0.08482490272373541
5 0.32156862745098036 0.43618677042801557 0.10392156862745097 0.06848249027237355
6 0.23970588235294119 0.37120622568093387 0.10098039215686275 0.08015564202334631
6 0.35980392156862745 0.24747081712062258 0.09803921568627451 0.10116731517509728
6 0.4936274509803921 0.21556420233463036 0.09803921568627451 0.09883268482490273
6 0.628921568627451 0.23929961089494164 0.10098039215686275 0.08949416342412451
6 0.7803921568627451 0.4313229571984436 0.10098039215686275 0.12023346303501946
4 0.6102941176470588 0.38657587548638134 0.0892156862745098 0.11556420233463036
4 0.5218137254901961 0.3912451361867705 0.0769607843137255 0.11556420233463036
4 0.44166666666666665 0.41498054474708174 0.09509803921568627 0.10622568093385215
4 0.3659313725490196 0.46789883268482496 0.11029411764705882 0.07042801556420233
4 0.7269607843137255 0.5163424124513619 0.10098039215686275 0.09182879377431907
3 0.6034313725490196 0.4784046692607004 0.09215686274509804 0.12490272373540857
3 0.5323529411764706 0.47256809338521405 0.08627450980392157 0.1085603112840467
3 0.46249999999999997 0.49396887159533076 0.06519607843137255 0.11322957198443581
3 0.4125 0.52431906614786 0.07990196078431372 0.12490272373540857
2 0.6485294117647059 0.5976653696498055 0.1303921568627451 0.08715953307392997
0 0.5360294117647059 0.7190661478599222 0.13676470588235293 0.1151750972762646
1 0.4411764705882353 0.7107003891050584 0.0892156862745098 0.12023346303501946
