1 0.3943196829590489 0.8221624266144814 0.09247027741083223 0.1453033268101761
0 0.5102377807133421 0.8155577299412915 0.16842800528401586 0.18493150684931506
2 0.6515852047556143 0.6450587084148728 0.1750330250990753 0.13258317025440314
3 0.33883751651254956 0.5472113502935421 0.08982826948480846 0.1404109589041096
3 0.41215323645970936 0.5073385518590998 0.10039630118890357 0.1506849315068493
3 0.49966974900924704 0.4995107632093933 0.09973579920739763 0.15362035225048923
3 0.5977542932628798 0.5036692759295499 0.08586525759577279 0.13747553816046965
4 0.7655217965653897 0.5523483365949119 0.1215323645970938 0.11350293542074363
4 0.297556142668428 0.46110567514677103 0.1142668428005284 0.10029354207436399
4 0.404887714663144 0.4055772994129158 0.10700132100396301 0.11643835616438356
4 0.5029722589167768 0.39261252446183953 0.1036988110964333 0.11105675146771037
4 0.6103038309114928 0.398972602739726 0.11096433289299867 0.1296477495107632
6 0.8583223249669749 0.4637964774951076 0.1499339498018494 0.11643835616438356
6 0.6512549537648613 0.2018101761252446 0.13606340819022458 0.11888454011741682
6 0.49438573315719947 0.15435420743639922 0.1142668428005284 0.1267123287671233
6 0.35468956406869223 0.19275929549902152 0.10700132100396301 0.12426614481409001
6 0.18361955085865259 0.31188845401174164 0.10700132100396301 0.10812133072407044
5 0.2331571994715984 0.39212328767123283 0.10700132100396301 0.08170254403131115
5 0.3834214002642008 0.30919765166340507 0.1142668428005284 0.07632093933463796
5 0.5029722589167768 0.27470645792563597 0.11822985468956407 0.08170254403131115
5 0.6370541611624835 0.30528375733855184 0.1142668428005284 0.0949119373776908
