5 0.5789215686274509 0.2284046692607004 0.11274509803921569 0.07782101167315175
5 0.4536764705882353 0.221011673151751 0.10931372549019608 0.08638132295719846
5 0.3482843137254902 0.2700389105058366 0.10147058823529412 0.08638132295719846
5 0.27205882352941174 0.3449416342412452 0.10882352941176471 0.07509727626459145
6 0.2394607843137255 0.2614785992217899 0.07990196078431372 0.09805447470817122
6 0.3156862745098039 0.1663424124513619 0.10882352941176471 0.10933852140077822
6 0.4426470588235294 0.1245136186770428 0.10882352941176471 0.10661478599221791
6 0.5806372549019608 0.1490272373540856 0.0946078431372549 0.09805447470817122
6 0.7686274509803921 0.3414396887159533 0.1284313725490196 0.11945525291828794
4 0.5681372549019608 0.322568093385214 0.10882352941176471 0.12373540856031129
4 0.4661764705882353 0.3276264591439689 0.09803921568627451 0.13229571984435798
4 0.3845588235294118 0.3593385214007782 0.07990196078431372 0.13268482490272374
4 0.31004901960784315 0.40836575875486386 0.09068627450980392 0.10933852140077822
4 0.729656862745098 0.43774319066147865 0.11225490196078432 0.12373540856031129
3 0.3431372549019608 0.498443579766537 0.08725490196078431 0.1642023346303502
3 0.40098039215686276 0.45817120622568097 0.10196078431372549 0.14124513618677043
3 0.4715686274509804 0.4332684824902724 0.09803921568627451 0.16692607003891052
3 0.5715686274509804 0.43190661478599224 0.10196078431372549 0.1813229571984436
2 0.6443627450980393 0.5690661478599223 0.14166666666666666 0.12101167315175099
0 0.5681372549019608 0.7377431906614786 0.18137254901960784 0.21634241245136188
1 0.47009803921568627 0.788910505836576 0.1196078431372549 0.17859922178988327
