5 0.5446078431372549 0.21731517509727627 0.11274509803921569 0.08365758754863814
5 0.41151960784313724 0.22120622568093387 0.11323529411764706 0.08365758754863814
5 0.317156862745098 0.25214007782101167 0.07549019607843137 0.07003891050583658
5 0.24681372549019606 0.3229571984435798 0.07009803921568628 0.06770428015564203
6 0.21274509803921568 0.2482490272373541 0.06764705882352941 0.07782101167315175
6 0.29215686274509806 0.16031128404669262 0.07549019607843137 0.1058365758754864
6 0.3879901960784314 0.12237354085603114 0.10637254901960784 0.10933852140077822
6 0.5610294117647059 0.13754863813229573 0.1053921568627451 0.1
6 0.7139705882352941 0.30097276264591444 0.11323529411764706 0.11167315175097277
4 0.5446078431372549 0.3040856031128405 0.09803921568627451 0.1217898832684825
4 0.4340686274509804 0.30797665369649807 0.1034313725490196 0.12568093385214008
4 0.3573529411764706 0.3398832684824903 0.09509803921568627 0.1217898832684825
4 0.27941176470588236 0.3760700389105059 0.09019607843137255 0.09377431906614786
4 0.6473039215686275 0.39785992217898836 0.09362745098039216 0.11945525291828794
3 0.542156862745098 0.404863813229572 0.09313725490196079 0.12801556420233465
3 0.44656862745098036 0.39980544747081714 0.08333333333333333 0.1217898832684825
3 0.38112745098039214 0.42976653696498057 0.07794117647058824 0.11789883268482491
3 0.3159313725490196 0.4418287937743191 0.07303921568627451 0.09766536964980545
2 0.5811274509803922 0.5317120622568093 0.12598039215686274 0.09766536964980545
1 0.37107843137254903 0.7260700389105059 0.10784313725490197 0.15175097276264593
0 0.47745098039215683 0.7073929961089495 0.15588235294117647 0.18365758754863815
