0 0.5470588235294117 0.7013618677042802 0.10980392156862745 0.11322957198443581
1 0.46397058823529413 0.700194552529183 0.07990196078431372 0.08287937743190663
2 0.6132352941176471 0.556420233463035 0.10098039215686275 0.08949416342412451
3 0.41495098039215683 0.4998054474708172 0.059313725490196076 0.11556420233463036
3 0.4644607843137255 0.48073929961089495 0.06519607843137255 0.1085603112840467
3 0.5188725490196079 0.46206225680933855 0.06519607843137255 0.10155642023346305
3 0.5857843137254902 0.45739299610894946 0.06862745098039216 0.11089494163424125
4 0.6882352941176471 0.47237354085603117 0.08333333333333333 0.09182879377431907
4 0.5975490196078431 0.39007782101167315 0.08627450980392157 0.08988326848249027
4 0.5129901960784313 0.3937743190661479 0.0769607843137255 0.08715953307392997
4 0.458578431372549 0.41595330739299613 0.07107843137254902 0.08482490272373541
4 0.39852941176470585 0.442023346303502 0.07450980392156863 0.07548638132295721
6 0.7274509803921568 0.4038910505836576 0.08431372549019608 0.07782101167315175
6 0.6147058823529412 0.25447470817120627 0.06862745098039216 0.07626459143968872
6 0.5134803921568627 0.23365758754863813 0.07990196078431372 0.08521400778210117
6 0.43823529411764706 0.27354085603112843 0.056862745098039215 0.08482490272373541
6 0.34901960784313724 0.338715953307393 0.056862745098039215 0.07042801556420233
5 0.36151960784313725 0.392023346303502 0.07303921568627451 0.05408560311284047
5 0.4357843137254902 0.3404669260700389 0.07058823529411765 0.05992217898832685
5 0.5122549019607843 0.3134241245136187 0.07745098039215687 0.05953307392996109
5 0.6125 0.32509727626459145 0.08186274509803922 0.061867704280155644
