5 0.5879901960784314 0.24844357976653697 0.1161764705882353 0.07198443579766538
5 0.4681372549019608 0.22821011673151753 0.09411764705882353 0.06653696498054475
5 0.38480392156862747 0.25992217898832687 0.08725490196078431 0.06070038910505837
5 0.3137254901960784 0.3147859922178989 0.09803921568627451 0.06070038910505837
6 0.2774509803921569 0.24708171206225682 0.08333333333333333 0.08638132295719846
6 0.3411764705882353 0.1605058365758755 0.08725490196078431 0.1038910505836576
6 0.4536764705882353 0.12723735408560313 0.08676470588235294 0.09494163424124515
6 0.600735294117647 0.1663424124513619 0.0838235294117647 0.09221789883268483
6 0.7333333333333333 0.3494163424124514 0.12352941176470589 0.10661478599221791
4 0.3392156862745098 0.3665369649805448 0.09803921568627451 0.10116731517509728
4 0.4100490196078431 0.3377431906614786 0.08676470588235294 0.10116731517509728
4 0.4825980392156863 0.31614785992217903 0.07990196078431372 0.10933852140077822
4 0.5789215686274509 0.33190661478599226 0.08333333333333333 0.08949416342412451
4 0.6713235294117647 0.4313229571984436 0.1053921568627451 0.09221789883268483
3 0.3700980392156863 0.4342412451361868 0.08725490196078431 0.12684824902723738
3 0.42083333333333334 0.41128404669260704 0.06519607843137255 0.10350194552529184
3 0.48995098039215684 0.4011673151750973 0.07990196078431372 0.12373540856031129
3 0.5590686274509804 0.4040856031128405 0.06519607843137255 0.11789883268482491
2 0.600735294117647 0.5264591439688716 0.15245098039215685 0.09805447470817122
1 0.3737745098039216 0.6618677042801557 0.0946078431372549 0.1556420233463035
0 0.4644607843137255 0.6663424124513619 0.13088235294117648 0.1529182879377432
