5 0.6595112285336856 0.3835616438356164 0.1023778071334214 0.09393346379647749
5 0.7889696169088507 0.46942270058708413 0.09709379128137384 0.08170254403131115
5 0.5072655217965654 0.3627690802348336 0.11096433289299867 0.07583170254403131
5 0.37219286657859973 0.3906555772994129 0.11030383091149273 0.07974559686888454
6 0.14861294583883752 0.5364481409001957 0.1809775429326288 0.11986301369863013
6 0.3358652575957728 0.28791585127201563 0.11294583883751651 0.11007827788649706
6 0.4963672391017173 0.24486301369863012 0.09445178335535007 0.11203522504892367
6 0.7054161162483488 0.27788649706457924 0.12417437252311757 0.11350293542074363
6 0.8335535006605019 0.412426614481409 0.12681638044914134 0.09980430528375733
4 0.2592470277410832 0.6232876712328766 0.12087186261558784 0.09001956947162426
4 0.40885072655217963 0.47455968688845396 0.1083223249669749 0.11154598825831702
4 0.5194848084544254 0.46257338551859095 0.09709379128137384 0.11986301369863013
4 0.6284676354029062 0.48165362035225046 0.09973579920739763 0.11399217221135029
4 0.7410832232496698 0.526908023483366 0.1215323645970938 0.10567514677103718
3 0.44517833553500663 0.5604207436399217 0.083223249669749 0.11986301369863013
3 0.5359973579920739 0.562866927592955 0.09973579920739763 0.13747553816046965
3 0.6188903566710701 0.5704500978473581 0.07529722589167767 0.09980430528375733
3 0.7014531043593131 0.5983365949119374 0.07793923381770146 0.0958904109589041
2 0.3844121532364597 0.7101272015655576 0.13474240422721268 0.10420743639921722
0 0.5287318361955086 0.8818493150684931 0.1644649933949802 0.17172211350293543
1 0.6512549537648613 0.8899217221135028 0.11889035667107001 0.15166340508806261
