0 0.5637384412153237 0.7915851272015655 0.16974900924702774 0.18395303326810175
1 0.4356010568031704 0.7881604696673189 0.10766182298546896 0.14383561643835616
2 0.6796565389696169 0.5704500978473581 0.13738441215323646 0.14383561643835616
3 0.3543593130779392 0.5188356164383562 0.1023778071334214 0.12573385518590996
3 0.4223910171730515 0.4784735812133072 0.08652575957727873 0.12818003913894324
3 0.49504623513870544 0.45768101761252444 0.11294583883751651 0.17367906066536204
3 0.5961030383091149 0.4344422700587084 0.09445178335535007 0.15166340508806261
4 0.7410832232496698 0.43224070450097846 0.10568031704095113 0.10420743639921722
4 0.2916116248348745 0.4395792563600783 0.11030383091149273 0.08170254403131115
4 0.3847424042272127 0.3835616438356164 0.1023778071334214 0.10567514677103718
4 0.4831571994715984 0.33977495107632094 0.10501981505944517 0.11790606653620352
4 0.594782034346103 0.3297455968688845 0.10766182298546896 0.10567514677103718
6 0.7873183619550859 0.32289628180039137 0.13738441215323646 0.13992172211350293
6 0.594782034346103 0.11717221135029354 0.12351387054161163 0.11986301369863013
6 0.4372523117569353 0.10396281800391388 0.11624834874504623 0.12573385518590996
6 0.2998678996036988 0.1670743639921722 0.12681638044914134 0.12769080234833657
6 0.16743725231175693 0.30185909980430525 0.10501981505944517 0.09001956947162426
5 0.23612945838837518 0.38087084148727984 0.1023778071334214 0.07583170254403131
5 0.3305812417437252 0.2776418786692759 0.11294583883751651 0.07778864970645792
5 0.4478203434610304 0.21404109589041095 0.11096433289299867 0.08561643835616438
5 0.5990752972258917 0.2137964774951076 0.12681638044914134 0.09784735812133072
