5 0.6538969616908851 0.20499021526418787 0.12417437252311757 0.08414872798434442
5 0.4854689564068692 0.1797945205479452 0.1215323645970938 0.07778864970645792
5 0.3480845442536328 0.22798434442270057 0.11096433289299867 0.09001956947162426
5 0.2239101717305152 0.33830724070450097 0.11096433289299867 0.08365949119373776
6 0.1502642007926024 0.2568493150684931 0.1023778071334214 0.07632093933463796
6 0.32793923381770146 0.11007827788649706 0.11822985468956407 0.11741682974559686
6 0.4801849405548217 0.05430528375733855 0.13210039630118892 0.11741682974559686
6 0.666776750330251 0.09662426614481409 0.11294583883751651 0.10420743639921722
6 0.8593130779392338 0.3431996086105675 0.1453104359313078 0.13747553816046965
4 0.6241743725231176 0.3028375733855186 0.12945838837516513 0.12818003913894324
4 0.4976882430647292 0.3060176125244618 0.11294583883751651 0.12181996086105674
4 0.4058784676354029 0.3378180039138943 0.10766182298546896 0.12573385518590996
4 0.3058124174372523 0.4060665362035225 0.12945838837516513 0.08806262230919765
3 0.33322324966974903 0.47455968688845396 0.09180977542932629 0.12818003913894324
3 0.4128137384412153 0.4327299412915851 0.08850726552179657 0.11986301369863013
3 0.5016512549537648 0.4126712328767123 0.09973579920739763 0.1316046966731898
3 0.6122853368560106 0.4036203522504892 0.09379128137384413 0.13013698630136986
4 0.7721268163804491 0.4591487279843444 0.11889035667107001 0.10616438356164383
2 0.6747027741083224 0.5750978473581213 0.16710700132100395 0.11790606653620352
0 0.558454425363276 0.7433953033268101 0.1750330250990753 0.18737769080234834
1 0.43989431968295906 0.7700587084148728 0.1215323645970938 0.16731898238747553
