3 0.6110294117647058 0.4702334630350195 0.08284313725490196 0.13190661478599222
3 0.538235294117647 0.4795719844357977 0.08039215686274509 0.12723735408560313
3 0.4742647058823529 0.5033073929961089 0.06519607843137255 0.11789883268482491
3 0.42745098039215684 0.5398832684824904 0.07450980392156863 0.14591439688715954
2 0.6799019607843138 0.5787937743190662 0.09215686274509804 0.12023346303501946
4 0.5161764705882352 0.380739299610895 0.10098039215686275 0.12256809338521402
4 0.6110294117647058 0.37490272373540856 0.08284313725490196 0.11089494163424125
4 0.4387254901960784 0.4196498054474708 0.0892156862745098 0.10622568093385215
4 0.3911764705882353 0.4750972762645915 0.07745098039215687 0.08015564202334631
4 0.7352941176470588 0.4747081712062257 0.07745098039215687 0.09649805447470818
6 0.7833333333333333 0.36770428015564205 0.11274509803921569 0.13463035019455255
6 0.6034313725490196 0.19669260700389107 0.09215686274509804 0.09922178988326849
6 0.4730392156862745 0.18268482490272375 0.10392156862745097 0.1038910505836576
6 0.3348039215686274 0.2426070038910506 0.09509803921568627 0.10622568093385215
6 0.2647058823529412 0.3523346303501946 0.09803921568627451 0.09455252918287939
5 0.3348039215686274 0.4208171206225681 0.07745098039215687 0.05642023346303502
5 0.3941176470588235 0.35000000000000003 0.10098039215686275 0.06575875486381323
5 0.4906862745098039 0.288715953307393 0.10392156862745097 0.07548638132295721
5 0.6095588235294117 0.29571984435797666 0.10441176470588236 0.07548638132295721
1 0.5159313725490196 0.7603112840466927 0.08284313725490196 0.13229571984435798
0 0.5950980392156863 0.7521400778210118 0.11862745098039215 0.16031128404669262
