0 0.6044117647058823 0.7342412451361868 0.14705882352941177 0.177431906614786
1 0.49950980392156863 0.7245136186770429 0.10098039215686275 0.14085603112840467
4 0.7284313725490196 0.5542801556420234 0.15784313725490196 0.1038910505836576
4 0.38504901960784316 0.4143968871595331 0.10049019607843138 0.09494163424124515
4 0.4666666666666667 0.364591439688716 0.08431372549019608 0.11206225680933853
4 0.5458333333333333 0.32879377431906615 0.08970588235294118 0.09727626459143969
4 0.6450980392156863 0.3256809338521401 0.09803921568627451 0.09105058365758756
3 0.4340686274509804 0.47976653696498056 0.09264705882352942 0.11906614785992219
3 0.48995098039215684 0.4490272373540856 0.07107843137254902 0.12529182879377432
3 0.5566176470588236 0.4208171206225681 0.09558823529411764 0.12957198443579768
3 0.6409313725490196 0.4142023346303502 0.07892156862745098 0.12957198443579768
4 0.782843137254902 0.4511673151750973 0.11176470588235293 0.1038910505836576
6 0.8602941176470588 0.36575875486381326 0.11470588235294117 0.1276264591439689
6 0.6286764705882353 0.15272373540856032 0.1034313725490196 0.0906614785992218
6 0.513235294117647 0.1247081712062257 0.11176470588235293 0.0953307392996109
6 0.38088235294117645 0.18424124513618678 0.09803921568627451 0.09299610894941635
6 0.2801470588235294 0.29980544747081717 0.08186274509803922 0.0906614785992218
5 0.32916666666666666 0.35972762645914397 0.09264705882352942 0.06031128404669261
5 0.41127450980392155 0.2739299610894942 0.11176470588235293 0.06926070038910506
5 0.5186274509803922 0.2217898832684825 0.09509803921568627 0.07782101167315175
5 0.6424019607843137 0.23910505836575877 0.1034313725490196 0.06498054474708172
