5 0.5963235294117647 0.17003891050583658 0.1142156862745098 0.06459143968871596
5 0.43823529411764706 0.17003891050583658 0.10392156862745097 0.06926070038910506
5 0.3497549019607843 0.21867704280155645 0.09558823529411764 0.07159533073929962
5 0.25049019607843137 0.2996108949416343 0.09803921568627451 0.07782101167315175
6 0.1946078431372549 0.22529182879377432 0.11176470588235293 0.09727626459143969
6 0.3090686274509804 0.1058365758754864 0.1034313725490196 0.09727626459143969
6 0.4166666666666667 0.05972762645914397 0.09803921568627451 0.1038910505836576
6 0.5799019607843137 0.07587548638132297 0.10882352941176471 0.09727626459143969
6 0.7473039215686275 0.26731517509727626 0.09558823529411764 0.14241245136186773
4 0.3073529411764706 0.37120622568093387 0.10882352941176471 0.10817120622568094
4 0.3838235294117647 0.31167315175097277 0.09803921568627451 0.1276264591439689
4 0.458578431372549 0.2749027237354086 0.09558823529411764 0.11867704280155643
4 0.5838235294117647 0.2649805447470817 0.11176470588235293 0.11673151750972763
4 0.7215686274509804 0.38832684824902725 0.10882352941176471 0.11673151750972763
3 0.3416666666666667 0.4544747081712063 0.08431372549019608 0.13618677042801558
3 0.4083333333333333 0.41322957198443583 0.08725490196078431 0.13151750972762646
3 0.4776960784313725 0.380739299610895 0.09558823529411764 0.13190661478599222
3 0.5799019607843137 0.35272373540856033 0.09803921568627451 0.11867704280155643
2 0.6575980392156863 0.5105058365758756 0.13872549019607844 0.1105058365758755
1 0.44656862745098036 0.7180933852140078 0.11176470588235293 0.1879377431906615
0 0.5622549019607843 0.7042801556420234 0.15 0.20077821011673153
