0 0.7128359846407022 0.7269597457627118 0.1727921009325288 0.1933262711864407
1 0.6223258365331871 0.8183262711864406 0.13987931980252333 0.15889830508474576
2 0.65990126165661 0.5076800847457628 0.10970927043335163 0.14565677966101695
3 0.5222161272627537 0.3734110169491525 0.10422380691168404 0.13241525423728814
3 0.450082281952825 0.4255826271186441 0.10696653867251783 0.12447033898305085
3 0.41579813494240264 0.4878177966101695 0.09873834339001646 0.1059322033898305
3 0.38425671969281405 0.5513771186440678 0.117937465715853 0.11122881355932203
4 0.6242457487657708 0.359375 0.10422380691168404 0.11917372881355932
4 0.4747668678003292 0.291843220338983 0.10696653867251783 0.12182203389830508
4 0.39522764673614924 0.3514300847457627 0.117937465715853 0.11917372881355932
4 0.34860120680197476 0.4189618644067797 0.12342292923752057 0.10063559322033898
4 0.32665935271530444 0.4970868644067797 0.10696653867251783 0.08209745762711865
5 0.24300603400987383 0.4361758474576271 0.09325287986834888 0.07680084745762712
5 0.2608337904552935 0.3328919491525424 0.09599561162918267 0.08739406779661017
5 0.30334613274821726 0.23622881355932204 0.08228195282501372 0.10063559322033898
5 0.4103126714207351 0.1885593220338983 0.08228195282501372 0.07944915254237288
6 0.5831047723532639 0.2097457627118644 0.10422380691168404 0.1483050847457627
6 0.35271530444322546 0.09189618644067797 0.09873834339001646 0.1138771186440678
6 0.23066374108612178 0.1329449152542373 0.117937465715853 0.12182203389830508
6 0.1744377399890291 0.23622881355932204 0.10422380691168404 0.11652542372881355
6 0.16209544706527704 0.3606991525423729 0.09599561162918267 0.11122881355932203
