6 0.47696078431372546 0.21848249027237357 0.10784313725490197 0.09844357976653698
6 0.29705882352941176 0.221011673151751 0.10784313725490197 0.0933852140077821
6 0.1713235294117647 0.2988326848249028 0.11127450980392156 0.0933852140077821
6 0.10269607843137254 0.4350194552529183 0.10441176470588236 0.07548638132295721
6 0.6992647058823529 0.3949416342412452 0.1338235294117647 0.10894941634241245
5 0.49019607843137253 0.3001945525291829 0.10784313725490197 0.06498054474708172
5 0.3495098039215686 0.3066147859922179 0.10784313725490197 0.0622568093385214
5 0.2531862745098039 0.37918287937743195 0.08480392156862746 0.07276264591439689
5 0.18774509803921569 0.4766536964980545 0.08529411764705883 0.054474708171206226
4 0.2678921568627451 0.5075875486381324 0.1142156862745098 0.05953307392996109
4 0.31838235294117645 0.4455252918287938 0.09166666666666666 0.08560311284046693
4 0.39852941176470585 0.3972762645914397 0.08137254901960785 0.0933852140077821
4 0.49166666666666664 0.37918287937743195 0.09803921568627451 0.08832684824902724
4 0.6463235294117647 0.4852140077821012 0.10637254901960784 0.08326848249027238
3 0.31666666666666665 0.5426070038910507 0.08823529411764705 0.09844357976653698
3 0.3625 0.5011673151750973 0.10441176470588236 0.10894941634241245
3 0.41495098039215683 0.4675097276264592 0.075 0.1038910505836576
3 0.49166666666666664 0.4480544747081712 0.0784313725490196 0.10622568093385215
2 0.5911764705882353 0.5894941634241245 0.12745098039215685 0.0933852140077821
1 0.39705882352941174 0.7396887159533074 0.09509803921568627 0.17120622568093385
0 0.49019607843137253 0.7359922178988327 0.12745098039215685 0.17392996108949418
