0 0.4696078431372549 0.6544747081712062 0.12058823529411765 0.14163424124513618
1 0.3963235294117647 0.6632295719844359 0.08284313725490196 0.12568093385214008
2 0.5688725490196078 0.5036964980544747 0.08774509803921568 0.1038910505836576
3 0.3272058823529412 0.4558365758754864 0.08088235294117647 0.1217898832684825
3 0.3686274509803922 0.4169260700389105 0.07254901960784313 0.11556420233463036
3 0.4340686274509804 0.3949416342412452 0.07794117647058824 0.12373540856031129
3 0.5058823529411764 0.3867704280155642 0.08039215686274509 0.1276264591439689
4 0.6276960784313725 0.40603112840466926 0.08284313725490196 0.09377431906614786
4 0.5176470588235293 0.2891050583657588 0.10588235294117647 0.10350194552529184
4 0.42769607843137253 0.2982490272373541 0.09068627450980392 0.09377431906614786
4 0.35980392156862745 0.33307392996108953 0.07549019607843137 0.09182879377431907
4 0.28946078431372546 0.3869649805447471 0.075 0.07587548638132297
6 0.6727941176470588 0.31108949416342413 0.1230392156862745 0.10778210116731518
6 0.5495098039215687 0.12859922178988328 0.10294117647058823 0.10155642023346305
6 0.40637254901960784 0.10058365758754864 0.08823529411764705 0.09766536964980545
6 0.3044117647058823 0.1494163424124514 0.08039215686274509 0.0840466926070039
6 0.18137254901960784 0.25914396887159535 0.08529411764705883 0.0840466926070039
5 0.2375 0.328988326848249 0.07794117647058824 0.05408560311284047
5 0.3235294117647059 0.24124513618677043 0.09313725490196079 0.06770428015564203
5 0.42401960784313725 0.20330739299610898 0.10294117647058823 0.07587548638132297
5 0.5397058823529411 0.2142023346303502 0.10294117647058823 0.061867704280155644
