5 0.6324306472919419 0.312866927592955 0.10766182298546896 0.07191780821917808
5 0.49372523117569356 0.28987279843444225 0.09973579920739763 0.06996086105675146
5 0.3619550858652576 0.3321917808219178 0.13474240422721268 0.0675146771037182
5 0.23678996036988112 0.40777886497064575 0.10501981505944517 0.07387475538160469
6 0.19848084544253633 0.33170254403131116 0.1023778071334214 0.09001956947162426
6 0.3497357992073976 0.22700587084148727 0.1023778071334214 0.0958904109589041
6 0.49504623513870544 0.18493150684931506 0.09709379128137384 0.10763209393346379
6 0.6542272126816381 0.2309197651663405 0.10766182298546896 0.09980430528375733
6 0.832892998678996 0.4564579256360078 0.142668428005284 0.10763209393346379
4 0.2889696169088507 0.4765166340508806 0.09445178335535007 0.0958904109589041
4 0.3764861294583884 0.42857142857142855 0.08586525759577279 0.0958904109589041
4 0.4679656538969617 0.4026418786692759 0.10766182298546896 0.09980430528375733
4 0.582892998678996 0.40753424657534243 0.09973579920739763 0.09784735812133072
4 0.7301849405548216 0.5420743639921721 0.09973579920739763 0.09197651663405088
3 0.32397622192866576 0.5481898238747553 0.08388375165125496 0.12377690802348336
3 0.38870541611624837 0.5203033268101761 0.0891677675033025 0.1159491193737769
3 0.46136063408190225 0.49535225048923676 0.09445178335535007 0.12181996086105674
3 0.5643989431968296 0.48997064579256355 0.09709379128137384 0.12377690802348336
2 0.6175693527080581 0.6320939334637965 0.13738441215323646 0.09980430528375733
1 0.3920079260237781 0.8060176125244618 0.09709379128137384 0.15215264187866928
0 0.5056142668428005 0.7932974559686888 0.16710700132100395 0.17954990215264188
