0 0.6125 0.6212062256809339 0.13970588235294118 0.17003891050583658
1 0.5036764705882353 0.6412451361867705 0.11911764705882352 0.1556420233463035
2 0.704656862745098 0.459727626459144 0.15735294117647058 0.10155642023346305
3 0.42696078431372547 0.3982490272373541 0.08333333333333333 0.12957198443579768
3 0.48627450980392156 0.3665369649805448 0.06568627450980392 0.1556420233463035
3 0.5441176470588235 0.33832684824902726 0.08039215686274509 0.13190661478599222
3 0.6171568627450981 0.33832684824902726 0.09509803921568627 0.13190661478599222
4 0.7774509803921569 0.37237354085603114 0.10098039215686275 0.09182879377431907
4 0.3838235294117647 0.33929961089494165 0.09215686274509804 0.07315175097276265
4 0.45931372549019606 0.28151750972762646 0.0892156862745098 0.09922178988326849
4 0.5313725490196078 0.24396887159533076 0.08627450980392157 0.09883268482490273
4 0.6318627450980392 0.24747081712062258 0.08333333333333333 0.09182879377431907
6 0.8338235294117647 0.28501945525291833 0.11862745098039215 0.11556420233463036
6 0.6524509803921569 0.09766536964980545 0.09509803921568627 0.09883268482490273
6 0.4745098039215686 0.06342412451361869 0.11274509803921569 0.08249027237354087
6 0.3642156862745098 0.10486381322957199 0.09509803921568627 0.1085603112840467
6 0.23529411764705882 0.25447470817120627 0.09803921568627451 0.07315175097276265
5 0.3220588235294118 0.3029182879377432 0.09509803921568627 0.05875486381322958
5 0.41715686274509806 0.19571984435797668 0.09509803921568627 0.07548638132295721
5 0.5053921568627451 0.1566147859922179 0.09215686274509804 0.08521400778210117
5 0.6465686274509804 0.17315175097276267 0.10686274509803921 0.07315175097276265
