5 0.6911764705882353 0.49143968871595334 0.07745098039215687 0.07548638132295721
5 0.6200980392156863 0.44319066147859926 0.08333333333333333 0.06848249027237355
5 0.5235294117647059 0.442023346303502 0.08627450980392157 0.07548638132295721
5 0.4284313725490196 0.4632295719844358 0.07450980392156863 0.05642023346303502
6 0.46544117647058825 0.39260700389105063 0.07107843137254902 0.08482490272373541
6 0.5725490196078431 0.3464980544747082 0.09509803921568627 0.08754863813229573
6 0.6620098039215686 0.35000000000000003 0.07990196078431372 0.09455252918287939
6 0.7504901960784314 0.41011673151750977 0.09509803921568627 0.10116731517509728
6 0.7848039215686274 0.648443579766537 0.12156862745098039 0.10622568093385215
4 0.39558823529411763 0.5233463035019456 0.07450980392156863 0.10116731517509728
4 0.4661764705882353 0.5233463035019456 0.08627450980392157 0.09416342412451363
4 0.5397058823529411 0.5303501945525292 0.07745098039215687 0.09182879377431907
4 0.6191176470588236 0.556420233463035 0.10686274509803921 0.09416342412451363
3 0.3732843137254902 0.6048638132295721 0.06519607843137255 0.10622568093385215
3 0.44313725490196076 0.6000000000000001 0.07450980392156863 0.09883268482490273
3 0.5164215686274509 0.5964980544747082 0.07990196078431372 0.10350194552529184
3 0.5779411764705882 0.6247081712062257 0.07156862745098039 0.09922178988326849
4 0.6794117647058824 0.7073929961089495 0.11862745098039215 0.07315175097276265
2 0.5419117647058823 0.7570038910505837 0.1661764705882353 0.09922178988326849
1 0.2931372549019608 0.8157587548638133 0.11274509803921569 0.12957198443579768
0 0.3909313725490196 0.8494163424124515 0.1377450980392157 0.14241245136186773
