0 0.45541611624834877 0.8084637964774951 0.15389696169088507 0.1267123287671233
1 0.345112285336856 0.825587084148728 0.11955085865257596 0.09931506849315068
2 0.5904887714663144 0.6577788649706457 0.15191545574636725 0.10518590998043052
3 0.31605019815059443 0.5518590998043053 0.06803170409511229 0.1360078277886497
3 0.38309114927344784 0.523972602739726 0.07793923381770146 0.11937377690802348
3 0.4663143989431968 0.5083170254403131 0.07793923381770146 0.11056751467710371
3 0.5577939233817701 0.5264187866927592 0.09841479524438573 0.14677103718199608
4 0.7169749009247027 0.5609099804305283 0.14464993394980186 0.08170254403131115
4 0.5749669749009247 0.4295499021526419 0.11030383091149273 0.11252446183953033
4 0.46730515191545574 0.41976516634050876 0.10501981505944517 0.11056751467710371
4 0.3771466314398943 0.43688845401174164 0.095112285336856 0.10469667318982387
4 0.3084544253632761 0.4620841487279843 0.095112285336856 0.09050880626223091
6 0.8051519154557464 0.47676125244618395 0.14002642007926025 0.10518590998043052
6 0.6218626155878467 0.2465753424657534 0.10501981505944517 0.09784735812133072
6 0.5138705416116248 0.20768101761252444 0.11492734478203434 0.09931506849315068
6 0.36723910171730517 0.23581213307240703 0.09114927344782034 0.10469667318982387
6 0.2830250990752972 0.32901174168297453 0.07331571994715984 0.07778864970645792
5 0.2790620871862616 0.4060665362035225 0.11030383091149273 0.06164383561643835
5 0.37450462351387054 0.33977495107632094 0.1096433289299868 0.06702544031311154
5 0.49339498018494055 0.3074853228962818 0.11756935270805813 0.07778864970645792
5 0.607001321003963 0.33830724070450097 0.10568031704095113 0.07778864970645792
