5 0.5363276089828269 0.300880626223092 0.11492734478203434 0.07632093933463796
5 0.40653896961690883 0.2766634050880626 0.11030383091149273 0.09246575342465753
5 0.2965653896961691 0.30724070450097846 0.11492734478203434 0.08904109589041095
5 0.1568692206076618 0.37426614481409 0.0904887714663144 0.05968688845401174
6 0.13870541611624834 0.3011252446183953 0.0977542932628798 0.09050880626223091
6 0.2899603698811096 0.2045009784735812 0.13738441215323646 0.1086105675146771
6 0.40885072655217963 0.1697651663405088 0.1202113606340819 0.09980430528375733
6 0.5508586525759578 0.20596868884540115 0.10039630118890357 0.09980430528375733
6 0.6737120211360634 0.4246575342465753 0.11756935270805813 0.11056751467710371
4 0.2093791281373844 0.44789628180039137 0.09247027741083223 0.09442270058708414
4 0.297556142668428 0.39774951076320936 0.09841479524438573 0.11056751467710371
4 0.3966314398943197 0.3759784735812133 0.0904887714663144 0.10322896281800391
4 0.5178335535006605 0.386252446183953 0.0977542932628798 0.10518590998043052
4 0.6099735799207398 0.5141878669275929 0.10766182298546896 0.09784735812133072
3 0.23513870541611626 0.5266634050880626 0.08586525759577279 0.13258317025440314
3 0.30250990752972257 0.4958414872798434 0.083223249669749 0.13258317025440314
3 0.3880449141347424 0.4821428571428571 0.09313077939233817 0.13062622309197652
3 0.4871202113606341 0.4757827788649706 0.08520475561426684 0.11399217221135029
2 0.5029722589167768 0.6208414872798435 0.13672391017173052 0.0958904109589041
1 0.28104359313077937 0.7952544031311154 0.13011889035667107 0.17954990215264188
0 0.3953104359313078 0.7551369863013698 0.14729194187582562 0.15215264187866928
