0 0.45277410832232495 0.898238747553816 0.21334214002642007 0.16144814090019569
1 0.309775429326288 0.884784735812133 0.11624834874504623 0.15802348336594912
2 0.6562087186261559 0.7553816046966731 0.21598414795244386 0.14774951076320939
3 0.2724570673712021 0.6144814090019569 0.09973579920739763 0.19569471624266144
3 0.3550198150594452 0.5513698630136986 0.10766182298546896 0.15362035225048923
3 0.4478203434610304 0.5303326810176126 0.1215323645970938 0.19569471624266144
3 0.5772787318361955 0.5354696673189824 0.11624834874504623 0.1815068493150685
4 0.7793923381770146 0.6073874755381604 0.13738441215323646 0.12573385518590996
4 0.2308454425363276 0.4963307240704501 0.1406869220607662 0.12377690802348336
4 0.34015852047556144 0.4275929549902152 0.12681638044914134 0.149706457925636
4 0.45442536327608984 0.38943248532289626 0.11889035667107001 0.14579256360078277
4 0.6003963011889035 0.4055772994129158 0.12417437252311757 0.13405088062622308
6 0.904887714663144 0.49241682974559686 0.18361955085865259 0.1560665362035225
6 0.6717305151915456 0.17098825831702544 0.12681638044914134 0.11986301369863013
6 0.45046235138705415 0.12108610567514677 0.15323645970937913 0.11203522504892367
6 0.2701453104359313 0.17098825831702544 0.13738441215323646 0.1316046966731898
6 0.08652575957727873 0.3187377690802348 0.13738441215323646 0.11986301369863013
5 0.16116248348745046 0.4180528375733855 0.13738441215323646 0.1159491193737769
5 0.3038309114927345 0.3047945205479452 0.1453104359313078 0.09197651663405088
5 0.464002642007926 0.2666340508806262 0.16974900924702774 0.0958904109589041
5 0.6350726552179656 0.28693737769080235 0.17239101717305153 0.11203522504892367
