1 0.41495098039215683 0.792023346303502 0.10735294117647058 0.19105058365758756
0 0.5169117647058823 0.7791828793774319 0.14558823529411766 0.18638132295719845
3 0.3377450980392157 0.5245136186770428 0.08333333333333333 0.14163424124513618
3 0.4073529411764706 0.4891050583657588 0.09215686274509804 0.14163424124513618
3 0.4742647058823529 0.4750972762645915 0.0769607843137255 0.1463035019455253
3 0.5708333333333333 0.47256809338521405 0.07990196078431372 0.14124513618677043
2 0.6105392156862745 0.6036964980544748 0.1426470588235294 0.09922178988326849
4 0.6997549019607843 0.4974708171206226 0.11911764705882352 0.09922178988326849
4 0.5754901960784313 0.380739299610895 0.0892156862745098 0.1085603112840467
4 0.4698529411764706 0.37140077821011674 0.0857843137254902 0.11322957198443581
4 0.3911764705882353 0.3982490272373541 0.10098039215686275 0.11556420233463036
4 0.31470588235294117 0.4501945525291829 0.09215686274509804 0.08949416342412451
5 0.2571078431372549 0.39007782101167315 0.10735294117647058 0.07509727626459145
5 0.35245098039215683 0.30525291828793777 0.09509803921568627 0.08988326848249027
5 0.46397058823529413 0.26867704280155646 0.11029411764705882 0.08754863813229573
5 0.5799019607843137 0.2933852140077821 0.09803921568627451 0.07081712062256809
6 0.7401960784313726 0.4054474708171206 0.12745098039215685 0.1105058365758755
6 0.5678921568627451 0.20369649805447473 0.11029411764705882 0.1085603112840467
6 0.4534313725490196 0.17198443579766537 0.11274509803921569 0.1058365758754864
6 0.32303921568627453 0.21322957198443582 0.10098039215686275 0.09883268482490273
6 0.18774509803921569 0.3134241245136187 0.10980392156862745 0.10155642023346305
