6 0.6865918097754293 0.15631115459882583 0.14861294583883752 0.1296477495107632
6 0.5287318361955086 0.10787671232876711 0.1155878467635403 0.12475538160469667
6 0.3503963011889036 0.13845401174168298 0.12219286657859973 0.12720156555772993
6 0.130779392338177 0.2693248532289628 0.11228533685601057 0.11986301369863013
6 0.8913474240422722 0.49877690802348335 0.1750330250990753 0.13943248532289626
5 0.19616908850726553 0.35812133072407043 0.15191545574636725 0.07338551859099804
5 0.3503963011889036 0.261986301369863 0.13540290620871862 0.08561643835616438
5 0.5155217965653897 0.23874755381604695 0.13540290620871862 0.08317025440313111
5 0.6558784676354029 0.2791095890410959 0.13870541611624834 0.08072407045009784
4 0.2595772787318362 0.4295499021526419 0.11228533685601057 0.09295499021526418
4 0.3751651254953765 0.37940313111545987 0.09247027741083223 0.1296477495107632
4 0.49735799207397624 0.3659491193737769 0.10568031704095113 0.12720156555772993
4 0.619550858652576 0.3781800391389432 0.13870541611624834 0.1223091976516634
4 0.7642007926023778 0.5697162426614482 0.17173051519154559 0.09540117416829745
3 0.309114927344782 0.5017123287671232 0.09247027741083223 0.14921722113502933
3 0.38771466314398945 0.48532289628180036 0.08586525759577279 0.15166340508806261
3 0.47919418758256277 0.4821428571428571 0.10898282694848084 0.16389432485322897
3 0.5891677675033025 0.48043052837573386 0.10568031704095113 0.14187866927592954
2 0.5924702774108322 0.6541095890410958 0.18494055482166447 0.13209393346379647
0 0.4108322324966975 0.7886497064579256 0.18494055482166447 0.1908023483365949
1 0.2869881109643329 0.7690802348336594 0.10898282694848084 0.16634050880626222
