1 0.41102941176470587 0.7556420233463036 0.08284313725490196 0.15330739299610896
0 0.5031862745098039 0.7649805447470818 0.13676470588235293 0.15797665369649808
2 0.6286764705882353 0.5904669260700389 0.1426470588235294 0.11789883268482491
3 0.33627450980392154 0.5515564202334631 0.08627450980392157 0.1342412451361868
3 0.38235294117647056 0.5140077821011674 0.08333333333333333 0.13929961089494164
3 0.4622549019607843 0.4879377431906615 0.09509803921568627 0.15797665369649808
3 0.5433823529411764 0.4653696498054475 0.07990196078431372 0.15797665369649808
4 0.6882352941176471 0.4714007782101168 0.11274509803921569 0.10622568093385215
4 0.2946078431372549 0.48093385214007783 0.09215686274509804 0.07315175097276265
4 0.36299019607843136 0.4173151750972763 0.07990196078431372 0.10622568093385215
4 0.4446078431372549 0.38657587548638134 0.09509803921568627 0.09688715953307393
4 0.542156862745098 0.36420233463035023 0.10098039215686275 0.1058365758754864
6 0.7595588235294117 0.36770428015564205 0.13676470588235293 0.12062256809338522
6 0.5485294117647058 0.1850194552529183 0.10098039215686275 0.1085603112840467
6 0.4102941176470588 0.17198443579766537 0.09803921568627451 0.09649805447470818
6 0.29754901960784313 0.22509727626459144 0.09803921568627451 0.1038910505836576
6 0.1713235294117647 0.34883268482490276 0.0946078431372549 0.08754863813229573
5 0.23676470588235293 0.4266536964980545 0.08333333333333333 0.06342412451361869
5 0.328921568627451 0.31945525291828797 0.10098039215686275 0.07548638132295721
5 0.42696078431372547 0.2782101167315175 0.10098039215686275 0.07782101167315175
5 0.553186274509804 0.2721789883268483 0.12794117647058822 0.08521400778210117
