5 0.6363936591809776 0.2759295499021526 0.1380449141347424 0.10665362035225048
5 0.4861294583883752 0.27274951076320936 0.1202113606340819 0.10029354207436399
5 0.3299207397622193 0.32925636007827785 0.1618229854689564 0.08904109589041095
5 0.23249669749009247 0.4295499021526419 0.12945838837516513 0.08904109589041095
6 0.190224570673712 0.32607632093933464 0.12285336856010567 0.11790606653620352
6 0.2985468956406869 0.21477495107632094 0.15323645970937913 0.1223091976516634
6 0.47589167767503304 0.14432485322896282 0.1142668428005284 0.12915851272015655
6 0.6390356671070013 0.16487279843444225 0.1142668428005284 0.13307240704500978
6 0.844782034346103 0.3979941291585127 0.14398943196829592 0.1423679060665362
4 0.28797886393659183 0.5073385518590998 0.11360634081902246 0.10665362035225048
4 0.3781373844121532 0.4461839530332681 0.1142668428005284 0.1223091976516634
4 0.4891017173051519 0.3972602739726027 0.10766182298546896 0.1223091976516634
4 0.6139365918097754 0.39114481409001955 0.1261558784676354 0.12475538160469667
4 0.7952443857331573 0.5256849315068493 0.14134742404227213 0.1267123287671233
3 0.3180317040951123 0.599559686888454 0.1261558784676354 0.14921722113502933
3 0.40059445178335534 0.5450097847358121 0.09313077939233817 0.1379647749510763
3 0.4785336856010568 0.5095401174168297 0.11690885072655217 0.16487279843444225
3 0.5921400264200792 0.5073385518590998 0.10766182298546896 0.1643835616438356
2 0.6994715984147952 0.686399217221135 0.14398943196829592 0.1223091976516634
1 0.3896961690885073 0.8424657534246575 0.12285336856010567 0.1643835616438356
0 0.5267503302509907 0.8581213307240704 0.20145310435931307 0.1643835616438356
