0 0.4857843137254902 0.7414396887159533 0.16078431372549018 0.17237354085603113
1 0.3857843137254902 0.7295719844357977 0.10392156862745097 0.15330739299610896
2 0.6504901960784314 0.5846303501945526 0.1843137254901961 0.11322957198443581
3 0.36446078431372547 0.4891050583657588 0.08284313725490196 0.15097276264591442
3 0.42549019607843136 0.46789883268482496 0.08039215686274509 0.15058365758754866
3 0.5009803921568627 0.4350194552529183 0.08333333333333333 0.14163424124513618
3 0.582843137254902 0.42548638132295724 0.07450980392156863 0.13657587548638134
4 0.705392156862745 0.46906614785992223 0.11274509803921569 0.1085603112840467
4 0.5931372549019608 0.332295719844358 0.10686274509803921 0.1058365758754864
4 0.5068627450980392 0.3299610894941635 0.0892156862745098 0.12996108949416343
4 0.421078431372549 0.36400778210116735 0.0892156862745098 0.11789883268482491
4 0.353921568627451 0.39708171206225684 0.09215686274509804 0.1085603112840467
6 0.7502450980392157 0.3523346303501946 0.11911764705882352 0.1342412451361868
6 0.5887254901960784 0.1426070038910506 0.11568627450980393 0.1038910505836576
6 0.4852941176470588 0.10136186770428016 0.09509803921568627 0.11322957198443581
6 0.40441176470588236 0.1472762645914397 0.08039215686274509 0.1085603112840467
6 0.31838235294117645 0.22626459143968874 0.07990196078431372 0.11089494163424125
5 0.32745098039215687 0.32879377431906615 0.09803921568627451 0.07548638132295721
5 0.4088235294117647 0.2603112840466926 0.0892156862745098 0.07081712062256809
5 0.4965686274509804 0.2178988326848249 0.08627450980392157 0.08015564202334631
5 0.5975490196078431 0.23929961089494164 0.10980392156862745 0.08482490272373541
