0 0.4742647058823529 0.7381322957198444 0.11813725490196078 0.14785992217898833
1 0.391421568627451 0.7192607003891051 0.07794117647058824 0.1217898832684825
2 0.5865196078431373 0.5745136186770429 0.1230392156862745 0.10155642023346305
3 0.3509803921568627 0.5217898832684825 0.06764705882352941 0.10972762645914398
3 0.40269607843137256 0.4947470817120623 0.06519607843137255 0.11556420233463036
3 0.4605392156862745 0.48073929961089495 0.06519607843137255 0.13190661478599222
3 0.5397058823529411 0.4677042801556421 0.06274509803921569 0.11750972762645916
4 0.6477941176470589 0.48774319066147864 0.08284313725490196 0.08988326848249027
4 0.5397058823529411 0.3908560311284047 0.08823529411764705 0.1
4 0.4642156862745098 0.3879377431906615 0.08333333333333333 0.08949416342412451
4 0.39509803921568626 0.41284046692607007 0.08039215686274509 0.09571984435797666
4 0.33431372549019606 0.45661478599221794 0.07549019607843137 0.07354085603112841
5 0.29558823529411765 0.4087548638132296 0.09313725490196079 0.061867704280155644
5 0.3799019607843137 0.3398832684824903 0.08529411764705883 0.061867704280155644
5 0.47058823529411764 0.31108949416342413 0.08039215686274509 0.06809338521400779
5 0.5595588235294118 0.32509727626459145 0.08284313725490196 0.07198443579766538
6 0.7004901960784313 0.4099221789883269 0.10294117647058823 0.10155642023346305
6 0.5571078431372549 0.2472762645914397 0.06813725490196078 0.07976653696498055
6 0.4678921568627451 0.22529182879377432 0.0857843137254902 0.09182879377431907
6 0.38112745098039214 0.25914396887159535 0.08774509803921568 0.0840466926070039
6 0.26053921568627453 0.34299610894941635 0.07303921568627451 0.07587548638132297
