6 0.5553921568627451 0.20136186770428016 0.08137254901960785 0.10622568093385215
6 0.4615196078431372 0.17334630350194555 0.08970588235294118 0.11011673151750974
6 0.38235294117647056 0.23482490272373543 0.08431372549019608 0.1038910505836576
6 0.3034313725490196 0.328988326848249 0.06764705882352941 0.09299610894941635
6 0.6818627450980392 0.4001945525291829 0.09509803921568627 0.11478599221789884
5 0.5661764705882353 0.3040856031128405 0.08725490196078431 0.06031128404669261
5 0.4762254901960784 0.2964980544747082 0.1034313725490196 0.07548638132295721
5 0.39191176470588235 0.3441634241245136 0.08186274509803922 0.07120622568093386
5 0.3088235294117647 0.41108949416342416 0.09019607843137255 0.06731517509727628
4 0.31838235294117645 0.492023346303502 0.08676470588235294 0.11245136186770428
4 0.39215686274509803 0.453307392996109 0.09803921568627451 0.09961089494163425
4 0.475 0.41867704280155643 0.09019607843137255 0.10350194552529184
4 0.5649509803921569 0.41653696498054477 0.08970588235294118 0.1038910505836576
4 0.667156862745098 0.5256809338521401 0.09803921568627451 0.1105058365758755
3 0.3264705882352941 0.5828793774319067 0.08725490196078431 0.14708171206225681
3 0.3931372549019608 0.5472762645914397 0.07352941176470588 0.12723735408560313
3 0.4708333333333333 0.5142023346303503 0.09558823529411764 0.1404669260700389
3 0.5607843137254902 0.4964980544747082 0.08137254901960785 0.13852140077821012
2 0.6058823529411764 0.6531128404669261 0.11176470588235293 0.11867704280155643
0 0.5075980392156862 0.798443579766537 0.1553921568627451 0.14708171206225681
1 0.4041666666666667 0.8217898832684826 0.07892156862745098 0.15330739299610896
