5 0.6394607843137254 0.2531128404669261 0.08186274509803922 0.053307392996108954
5 0.5546568627450981 0.2560311284046693 0.07598039215686274 0.06303501945525292
5 0.47009803921568627 0.27898832684824904 0.0696078431372549 0.06303501945525292
5 0.39338235294117646 0.3496108949416343 0.06323529411764706 0.05486381322957199
6 0.3607843137254902 0.28715953307393 0.08333333333333333 0.08560311284046693
6 0.45073529411764707 0.19961089494163425 0.07990196078431372 0.08560311284046693
6 0.5436274509803921 0.15739299610894944 0.08137254901960785 0.08599221789883268
6 0.6384803921568627 0.17431906614785994 0.06715686274509804 0.07782101167315175
6 0.8428921568627451 0.3519455252918288 0.10833333333333334 0.11167315175097277
4 0.421078431372549 0.4031128404669261 0.07745098039215687 0.0747081712062257
4 0.48946078431372547 0.3634241245136187 0.06715686274509804 0.0793774319066148
4 0.5620098039215686 0.33754863813229574 0.06519607843137255 0.08599221789883268
4 0.638235294117647 0.3293774319066148 0.07156862745098039 0.07276264591439689
4 0.7825980392156863 0.4313229571984436 0.0857843137254902 0.06964980544747082
3 0.4517156862745098 0.4614785992217899 0.06519607843137255 0.09416342412451363
3 0.504656862745098 0.42431906614785997 0.061274509803921566 0.08754863813229573
3 0.5588235294117647 0.4031128404669261 0.07941176470588235 0.10350194552529184
3 0.6313725490196078 0.3885214007782101 0.07352941176470588 0.08132295719844358
2 0.6955882352941176 0.5214007782101168 0.09607843137254901 0.09105058365758756
1 0.5026960784313725 0.6575875486381323 0.08186274509803922 0.11673151750972763
0 0.5843137254901961 0.6558365758754864 0.11862745098039215 0.12645914396887162
