0 0.4177675033025099 0.7707925636007827 0.16974900924702774 0.15019569471624267
1 0.2968956406869221 0.7781311154598826 0.1261558784676354 0.13551859099804303
2 0.5571334214002642 0.5814579256360078 0.1618229854689564 0.12181996086105674
3 0.2632100396301189 0.4845890410958904 0.08652575957727873 0.13551859099804303
3 0.3312417437252312 0.45939334637964774 0.08388375165125496 0.13405088062622308
3 0.4128137384412153 0.4344422700587084 0.09379128137384413 0.13992172211350293
3 0.5274108322324967 0.43737769080234834 0.1023778071334214 0.14579256360078277
4 0.6393659180977543 0.4574363992172211 0.11624834874504623 0.10176125244618395
4 0.5396301188903567 0.3158023483365949 0.13210039630118892 0.1296477495107632
4 0.4147952443857332 0.33072407045009783 0.11624834874504623 0.11154598825831702
4 0.3266182298546896 0.35176125244618395 0.10501981505944517 0.1095890410958904
4 0.2334874504623514 0.39579256360078274 0.12351387054161163 0.09784735812133072
6 0.6555482166446499 0.3297455968688845 0.0891677675033025 0.13405088062622308
6 0.5855350066050198 0.13992172211350293 0.09973579920739763 0.09393346379647749
6 0.45310435931307796 0.09417808219178081 0.11624834874504623 0.11399217221135029
6 0.3226552179656539 0.13307240704500978 0.10766182298546896 0.11545988258317025
6 0.1595112285336856 0.22700587084148727 0.09973579920739763 0.10371819960861056
5 0.17536327608982827 0.33072407045009783 0.10501981505944517 0.0675146771037182
5 0.3048216644649934 0.24584148727984342 0.09973579920739763 0.07387475538160469
5 0.4356010568031704 0.21599804305283757 0.10766182298546896 0.08170254403131115
5 0.5693527080581242 0.22480430528375733 0.142668428005284 0.08365949119373776
