5 0.5642156862745098 0.24396887159533076 0.12156862745098039 0.09182879377431907
5 0.446078431372549 0.2428015564202335 0.12156862745098039 0.07782101167315175
5 0.3348039215686274 0.2898832684824903 0.12450980392156863 0.08249027237354087
5 0.24558823529411763 0.39961089494163426 0.0892156862745098 0.08949416342412451
6 0.1698529411764706 0.33112840466926075 0.11029411764705882 0.08015564202334631
6 0.2767156862745098 0.1943579766536965 0.1338235294117647 0.1038910505836576
6 0.40147058823529413 0.12354085603112841 0.10392156862745097 0.1038910505836576
6 0.5588235294117647 0.14610894941634242 0.09215686274509804 0.10155642023346305
6 0.8056372549019608 0.3558365758754864 0.13970588235294118 0.11556420233463036
4 0.5784313725490196 0.33832684824902726 0.10098039215686275 0.1085603112840467
4 0.4730392156862745 0.35000000000000003 0.10980392156862745 0.12723735408560313
4 0.3926470588235294 0.38657587548638134 0.10980392156862745 0.12490272373540857
4 0.3137254901960784 0.45856031128404673 0.09509803921568627 0.09455252918287939
4 0.7387254901960785 0.459727626459144 0.10686274509803921 0.10155642023346305
3 0.5887254901960784 0.44319066147859926 0.11568627450980393 0.15330739299610896
3 0.48480392156862745 0.4560311284046693 0.10392156862745097 0.1463035019455253
3 0.421078431372549 0.4821011673151751 0.09509803921568627 0.1276264591439689
3 0.35833333333333334 0.5126459143968872 0.10098039215686275 0.1085603112840467
2 0.6727941176470588 0.5857976653696498 0.15441176470588236 0.1085603112840467
1 0.4340686274509804 0.7873540856031129 0.13970588235294118 0.18638132295719845
0 0.5612745098039216 0.7745136186770428 0.19901960784313724 0.20038910505836577
