0 0.42668428005284015 0.7942759295499021 0.22060766182298547 0.12573385518590996
1 0.31175693527080584 0.7610078277886496 0.12417437252311757 0.1296477495107632
2 0.630449141347424 0.6411448140900196 0.1644649933949802 0.1296477495107632
3 0.3107661822985469 0.550880626223092 0.09709379128137384 0.14579256360078277
3 0.38243064729194187 0.50073385518591 0.09379128137384413 0.13356164383561642
3 0.46202113606340817 0.47602739726027393 0.09180977542932629 0.15557729941291584
3 0.559775429326288 0.4664872798434442 0.09709379128137384 0.13943248532289626
4 0.7215984147952444 0.5163894324853229 0.10766182298546896 0.10812133072407044
4 0.2889696169088507 0.4574363992172211 0.10501981505944517 0.10567514677103718
4 0.37087186261558786 0.4087573385518591 0.09709379128137384 0.11986301369863013
4 0.4692866578599736 0.3725538160469667 0.09973579920739763 0.11986301369863013
4 0.5799207397622193 0.37279843444227 0.10568031704095113 0.10763209393346379
6 0.8064729194187583 0.42049902152641877 0.13738441215323646 0.12769080234833657
6 0.6512549537648613 0.18003913894324852 0.14002642007926025 0.10176125244618395
6 0.49207397622192867 0.14212328767123286 0.12945838837516513 0.11007827788649706
6 0.3130779392338177 0.19006849315068491 0.10568031704095113 0.11007827788649706
6 0.20508586525759578 0.30870841487279843 0.0891677675033025 0.09197651663405088
5 0.24240422721268165 0.38918786692759294 0.12681638044914134 0.07778864970645792
5 0.3319022457067371 0.3047945205479452 0.11030383091149273 0.09197651663405088
5 0.4861294583883752 0.24951076320939333 0.12945838837516513 0.09784735812133072
5 0.6202113606340819 0.2788649706457925 0.1215323645970938 0.09197651663405088
