5 0.596078431372549 0.24747081712062258 0.09509803921568627 0.09649805447470818
5 0.4965686274509804 0.23910505836575877 0.10392156862745097 0.09455252918287939
5 0.37401960784313726 0.2756809338521401 0.10392156862745097 0.08754863813229573
5 0.2931372549019608 0.3607003891050584 0.10686274509803921 0.08715953307392997
6 0.25441176470588234 0.26750972762645914 0.09509803921568627 0.1038910505836576
6 0.36446078431372547 0.15894941634241247 0.08872549019607844 0.11322957198443581
6 0.48333333333333334 0.11770428015564204 0.09509803921568627 0.10622568093385215
6 0.6034313725490196 0.14844357976653696 0.09803921568627451 0.10155642023346305
6 0.7610294117647058 0.36770428015564205 0.1514705882352941 0.12529182879377432
4 0.32745098039215687 0.44416342412451365 0.09803921568627451 0.11322957198443581
4 0.40147058823529413 0.3877431906614786 0.09803921568627451 0.12256809338521402
4 0.4936274509803921 0.3546692607003891 0.09803921568627451 0.11789883268482491
4 0.5745098039215686 0.35350194552529185 0.09509803921568627 0.1038910505836576
4 0.7 0.4737354085603113 0.11274509803921569 0.10155642023346305
3 0.3495098039215686 0.5291828793774319 0.09509803921568627 0.1369649805447471
3 0.4088235294117647 0.4795719844357977 0.09509803921568627 0.12723735408560313
3 0.4759803921568627 0.45486381322957203 0.08627450980392157 0.14863813229571984
3 0.5678921568627451 0.45486381322957203 0.0857843137254902 0.13463035019455255
2 0.6267156862745098 0.595136186770428 0.1161764705882353 0.12023346303501946
0 0.5208333333333334 0.7649805447470818 0.1661764705882353 0.16264591439688716
1 0.40588235294117647 0.76147859922179 0.11274509803921569 0.15797665369649808
