1 0.35997357992073975 0.7534246575342465 0.0964332892998679 0.13992172211350293
0 0.4656538969616909 0.7495107632093934 0.142668428005284 0.17416829745596868
2 0.6225231175693527 0.5946673189823874 0.13936591809775428 0.11105675146771037
3 0.35667107001321 0.4955968688845401 0.08982826948480846 0.14774951076320939
3 0.4210700132100396 0.4664872798434442 0.08256274768824307 0.13258317025440314
3 0.5033025099075297 0.4547455968688845 0.0964332892998679 0.1453033268101761
3 0.5941215323645971 0.45596868884540115 0.09973579920739763 0.11643835616438356
4 0.7100396301188904 0.49706457925636005 0.11756935270805813 0.08708414872798434
4 0.34610303830911493 0.410958904109589 0.07529722589167767 0.09001956947162426
4 0.4299867899603699 0.3776908023483366 0.08586525759577279 0.09784735812133072
4 0.5191545574636725 0.3605675146771037 0.07793923381770146 0.10567514677103718
4 0.6136063408190224 0.3713307240704501 0.07529722589167767 0.0949119373776908
6 0.7602377807133421 0.412426614481409 0.11096433289299867 0.09784735812133072
6 0.6512549537648613 0.21135029354207435 0.08586525759577279 0.0821917808219178
6 0.5690224570673712 0.1570450097847358 0.09973579920739763 0.0949119373776908
6 0.4547556142668428 0.18737769080234834 0.09313077939233817 0.1086105675146771
6 0.3266182298546896 0.25905088062622306 0.0785997357992074 0.09246575342465753
5 0.32463672391017173 0.336839530332681 0.0891677675033025 0.07387475538160469
5 0.43163804491413477 0.27079256360078274 0.1036988110964333 0.07387475538160469
5 0.535336856010568 0.2509784735812133 0.0891677675033025 0.07632093933463796
5 0.6354029062087186 0.29329745596868884 0.0964332892998679 0.06604696673189824
