5 0.6392156862745098 0.4303501945525292 0.09215686274509804 0.08015564202334631
5 0.5426470588235294 0.4124513618677043 0.08333333333333333 0.08249027237354087
5 0.44019607843137254 0.43618677042801557 0.09215686274509804 0.07782101167315175
5 0.36004901960784313 0.5079766536964981 0.07990196078431372 0.07042801556420233
6 0.33627450980392154 0.4196498054474708 0.07450980392156863 0.09688715953307393
6 0.44313725490196076 0.33579766536964983 0.10392156862745097 0.09883268482490273
6 0.5620098039215686 0.3005836575875487 0.09166666666666666 0.1038910505836576
6 0.6495098039215687 0.33832684824902726 0.08333333333333333 0.1038910505836576
6 0.7654411764705882 0.5657587548638132 0.11323529411764706 0.1105058365758755
4 0.3769607843137255 0.5776264591439689 0.07450980392156863 0.09688715953307393
4 0.446078431372549 0.5363813229571985 0.08039215686274509 0.11322957198443581
4 0.5220588235294118 0.5173151750972763 0.08333333333333333 0.11322957198443581
4 0.6139705882352942 0.5256809338521401 0.08284313725490196 0.10116731517509728
3 0.3941176470588235 0.6577821011673152 0.07156862745098039 0.12957198443579768
3 0.4519607843137255 0.634046692607004 0.08039215686274509 0.12023346303501946
3 0.5174019607843137 0.617704280155642 0.07401960784313726 0.13891050583657588
3 0.609313725490196 0.6071984435797666 0.09803921568627451 0.11322957198443581
4 0.7218137254901961 0.6519455252918288 0.11029411764705882 0.09688715953307393
2 0.6377450980392156 0.7733463035019456 0.13627450980392156 0.12023346303501946
1 0.4117647058823529 0.9147859922178989 0.09509803921568627 0.12529182879377432
0 0.5100490196078431 0.9054474708171207 0.14852941176470588 0.14863813229571984
