0 0.5272058823529412 0.7377431906614786 0.125 0.16031128404669262
1 0.4387254901960784 0.7768482490272374 0.11274509803921569 0.15058365758754866
2 0.5865196078431373 0.5836575875486382 0.12794117647058822 0.13929961089494164
4 0.6566176470588235 0.482295719844358 0.10441176470588236 0.10622568093385215
4 0.5147058823529411 0.39708171206225684 0.09803921568627451 0.11789883268482491
4 0.4343137254901961 0.41381322957198446 0.10980392156862745 0.1085603112840467
4 0.3568627450980392 0.4359922178988327 0.09803921568627451 0.10622568093385215
4 0.296078431372549 0.4926070038910506 0.0892156862745098 0.08715953307392997
3 0.33627450980392154 0.556420233463035 0.08627450980392157 0.10116731517509728
3 0.38088235294117645 0.5103112840466927 0.08039215686274509 0.1038910505836576
3 0.4343137254901961 0.4892996108949417 0.08627450980392157 0.11322957198443581
3 0.5188725490196079 0.46906614785992223 0.08284313725490196 0.11089494163424125
6 0.6985294117647058 0.3760700389105059 0.10980392156862745 0.12723735408560313
6 0.4713235294117647 0.22140077821011675 0.11323529411764706 0.09182879377431907
6 0.3495098039215686 0.2143968871595331 0.08333333333333333 0.09182879377431907
6 0.2754901960784314 0.2649805447470817 0.09509803921568627 0.08949416342412451
6 0.1906862745098039 0.3747081712062257 0.08039215686274509 0.07315175097276265
5 0.24411764705882352 0.442023346303502 0.09215686274509804 0.07081712062256809
5 0.31323529411764706 0.36303501945525296 0.10686274509803921 0.07782101167315175
5 0.38088235294117645 0.31945525291828797 0.10392156862745097 0.07081712062256809
5 0.5009803921568627 0.30992217898832686 0.11274509803921569 0.07042801556420233
