5 0.5610964332892999 0.2649217221135029 0.0785997357992074 0.07974559686888454
5 0.47886393659180976 0.24045988258317025 0.09907529722589167 0.09344422700587084
5 0.39002642007926025 0.27152641878669276 0.09577278731836196 0.06653620352250489
5 0.3044914134742404 0.33268101761252444 0.06869220607661823 0.05577299412915851
6 0.309114927344782 0.26051859099804303 0.06605019815059446 0.07974559686888454
6 0.3857331571994716 0.17930528375733853 0.08718626155878467 0.08659491193737769
6 0.4871202113606341 0.15117416829745595 0.08652575957727873 0.09197651663405088
6 0.559775429326288 0.1815068493150685 0.08124174372523117 0.08708414872798434
6 0.7850066050198151 0.4383561643835616 0.11690885072655217 0.08904109589041095
4 0.31935270805812416 0.3882093933463796 0.06935270805812417 0.06898238747553816
4 0.3916776750330251 0.34931506849315064 0.07529722589167767 0.08904109589041095
4 0.4739101717305152 0.33610567514677103 0.07199471598414796 0.08904109589041095
4 0.5591149273447821 0.34001956947162426 0.07463672391017173 0.08904109589041095
3 0.332892998678996 0.4510763209393346 0.05680317040951123 0.08904109589041095
3 0.39927344782034346 0.4295499021526419 0.06010568031704095 0.08904109589041095
3 0.46367239101717306 0.41291585127201563 0.06869220607661823 0.0821917808219178
3 0.5551519154557464 0.4227005870841487 0.0904887714663144 0.09784735812133072
2 0.5911492734478203 0.5511252446183953 0.16512549537648613 0.09344422700587084
4 0.6875825627476883 0.49168297455968685 0.08718626155878467 0.07534246575342465
0 0.46961690885072654 0.6739236790606653 0.13474240422721268 0.1423679060665362
1 0.35535006605019814 0.6793052837573386 0.11360634081902246 0.1267123287671233
