0 0.5397058823529411 0.7791828793774319 0.13627450980392156 0.13657587548638134
1 0.4411764705882353 0.8003891050583658 0.08333333333333333 0.10817120622568094
2 0.654656862745098 0.6577821011673152 0.15441176470588236 0.09922178988326849
3 0.6095588235294117 0.5256809338521401 0.0857843137254902 0.12062256809338522
3 0.5232843137254902 0.5245136186770428 0.07401960784313726 0.11828793774319067
3 0.4566176470588235 0.5410505836575876 0.06519607843137255 0.1085603112840467
3 0.4 0.5741245136186771 0.07156862745098039 0.1085603112840467
4 0.3764705882352941 0.5056420233463035 0.08333333333333333 0.09455252918287939
4 0.446078431372549 0.46206225680933855 0.08039215686274509 0.10155642023346305
4 0.5232843137254902 0.4324902723735409 0.07401960784313726 0.1085603112840467
4 0.6169117647058824 0.44319066147859926 0.08284313725490196 0.09649805447470818
4 0.7269607843137255 0.5540856031128405 0.08333333333333333 0.09182879377431907
6 0.7686274509803921 0.45038910505836577 0.10098039215686275 0.11556420233463036
6 0.6230392156862745 0.25564202334630354 0.0892156862745098 0.10350194552529184
6 0.492156862745098 0.22743190661478602 0.0892156862745098 0.09922178988326849
6 0.39852941176470585 0.2614785992217899 0.09215686274509804 0.09182879377431907
6 0.29754901960784313 0.3653696498054475 0.08039215686274509 0.09182879377431907
5 0.3377450980392157 0.4466926070038911 0.08333333333333333 0.08015564202334631
5 0.416421568627451 0.3688715953307393 0.09166666666666666 0.06614785992217899
5 0.5115196078431372 0.332295719844358 0.10441176470588236 0.06381322957198445
5 0.6230392156862745 0.34513618677042807 0.10098039215686275 0.07548638132295721
