5 0.5826848249027238 0.3639705882352941 0.08365758754863814 0.0857843137254902
5 0.49396887159533076 0.3306372549019608 0.07976653696498055 0.0857843137254902
5 0.4239299610894942 0.3784313725490196 0.07587548638132297 0.10294117647058823
5 0.3538910505836576 0.4519607843137255 0.06031128404669261 0.06862745098039216
6 0.33929961089494165 0.37720588235294117 0.06614785992217899 0.10049019607843138
6 0.4171206225680934 0.24975490196078431 0.06614785992217899 0.12009803921568628
6 0.48715953307393 0.20563725490196078 0.07003891050583658 0.11519607843137254
6 0.5824902723735409 0.246078431372549 0.07003891050583658 0.09313725490196079
6 0.7021400778210117 0.513235294117647 0.09143968871595332 0.12745098039215685
4 0.37918287937743195 0.5475490196078431 0.05642023346303502 0.10294117647058823
4 0.4375486381322958 0.4985294117647059 0.06031128404669261 0.1323529411764706
4 0.5007782101167315 0.4678921568627451 0.06614785992217899 0.12990196078431374
4 0.5717898832684826 0.4678921568627451 0.07587548638132297 0.1446078431372549
4 0.6593385214007783 0.638235294117647 0.07976653696498055 0.11274509803921569
3 0.38910505836575876 0.6384803921568627 0.07003891050583658 0.1642156862745098
3 0.44338521400778214 0.5965686274509804 0.06031128404669261 0.11764705882352941
3 0.49688715953307394 0.5928921568627451 0.0622568093385214 0.16911764705882354
3 0.5669260700389105 0.5843137254901961 0.0622568093385214 0.16176470588235295
2 0.5961089494163424 0.782843137254902 0.0933852140077821 0.1323529411764706
1 0.40155642023346305 0.9176470588235294 0.08560311284046693 0.14705882352941177
0 0.49396887159533076 0.9372549019607843 0.1342412451361868 0.13725490196078433
