0 0.5129901960784313 0.8075875486381323 0.17205882352941176 0.19805447470817122
1 0.4 0.7887159533073931 0.09509803921568627 0.15097276264591442
2 0.6556372549019608 0.6365758754863814 0.1426470588235294 0.12996108949416343
3 0.36299019607843136 0.5221789883268483 0.07401960784313726 0.15097276264591442
3 0.4446078431372549 0.48677042801556425 0.09509803921568627 0.15097276264591442
3 0.5308823529411765 0.46186770428015567 0.09509803921568627 0.15797665369649808
3 0.6318627450980392 0.45739299610894946 0.10098039215686275 0.13657587548638134
4 0.7514705882352941 0.5196498054474709 0.12156862745098039 0.11556420233463036
4 0.6406862745098039 0.3558365758754864 0.09509803921568627 0.12490272373540857
4 0.538235294117647 0.35700389105058367 0.10980392156862745 0.12723735408560313
4 0.432843137254902 0.3877431906614786 0.0892156862745098 0.12256809338521402
4 0.328921568627451 0.43365758754863815 0.09509803921568627 0.10155642023346305
6 0.8279411764705882 0.4196498054474708 0.1303921568627451 0.12957198443579768
6 0.6779411764705883 0.15894941634241247 0.12156862745098039 0.1085603112840467
6 0.5279411764705882 0.11653696498054475 0.11274509803921569 0.12723735408560313
6 0.38676470588235295 0.15894941634241247 0.10392156862745097 0.11322957198443581
6 0.22328431372549018 0.26750972762645914 0.1161764705882353 0.1038910505836576
5 0.2872549019607843 0.3618677042801557 0.11274509803921569 0.08015564202334631
5 0.41495098039215683 0.28404669260700394 0.13088235294117648 0.08949416342412451
5 0.5279411764705882 0.24163424124513622 0.11862745098039215 0.07081712062256809
5 0.6732843137254901 0.2568093385214008 0.1426470588235294 0.09649805447470818
