5 0.2931372549019608 0.4383268482490273 0.07745098039215687 0.05408560311284047
5 0.37941176470588234 0.35719844357976654 0.09509803921568627 0.06614785992217899
5 0.4745098039215686 0.3171206225680934 0.09509803921568627 0.07081712062256809
5 0.596078431372549 0.32529182879377433 0.10098039215686275 0.06848249027237355
6 0.5931372549019608 0.2285992217898833 0.09509803921568627 0.09688715953307393
6 0.46078431372549017 0.19902723735408562 0.09215686274509804 0.1085603112840467
6 0.35980392156862745 0.25214007782101167 0.08627450980392157 0.1058365758754864
6 0.26053921568627453 0.3653696498054475 0.0769607843137255 0.10116731517509728
6 0.8247549019607843 0.4714007782101168 0.13676470588235293 0.12023346303501946
4 0.5916666666666667 0.41848249027237355 0.09803921568627451 0.1085603112840467
4 0.4892156862745098 0.4196498054474708 0.09509803921568627 0.10622568093385215
4 0.4134803921568627 0.4466926070038911 0.0857843137254902 0.11284046692607004
4 0.34215686274509804 0.4998054474708172 0.08627450980392157 0.09688715953307393
4 0.7580882352941176 0.5741245136186771 0.12205882352941176 0.09922178988326849
3 0.5975490196078431 0.5091439688715954 0.09215686274509804 0.12957198443579768
3 0.5009803921568627 0.5186770428015565 0.08333333333333333 0.14396887159533076
3 0.4372549019607843 0.5352140077821012 0.08039215686274509 0.12490272373540857
3 0.3718137254901961 0.5610894941634241 0.07401960784313726 0.10116731517509728
2 0.6526960784313726 0.669455252918288 0.125 0.10622568093385215
1 0.42401960784313725 0.8180933852140079 0.10686274509803921 0.13891050583657588
0 0.5237745098039216 0.817898832684825 0.17794117647058824 0.16031128404669262
