0 0.4681372549019608 0.7233463035019456 0.1196078431372549 0.1556420233463035
1 0.3769607843137255 0.7342412451361868 0.08431372549019608 0.12529182879377432
2 0.5634803921568627 0.5947470817120623 0.13088235294117648 0.11011673151750974
3 0.31838235294117645 0.5278210116731518 0.07107843137254902 0.11478599221789884
3 0.3700980392156863 0.49319066147859925 0.06568627450980392 0.11011673151750974
3 0.42598039215686273 0.46284046692607006 0.06764705882352941 0.12334630350194553
3 0.5090686274509804 0.4531128404669261 0.07598039215686274 0.11245136186770428
4 0.6220588235294118 0.48774319066147864 0.08431372549019608 0.0906614785992218
4 0.2977941176470588 0.459727626459144 0.06813725490196078 0.0821011673151751
4 0.36887254901960786 0.41770428015564204 0.07892156862745098 0.09299610894941635
4 0.43823529411764706 0.3861867704280156 0.07647058823529412 0.0906614785992218
4 0.5267156862745098 0.38929961089494164 0.07892156862745098 0.09299610894941635
6 0.6803921568627451 0.40661478599221795 0.09803921568627451 0.09727626459143969
6 0.5852941176470589 0.24241245136186773 0.08137254901960785 0.0840466926070039
6 0.46127450980392154 0.20233463035019456 0.11176470588235293 0.08638132295719846
6 0.34705882352941175 0.24785992217898833 0.07352941176470588 0.09105058365758756
6 0.25563725490196076 0.3344357976653697 0.06519607843137255 0.0821011673151751
5 0.2678921568627451 0.4013618677042802 0.08970588235294118 0.0688715953307393
5 0.3512254901960784 0.332295719844358 0.08186274509803922 0.06926070038910506
5 0.44656862745098036 0.29319066147859923 0.08725490196078431 0.06498054474708172
5 0.5622549019607843 0.32140077821011676 0.09509803921568627 0.07782101167315175
