5 0.6276960784313725 0.2284046692607004 0.06813725490196078 0.06070038910505837
5 0.529656862745098 0.22743190661478602 0.07892156862745098 0.06264591439688716
5 0.42867647058823527 0.26186770428015566 0.06813725490196078 0.058365758754863814
5 0.3551470588235294 0.3494163424124514 0.06813725490196078 0.052140077821011675
6 0.3075980392156863 0.29221789883268484 0.07107843137254902 0.07548638132295721
6 0.4083333333333333 0.19494163424124514 0.07058823529411765 0.0840466926070039
6 0.5240196078431373 0.1396887159533074 0.08431372549019608 0.08638132295719846
6 0.638235294117647 0.16245136186770429 0.06274509803921569 0.07587548638132297
6 0.7568627450980392 0.3245136186770428 0.08725490196078431 0.09727626459143969
4 0.7132352941176471 0.39902723735408563 0.07647058823529412 0.07354085603112841
4 0.6191176470588236 0.29863813229571984 0.07352941176470588 0.08832684824902724
4 0.5348039215686274 0.30719844357976656 0.07352941176470588 0.08443579766536966
4 0.46127450980392154 0.33112840466926075 0.07352941176470588 0.08015564202334631
4 0.39852941176470585 0.3787937743190662 0.07352941176470588 0.05408560311284047
3 0.43823529411764706 0.4315175097276265 0.06568627450980392 0.09961089494163425
3 0.4872549019607843 0.40661478599221795 0.06568627450980392 0.09727626459143969
3 0.5428921568627451 0.3852140077821012 0.06813725490196078 0.09727626459143969
3 0.6098039215686274 0.3840466926070039 0.07058823529411765 0.11206225680933853
2 0.6615196078431372 0.48715953307393 0.10931372549019608 0.09494163424124515
1 0.4872549019607843 0.6457198443579767 0.07058823529411765 0.11245136186770428
0 0.5676470588235294 0.6391050583657588 0.11176470588235293 0.1342412451361868
