0 0.5063725490196078 0.7066147859922179 0.13725490196078433 0.16342412451361868
1 0.41495098039215683 0.717704280155642 0.0946078431372549 0.14280155642023348
2 0.6174019607843138 0.5634241245136187 0.12107843137254902 0.10894941634241245
3 0.39534313725490194 0.4519455252918288 0.075 0.12957198443579768
3 0.44901960784313727 0.4311284046692607 0.058823529411764705 0.11439688715953308
3 0.5161764705882352 0.4091439688715954 0.08137254901960785 0.1217898832684825
3 0.5879901960784314 0.4143968871595331 0.075 0.13229571984435798
4 0.7058823529411764 0.4587548638132296 0.10490196078431373 0.10350194552529184
4 0.37401960784313726 0.38171206225680937 0.09803921568627451 0.0933852140077821
4 0.4411764705882353 0.34630350194552534 0.08529411764705883 0.10116731517509728
4 0.5210784313725491 0.31692607003891055 0.08529411764705883 0.11400778210116733
4 0.6012254901960784 0.3208171206225681 0.08186274509803922 0.11167315175097277
4 0.7465686274509804 0.3560311284046693 0.10490196078431373 0.10894941634241245
6 0.6566176470588235 0.14844357976653696 0.0946078431372549 0.1038910505836576
6 0.5392156862745098 0.11089494163424125 0.08823529411764705 0.10116731517509728
6 0.416421568627451 0.15350194552529184 0.08480392156862746 0.09844357976653698
6 0.2840686274509804 0.23151750972762647 0.0946078431372549 0.0933852140077821
5 0.325 0.31964980544747085 0.08529411764705883 0.08287937743190663
5 0.4279411764705882 0.25350194552529187 0.08823529411764705 0.07509727626459145
5 0.5389705882352941 0.21964980544747084 0.0946078431372549 0.06498054474708172
5 0.6470588235294118 0.24299610894941637 0.10784313725490197 0.08054474708171207
