5 0.6225231175693527 0.21330724070450097 0.1023778071334214 0.08414872798434442
5 0.49504623513870544 0.2062133072407045 0.1023778071334214 0.07778864970645792
5 0.3735138705416116 0.2526908023483366 0.10501981505944517 0.07778864970645792
5 0.27575957727873185 0.33170254403131116 0.1023778071334214 0.07534246575342465
6 0.25198150594451785 0.23605675146771035 0.10766182298546896 0.11105675146771037
6 0.35402906208718626 0.13478473581213307 0.11360634081902246 0.10909980430528375
6 0.4785336856010568 0.07142857142857142 0.13540290620871862 0.11545988258317025
6 0.6136063408190224 0.10469667318982387 0.12285336856010567 0.09784735812133072
6 0.9091809775429326 0.3696183953033268 0.1499339498018494 0.1423679060665362
4 0.5967635402906208 0.31237769080234834 0.11690885072655217 0.1267123287671233
4 0.4891017173051519 0.3282778864970646 0.11955085865257596 0.11350293542074363
4 0.3939894319682959 0.3613013698630137 0.08652575957727873 0.11301369863013698
4 0.29095112285336855 0.4072896281800391 0.1142668428005284 0.1022504892367906
3 0.31505944517833556 0.49070450097847357 0.08982826948480846 0.1223091976516634
3 0.40224570673712023 0.4684442270058708 0.07793923381770146 0.14432485322896282
3 0.4844782034346103 0.42563600782778865 0.09313077939233817 0.15753424657534246
3 0.6017173051519155 0.42563600782778865 0.11096433289299867 0.15362035225048923
4 0.821003963011889 0.4728473581213307 0.14134742404227213 0.11301369863013698
2 0.6796565389696169 0.6007827788649707 0.18890356671070013 0.12035225048923678
1 0.38243064729194187 0.7475538160469667 0.12285336856010567 0.13307240704500978
0 0.5310435931307794 0.7453522504892367 0.21003963011889035 0.13356164383561642
