0 0.5026960784313725 0.7441634241245136 0.11225490196078432 0.16459143968871595
1 0.41911764705882354 0.7527237354085604 0.08333333333333333 0.14124513618677043
2 0.5970588235294118 0.5898832684824903 0.12352941176470589 0.09805447470817122
3 0.36299019607843136 0.5367704280155643 0.058333333333333334 0.10077821011673152
3 0.41740196078431374 0.5122568093385215 0.058333333333333334 0.12101167315175099
3 0.47352941176470587 0.4947470817120623 0.07647058823529412 0.10933852140077822
3 0.5463235294117647 0.47607003891050587 0.07990196078431372 0.10077821011673152
4 0.6333333333333333 0.5062256809338522 0.07647058823529412 0.06926070038910506
4 0.3428921568627451 0.477431906614786 0.061274509803921566 0.06926070038910506
4 0.40465686274509804 0.44863813229571986 0.06911764705882353 0.06926070038910506
4 0.4698529411764706 0.4169260700389105 0.06911764705882353 0.07509727626459145
4 0.5497549019607844 0.41848249027237355 0.06911764705882353 0.07198443579766538
5 0.3154411764705882 0.4284046692607004 0.07990196078431372 0.0575875486381323
5 0.39362745098039215 0.36225680933852145 0.07647058823529412 0.0575875486381323
5 0.48284313725490197 0.32042801556420236 0.07254901960784313 0.06031128404669261
5 0.5698529411764706 0.33910505836575877 0.07990196078431372 0.07509727626459145
6 0.6732843137254901 0.4198443579766537 0.1053921568627451 0.09805447470817122
6 0.5970588235294118 0.2684824902723736 0.10490196078431373 0.08949416342412451
6 0.48995098039215684 0.24416342412451364 0.07990196078431372 0.08054474708171207
6 0.38284313725490193 0.27431906614785995 0.08333333333333333 0.08326848249027238
6 0.28112745098039216 0.37237354085603114 0.07598039215686274 0.07782101167315175
