5 0.5812417437252312 0.34637964774951074 0.09247027741083223 0.07632093933463796
5 0.4772126816380449 0.32925636007827785 0.09577278731836196 0.07436399217221135
5 0.3939894319682959 0.34980430528375733 0.0904887714663144 0.07632093933463796
5 0.30250990752972257 0.4104696673189824 0.07793923381770146 0.05968688845401174
6 0.3084544253632761 0.33635029354207435 0.08586525759577279 0.09246575342465753
6 0.39299867899603697 0.2556262230919765 0.07793923381770146 0.1012720156555773
6 0.4616908850726552 0.21771037181996084 0.083223249669749 0.10176125244618395
6 0.5789299867899603 0.2566046966731898 0.08784676354029063 0.09246575342465753
6 0.7708058124174373 0.48140900195694714 0.1202113606340819 0.12133072407045009
4 0.3021796565389696 0.47480430528375733 0.09313077939233817 0.09442270058708414
4 0.38309114927344784 0.44863013698630133 0.083223249669749 0.0958904109589041
4 0.4725891677675033 0.4432485322896281 0.0904887714663144 0.08512720156555773
4 0.5680317040951123 0.44863013698630133 0.10039630118890357 0.08904109589041095
4 0.7011228533685601 0.5836594911937377 0.11690885072655217 0.09099804305283757
3 0.2998678996036988 0.5655577299412915 0.10303830911492734 0.12720156555772993
3 0.38077939233817704 0.5384050880626223 0.07331571994715984 0.1267123287671233
3 0.45409511228533683 0.5156555772994129 0.08256274768824307 0.12133072407045009
3 0.5558124174372523 0.5310665362035225 0.0904887714663144 0.1267123287671233
2 0.5974240422721269 0.6795499021526419 0.15918097754293262 0.1086105675146771
1 0.32331571994715985 0.821917808219178 0.11030383091149273 0.13992172211350293
0 0.4379128137384412 0.8202054794520548 0.14927344782034346 0.1541095890410959
