0 0.5367647058823529 0.753307392996109 0.16078431372549018 0.18365758754863815
1 0.4357843137254902 0.7404669260700389 0.08333333333333333 0.15797665369649808
2 0.6772058823529412 0.5857976653696498 0.14558823529411766 0.12023346303501946
3 0.3838235294117647 0.4986381322957199 0.08039215686274509 0.14124513618677043
3 0.4549019607843137 0.45369649805447476 0.08039215686274509 0.1369649805447471
3 0.538235294117647 0.4408560311284047 0.09803921568627451 0.15797665369649808
3 0.6348039215686274 0.442023346303502 0.0892156862745098 0.1463035019455253
4 0.7867647058823529 0.4881322957198444 0.11568627450980393 0.09922178988326849
4 0.35245098039215683 0.4173151750972763 0.0892156862745098 0.10155642023346305
4 0.44166666666666665 0.37237354085603114 0.07156862745098039 0.1058365758754864
4 0.5411764705882353 0.33715953307393 0.09803921568627451 0.11556420233463036
4 0.642156862745098 0.34533073929961094 0.08627450980392157 0.09922178988326849
5 0.675 0.253307392996109 0.10392156862745097 0.08482490272373541
5 0.5411764705882353 0.23443579766536968 0.10980392156862745 0.08988326848249027
5 0.416421568627451 0.2721789883268483 0.09166666666666666 0.09922178988326849
5 0.32303921568627453 0.3583657587548638 0.10098039215686275 0.08715953307392997
6 0.25735294117647056 0.26867704280155646 0.10686274509803921 0.11089494163424125
6 0.4120098039215686 0.15894941634241247 0.0769607843137255 0.11789883268482491
6 0.5323529411764706 0.11536964980544748 0.09215686274509804 0.10155642023346305
6 0.6823529411764706 0.16245136186770429 0.10098039215686275 0.10622568093385215
6 0.8627450980392157 0.39708171206225684 0.11862745098039215 0.12490272373540857
