5 0.630779392338177 0.2556262230919765 0.0977542932628798 0.07681017612524461
5 0.4831571994715984 0.24535225048923678 0.1036988110964333 0.07974559686888454
5 0.33388375165125495 0.2805772994129158 0.11162483487450463 0.0885518590998043
5 0.2334874504623514 0.361545988258317 0.1287978863936592 0.08806262230919765
6 0.19682959048877147 0.2766634050880626 0.09907529722589167 0.10714285714285714
6 0.30250990752972257 0.16316046966731898 0.1083223249669749 0.10812133072407044
6 0.48513870541611626 0.11643835616438356 0.1036988110964333 0.1086105675146771
6 0.6512549537648613 0.150440313111546 0.0977542932628798 0.11301369863013698
6 0.8289299867899603 0.4026418786692759 0.11756935270805813 0.13405088062622308
4 0.6003963011889035 0.3527397260273972 0.10568031704095113 0.11154598825831702
4 0.4831571994715984 0.35371819960861056 0.1036988110964333 0.10078277886497064
4 0.37153236459709377 0.3747553816046967 0.11162483487450463 0.10078277886497064
4 0.2833553500660502 0.42343444227005866 0.09379128137384413 0.09050880626223091
4 0.7575957727873184 0.4963307240704501 0.10171730515191546 0.09931506849315068
3 0.5852047556142669 0.4466731898238747 0.08718626155878467 0.136986301369863
3 0.4795244385733157 0.4417808219178082 0.08718626155878467 0.12035225048923678
3 0.39597093791281374 0.46624266144814086 0.1036988110964333 0.13405088062622308
3 0.32166446499339496 0.4995107632093933 0.0977542932628798 0.11252446183953033
2 0.6472919418758256 0.6020058708414873 0.15852047556142668 0.1159491193737769
0 0.5148612945838837 0.7636986301369862 0.16710700132100395 0.16829745596868884
1 0.39696169088507266 0.7857142857142857 0.10171730515191546 0.14285714285714285
