1 0.4446078431372549 0.7556420233463036 0.0892156862745098 0.1276264591439689
0 0.5299019607843137 0.7400778210116732 0.14215686274509803 0.17431906614785994
2 0.6144607843137255 0.5892996108949417 0.16323529411764706 0.11322957198443581
3 0.5507352941176471 0.46789883268482496 0.08284313725490196 0.1342412451361868
3 0.4715686274509804 0.47976653696498056 0.09509803921568627 0.1463035019455253
3 0.4090686274509804 0.4844357976653697 0.07107843137254902 0.10350194552529184
3 0.36004901960784313 0.5340466926070039 0.06813725490196078 0.11322957198443581
4 0.6877450980392157 0.49046692607003894 0.09509803921568627 0.09922178988326849
4 0.5605392156862745 0.380739299610895 0.08284313725490196 0.09922178988326849
4 0.4622549019607843 0.3842412451361868 0.09509803921568627 0.08754863813229573
4 0.3926470588235294 0.4136186770428016 0.08039215686274509 0.09416342412451363
4 0.32156862745098036 0.47159533073929966 0.09215686274509804 0.07782101167315175
6 0.7519607843137255 0.4208171206225681 0.09803921568627451 0.09922178988326849
6 0.6063725490196078 0.2330739299610895 0.09803921568627451 0.08482490272373541
6 0.446078431372549 0.20505836575875488 0.08627450980392157 0.09182879377431907
6 0.32745098039215687 0.24513618677042803 0.08627450980392157 0.10116731517509728
6 0.21740196078431373 0.3700389105058366 0.07990196078431372 0.08249027237354087
5 0.266421568627451 0.4278210116731518 0.07107843137254902 0.05408560311284047
5 0.353921568627451 0.3416342412451362 0.10392156862745097 0.06848249027237355
5 0.45784313725490194 0.29105058365758757 0.08627450980392157 0.07081712062256809
5 0.5901960784313726 0.3038910505836576 0.10098039215686275 0.07315175097276265
