5 0.6321078431372549 0.24319066147859925 0.10441176470588236 0.08560311284046693
5 0.49166666666666664 0.2143968871595331 0.10490196078431373 0.10116731517509728
5 0.37892156862745097 0.2455252918287938 0.09509803921568627 0.08560311284046693
5 0.28431372549019607 0.3130350194552529 0.08823529411764705 0.06498054474708172
6 0.25 0.22879377431906617 0.09803921568627451 0.10894941634241245
6 0.37401960784313726 0.14319066147859924 0.09803921568627451 0.09883268482490273
6 0.4980392156862745 0.10175097276264593 0.09803921568627451 0.09844357976653698
6 0.6534313725490196 0.1521400778210117 0.08823529411764705 0.10116731517509728
6 0.7708333333333334 0.37743190661478604 0.10441176470588236 0.1377431906614786
4 0.5963235294117647 0.3313229571984436 0.11127450980392156 0.10622568093385215
4 0.49338235294117644 0.33112840466926075 0.10147058823529412 0.10116731517509728
4 0.39852941176470585 0.3494163424124514 0.09509803921568627 0.11128404669260701
4 0.31666666666666665 0.3830739299610895 0.06862745098039216 0.09610894941634242
4 0.7105392156862745 0.466147859922179 0.12107843137254902 0.09571984435797666
3 0.341421568627451 0.4544747081712063 0.08480392156862746 0.11906614785992219
3 0.41323529411764703 0.4402723735408561 0.0784313725490196 0.12723735408560313
3 0.4818627450980392 0.41673151750972764 0.09803921568627451 0.14785992217898833
3 0.5732843137254902 0.4260700389105059 0.10441176470588236 0.14007782101167315
1 0.6044117647058823 0.5879377431906615 0.13431372549019607 0.13229571984435798
2 0.37892156862745097 0.7332684824902724 0.08137254901960785 0.15836575875486383
0 0.47696078431372546 0.7373540856031129 0.153921568627451 0.1867704280155642
