5 0.278921568627451 0.4077821011673152 0.07941176470588235 0.05603112840466926
5 0.379656862745098 0.33210116731517514 0.10049019607843138 0.07354085603112841
5 0.4696078431372549 0.2943579766536965 0.08431372549019608 0.06731517509727628
5 0.5769607843137254 0.30622568093385216 0.08725490196078431 0.07315175097276265
4 0.5551470588235294 0.38832684824902725 0.09264705882352942 0.09494163424124515
4 0.46544117647058825 0.39591439688715957 0.07892156862745098 0.09299610894941635
4 0.3946078431372549 0.4250972762645915 0.07647058823529412 0.08677042801556421
4 0.3144607843137255 0.4684824902723736 0.07892156862745098 0.07782101167315175
3 0.33872549019607845 0.5202334630350195 0.06274509803921569 0.09494163424124515
3 0.4056372549019608 0.4910505836575876 0.07107843137254902 0.09260700389105059
3 0.4696078431372549 0.46400778210116733 0.07352941176470588 0.0953307392996109
3 0.5431372549019607 0.46186770428015567 0.06274509803921569 0.09494163424124515
4 0.6588235294117647 0.492023346303502 0.07647058823529412 0.0906614785992218
2 0.5894607843137255 0.600194552529183 0.12794117647058822 0.09922178988326849
6 0.7242647058823529 0.4099221789883269 0.1034313725490196 0.1038910505836576
6 0.5990196078431372 0.22198443579766539 0.07647058823529412 0.0906614785992218
6 0.4615196078431372 0.1926070038910506 0.08970588235294118 0.088715953307393
6 0.37573529411764706 0.24241245136186773 0.08186274509803922 0.088715953307393
6 0.22034313725490196 0.34513618677042807 0.09264705882352942 0.09494163424124515
1 0.3799019607843137 0.7579766536964981 0.07352941176470588 0.11673151750972763
0 0.46544117647058825 0.7570038910505837 0.13578431372549019 0.11867704280155643
