0 0.48455882352941176 0.6704280155642024 0.13088235294117648 0.14474708171206227
1 0.38651960784313727 0.6628404669260701 0.09264705882352942 0.11245136186770428
2 0.5894607843137255 0.5062256809338522 0.12794117647058822 0.12295719844357977
3 0.5470588235294117 0.3840466926070039 0.07058823529411765 0.12996108949416343
3 0.4764705882352941 0.37217898832684826 0.08725490196078431 0.12334630350194553
3 0.4137254901960784 0.4001945525291829 0.07647058823529412 0.12334630350194553
3 0.35784313725490197 0.42626459143968876 0.06274509803921569 0.11867704280155643
4 0.638235294117647 0.39260700389105063 0.08431372549019608 0.09494163424124515
4 0.5580882352941177 0.29046692607003893 0.10637254901960784 0.12101167315175099
4 0.475 0.28774319066147863 0.09019607843137255 0.11011673151750974
4 0.3946078431372549 0.3235408560311284 0.08137254901960785 0.1038910505836576
4 0.32941176470588235 0.35369649805447473 0.07647058823529412 0.09494163424124515
6 0.6860294117647059 0.29766536964980544 0.1142156862745098 0.11673151750972763
6 0.5948529411764706 0.12898832684824904 0.10049019607843138 0.0906614785992218
6 0.471078431372549 0.08910505836575876 0.08725490196078431 0.088715953307393
6 0.3784313725490196 0.12801556420233465 0.09803921568627451 0.09727626459143969
6 0.2612745098039216 0.2208171206225681 0.07058823529411765 0.08832684824902724
5 0.29387254901960785 0.29221789883268484 0.1034313725490196 0.07159533073929962
5 0.3784313725490196 0.21964980544747084 0.08725490196078431 0.07354085603112841
5 0.46544117647058825 0.18852140077821014 0.08186274509803922 0.07120622568093386
5 0.5703431372549019 0.2077821011673152 0.09558823529411764 0.07548638132295721
