5 0.5620098039215686 0.3299610894941635 0.10441176470588236 0.07315175097276265
5 0.4343137254901961 0.30992217898832686 0.10980392156862745 0.07042801556420233
5 0.32303921568627453 0.3513618677042802 0.0892156862745098 0.07782101167315175
5 0.22328431372549018 0.41945525291828795 0.07401960784313726 0.06848249027237355
6 0.1906862745098039 0.3583657587548638 0.08627450980392157 0.08715953307392997
6 0.31323529411764706 0.25817120622568096 0.11862745098039215 0.11089494163424125
6 0.46544117647058825 0.22509727626459144 0.10735294117647058 0.1038910505836576
6 0.5769607843137254 0.2649805447470817 0.09215686274509804 0.07081712062256809
6 0.6720588235294117 0.4313229571984436 0.10392156862745097 0.11556420233463036
4 0.266421568627451 0.4785992217898833 0.08284313725490196 0.08249027237354087
4 0.3392156862745098 0.433852140077821 0.09215686274509804 0.08715953307392997
4 0.42549019607843136 0.40661478599221795 0.08039215686274509 0.08482490272373541
4 0.5220588235294118 0.4077821011673152 0.0892156862745098 0.08715953307392997
4 0.6377450980392156 0.5186770428015565 0.09509803921568627 0.08715953307392997
3 0.2946078431372549 0.5503891050583658 0.08039215686274509 0.12256809338521402
3 0.353921568627451 0.5091439688715954 0.08039215686274509 0.12023346303501946
3 0.42549019607843136 0.49396887159533076 0.08039215686274509 0.12256809338521402
3 0.5191176470588236 0.49143968871595334 0.0892156862745098 0.14163424124513618
2 0.5730392156862745 0.6118677042801557 0.1696078431372549 0.10622568093385215
0 0.44926470588235295 0.7780155642023346 0.15735294117647058 0.1529182879377432
1 0.35980392156862745 0.7638132295719845 0.08627450980392157 0.13463035019455255
