1 0.5279411764705882 0.7902723735408561 0.13431372549019607 0.17587548638132297
0 0.6370098039215686 0.7476653696498055 0.17107843137254902 0.23618677042801559
2 0.6987745098039215 0.5538910505836576 0.12696078431372548 0.14669260700389106
3 0.55 0.4256809338521401 0.13431372549019607 0.1727626459143969
3 0.4573529411764706 0.4531128404669261 0.1303921568627451 0.1529182879377432
3 0.40465686274509804 0.5035019455252918 0.14166666666666666 0.13229571984435798
3 0.3428921568627451 0.5538910505836576 0.12696078431372548 0.11789883268482491
4 0.7767156862745098 0.4256809338521401 0.15245098039215685 0.12684824902723738
4 0.5225490196078432 0.32042801556420236 0.13823529411764707 0.11245136186770428
4 0.40661764705882353 0.3566147859922179 0.1161764705882353 0.12101167315175099
4 0.3321078431372549 0.42431906614785997 0.14166666666666666 0.12412451361867705
4 0.2647058823529412 0.519455252918288 0.14509803921568626 0.08949416342412451
6 0.8149509803921569 0.3075875486381323 0.18480392156862746 0.14980544747081714
6 0.41911764705882354 0.11284046692607004 0.17450980392156862 0.12373540856031129
6 0.2286764705882353 0.14027237354085603 0.13088235294117648 0.10933852140077822
6 0.15955882352941175 0.23832684824902725 0.1230392156862745 0.10933852140077822
6 0.08333333333333333 0.4182879377431907 0.12352941176470589 0.10661478599221791
5 0.17401960784313725 0.47607003891050587 0.10196078431372549 0.07198443579766538
5 0.23774509803921567 0.33638132295719847 0.11274509803921569 0.09221789883268483
5 0.3267156862745098 0.2527237354085603 0.1161764705882353 0.09221789883268483
5 0.466421568627451 0.20447470817120625 0.1161764705882353 0.10077821011673152
