0 0.5931372549019608 0.7091439688715954 0.13823529411764707 0.14124513618677043
1 0.5007352941176471 0.7418287937743191 0.09264705882352942 0.11478599221789884
2 0.6588235294117647 0.5632295719844358 0.1284313725490196 0.0953307392996109
3 0.40147058823529413 0.5266536964980545 0.07352941176470588 0.1038910505836576
3 0.44779411764705884 0.4955252918287938 0.057352941176470586 0.09299610894941635
3 0.5036764705882353 0.46186770428015567 0.07598039215686274 0.10350194552529184
3 0.5879901960784314 0.45642023346303506 0.07107843137254902 0.0840466926070039
4 0.7095588235294118 0.4892996108949417 0.07107843137254902 0.0821011673151751
4 0.5799019607843137 0.38190661478599225 0.07058823529411765 0.08677042801556421
4 0.4926470588235294 0.38832684824902725 0.07647058823529412 0.09105058365758756
4 0.4340686274509804 0.4196498054474708 0.06813725490196078 0.09299610894941635
4 0.379656862745098 0.459727626459144 0.062254901960784315 0.0688715953307393
6 0.7651960784313725 0.41322957198443583 0.09803921568627451 0.09260700389105059
6 0.5416666666666666 0.25233463035019454 0.07058823529411765 0.0821011673151751
6 0.44509803921568625 0.21867704280155645 0.08431372549019608 0.088715953307393
6 0.37279411764705883 0.2727626459143969 0.06519607843137255 0.0840466926070039
6 0.3142156862745098 0.34280155642023347 0.07352941176470588 0.07782101167315175
5 0.3428921568627451 0.4108949416342413 0.07598039215686274 0.058365758754863814
5 0.3946078431372549 0.35272373540856033 0.07647058823529412 0.06731517509727628
5 0.47230392156862744 0.3040856031128405 0.07892156862745098 0.0688715953307393
5 0.5703431372549019 0.32237354085603115 0.09558823529411764 0.07120622568093386
