0 0.36642156862745096 0.7873540856031129 0.15245098039215685 0.14124513618677043
1 0.2593137254901961 0.7601167315175098 0.09803921568627451 0.13268482490272374
2 0.5389705882352941 0.6677042801556421 0.14852941176470588 0.1151750972762646
3 0.3375 0.5437743190661479 0.06519607843137255 0.1443579766536965
3 0.3992647058823529 0.5107003891050584 0.06519607843137255 0.11789883268482491
3 0.47009803921568627 0.5064202334630351 0.061764705882352944 0.10933852140077822
3 0.5480392156862745 0.5264591439688716 0.07254901960784313 0.10972762645914398
4 0.6480392156862745 0.5957198443579766 0.11274509803921569 0.08638132295719846
4 0.3247549019607843 0.46303501945525294 0.07598039215686274 0.08638132295719846
4 0.40294117647058825 0.43560311284046693 0.07254901960784313 0.08365758754863814
4 0.49166666666666664 0.4256809338521401 0.07647058823529412 0.10350194552529184
4 0.5659313725490196 0.44863813229571986 0.07598039215686274 0.10972762645914398
6 0.7514705882352941 0.5365758754863814 0.1303921568627451 0.08949416342412451
6 0.6735294117647058 0.275875486381323 0.09803921568627451 0.09805447470817122
6 0.5446078431372549 0.22529182879377432 0.08725490196078431 0.09494163424124515
6 0.40637254901960784 0.2369649805447471 0.10196078431372549 0.09494163424124515
6 0.25588235294117645 0.3105058365758755 0.08333333333333333 0.08638132295719846
5 0.2884803921568627 0.3910505836575876 0.09068627450980392 0.0747081712062257
5 0.40465686274509804 0.33638132295719847 0.0838235294117647 0.06342412451361869
5 0.5188725490196079 0.31614785992217903 0.10147058823529412 0.0688715953307393
5 0.6169117647058824 0.36964980544747084 0.10147058823529412 0.07782101167315175
