5 0.6939688715953308 0.30196078431372547 0.07587548638132297 0.10588235294117647
5 0.5877431906614786 0.2647058823529412 0.0821011673151751 0.10098039215686275
5 0.516147859922179 0.30049019607843136 0.09455252918287939 0.10294117647058823
5 0.3992217898832685 0.379656862745098 0.06926070038910506 0.10049019607843138
6 0.3626459143968872 0.2911764705882353 0.06926070038910506 0.10588235294117647
6 0.49396887159533076 0.16004901960784312 0.06731517509727628 0.12990196078431374
6 0.5929961089494163 0.1323529411764706 0.07548638132295721 0.12745098039215685
6 0.7107003891050584 0.18799019607843137 0.06731517509727628 0.12205882352941176
6 0.8632295719844358 0.5970588235294118 0.11556420233463036 0.12450980392156863
4 0.4426070038910506 0.4622549019607843 0.07354085603112841 0.10882352941176471
4 0.5140077821011674 0.41299019607843135 0.06926070038910506 0.1377450980392157
4 0.579182879377432 0.39852941176470585 0.06498054474708172 0.12450980392156863
4 0.6570038910505837 0.41593137254901963 0.06498054474708172 0.1377450980392157
3 0.45933852140077824 0.5470588235294117 0.048638132295719845 0.15098039215686274
3 0.5087548638132297 0.5215686274509804 0.05875486381322958 0.14313725490196078
3 0.5698443579766538 0.5164215686274509 0.05486381322957199 0.15931372549019607
3 0.6476653696498055 0.5073529411764706 0.07354085603112841 0.14313725490196078
4 0.7780155642023346 0.6637254901960784 0.10700389105058367 0.12745098039215685
2 0.6531128404669261 0.7362745098039215 0.11789883268482491 0.15098039215686274
1 0.44046692607003896 0.8634803921568628 0.08638132295719846 0.15343137254901962
0 0.5346303501945525 0.8725490196078431 0.12918287937743192 0.16666666666666666
