0 0.47627201565557725 0.7892998678996037 0.09344422700587084 0.18626155878467635
1 0.4060665362035225 0.7952443857331573 0.06457925636007827 0.15587846763540292
2 0.5750978473581213 0.6287978863936592 0.10029354207436399 0.12285336856010567
3 0.3950587084148728 0.5085865257595773 0.04647749510763209 0.14663143989431968
3 0.43493150684931503 0.48282694848084545 0.05577299412915851 0.13210039630118892
3 0.4818982387475538 0.45904887714663145 0.05577299412915851 0.14398943196829592
3 0.5452544031311154 0.4560766182298547 0.05332681017612524 0.1142668428005284
4 0.649706457925636 0.5568031704095112 0.08023483365949119 0.09907529722589167
4 0.3639921722113503 0.4217305151915456 0.050880626223091974 0.09313077939233817
4 0.4273483365949119 0.37780713342140027 0.062133072407045006 0.1083223249669749
4 0.49168297455968685 0.35700132100396303 0.057729941291585124 0.10766182298546896
4 0.5662915851272016 0.3659180977542933 0.055283757338551856 0.1202113606340819
6 0.7196673189823874 0.4831571994715984 0.09980430528375733 0.1023778071334214
6 0.6252446183953033 0.18262879788639366 0.06653620352250489 0.1261558784676354
6 0.521771037181996 0.12285336856010567 0.06409001956947162 0.1202113606340819
6 0.4107142857142857 0.15885072655217966 0.06898238747553816 0.11955085865257596
6 0.2906066536203522 0.29227212681638043 0.07338551859099804 0.10501981505944517
5 0.33830724070450097 0.36624834874504625 0.05821917808219178 0.09313077939233817
5 0.41389432485322897 0.2668428005284016 0.07534246575342465 0.08982826948480846
5 0.5073385518590998 0.24009247027741085 0.06262230919765166 0.08388375165125496
5 0.599559686888454 0.28500660501981506 0.06898238747553816 0.10766182298546896
