5 0.45890410958904104 0.30250990752972257 0.07827788649706457 0.09907529722589167
5 0.3916340508806262 0.285997357992074 0.08072407045009784 0.09907529722589167
5 0.3133561643835616 0.3190224570673712 0.0611545988258317 0.09907529722589167
5 0.2155088062622309 0.44121532364597094 0.0611545988258317 0.08586525759577279
6 0.161692759295499 0.36690885072655216 0.07093933463796477 0.09577278731836196
6 0.29867906066536204 0.19187582562747688 0.07093933463796477 0.1287978863936592
6 0.39652641878669276 0.15389696169088507 0.07093933463796477 0.13210039630118892
6 0.46624266144814086 0.1869220607661823 0.0684931506849315 0.11889035667107001
6 0.6301369863013698 0.5089167767503302 0.08317025440313111 0.13540290620871862
4 0.2656555772994129 0.5039630118890357 0.08317025440313111 0.09247027741083223
4 0.3268101761252446 0.42800528401585203 0.0684931506849315 0.12549537648612946
4 0.3879647749510763 0.40158520475561427 0.05870841487279843 0.12549537648612946
4 0.45401174168297453 0.40984147952443856 0.053816046966731895 0.1287978863936592
4 0.5775440313111546 0.6007265521796565 0.07093933463796477 0.1023778071334214
3 0.29990215264187864 0.5815719947159842 0.06360078277886497 0.1618229854689564
3 0.3439334637964775 0.5402906208718626 0.05870841487279843 0.13870541611624834
3 0.3904109589041096 0.5155217965653897 0.053816046966731895 0.15521796565389695
3 0.4620841487279843 0.5346763540290621 0.06604696673189824 0.16842800528401586
2 0.4955968688845401 0.690554821664465 0.09784735812133072 0.1155878467635403
1 0.3145792563600783 0.8507265521796565 0.07827788649706457 0.15191545574636725
0 0.398972602739726 0.8474240422721269 0.11986301369863013 0.178335535006605
