5 0.547886393659181 0.43199608610567514 0.09973579920739763 0.07925636007827788
5 0.404887714663144 0.4307729941291585 0.10700132100396301 0.07681017612524461
5 0.26717305151915455 0.4877690802348336 0.0891677675033025 0.0684931506849315
5 0.19088507265521798 0.5922211350293541 0.08586525759577279 0.06604696673189824
6 0.11393659180977543 0.5300880626223091 0.09577278731836196 0.07387475538160469
6 0.20145310435931307 0.39921722113502933 0.10700132100396301 0.1086105675146771
6 0.38143989431968295 0.32778864970645794 0.12483487450462351 0.0821917808219178
6 0.5511889035667107 0.33830724070450097 0.09313077939233817 0.087573385518591
6 0.8064729194187583 0.5569960861056751 0.11096433289299867 0.09637964774951076
4 0.5422721268163805 0.5207925636007827 0.0964332892998679 0.10322896281800391
4 0.43527080581241745 0.5327788649706457 0.10303830911492734 0.10567514677103718
4 0.34247027741083225 0.5694716242661448 0.11030383091149273 0.10567514677103718
4 0.26750330250990756 0.6303816046966731 0.09247027741083223 0.055283757338551856
3 0.32100396301188905 0.6822407045009784 0.08190224570673713 0.10322896281800391
3 0.3764861294583884 0.6396771037181995 0.071334214002642 0.10322896281800391
3 0.4514531043593131 0.6159491193737768 0.0785997357992074 0.11937377690802348
3 0.5511889035667107 0.6068982387475538 0.09313077939233817 0.11105675146771037
4 0.7298546895640687 0.6465264187866927 0.10039630118890357 0.08463796477495107
2 0.6278071334214003 0.7585616438356164 0.13936591809775428 0.11888454011741682
1 0.4012549537648613 0.9160958904109588 0.09973579920739763 0.1267123287671233
0 0.5029722589167768 0.9107142857142857 0.13936591809775428 0.13747553816046965
