5 0.5924019607843137 0.38190661478599225 0.08774509803921568 0.061867704280155644
5 0.49313725490196075 0.3780155642023347 0.08039215686274509 0.06575875486381323
5 0.4051470588235294 0.404863813229572 0.075 0.05953307392996109
5 0.3284313725490196 0.47976653696498056 0.07254901960784313 0.05369649805447471
6 0.27941176470588236 0.42178988326848255 0.09019607843137255 0.07392996108949416
6 0.38112745098039214 0.33093385214007787 0.07794117647058824 0.08365758754863814
6 0.48946078431372547 0.29124513618677045 0.07303921568627451 0.07587548638132297
6 0.6088235294117647 0.30622568093385216 0.07549019607843137 0.08171206225680934
6 0.7595588235294117 0.49669260700389106 0.1053921568627451 0.09610894941634242
4 0.5747549019607843 0.45389105058365764 0.07303921568627451 0.09377431906614786
4 0.4980392156862745 0.4568093385214008 0.07549019607843137 0.08793774319066149
4 0.4345588235294118 0.47996108949416344 0.06519607843137255 0.1
4 0.3698529411764706 0.5276264591439689 0.060294117647058824 0.07003891050583658
3 0.3963235294117647 0.593579766536965 0.06323529411764706 0.09766536964980545
3 0.4441176470588235 0.5706225680933853 0.06274509803921569 0.10778210116731518
3 0.5007352941176471 0.5455252918287938 0.06519607843137255 0.1058365758754864
3 0.5752450980392156 0.5394941634241246 0.06519607843137255 0.1
4 0.7031862745098039 0.5704280155642024 0.07794117647058824 0.0840466926070039
2 0.6257352941176471 0.6653696498054475 0.13088235294117648 0.08560311284046693
1 0.44534313725490193 0.8050583657587549 0.07009803921568628 0.1377431906614786
0 0.5262254901960784 0.8027237354085603 0.11813725490196078 0.13540856031128407
