0 0.47589167767503304 0.9542563600782779 0.2212681638044914 0.1149706457925636
1 0.31737120211360637 0.9285714285714285 0.12219286657859973 0.136986301369863
2 0.6856010568031704 0.7903620352250489 0.2047556142668428 0.1590019569471624
3 0.6079920739762219 0.5775440313111546 0.1287978863936592 0.16878669275929548
3 0.5056142668428005 0.5677592954990215 0.12219286657859973 0.14432485322896282
3 0.3966314398943197 0.6179060665362035 0.0891677675033025 0.16144814090019569
3 0.309114927344782 0.6533757338551859 0.09907529722589167 0.1541095890410959
4 0.8252972258916776 0.646771037181996 0.13540290620871862 0.13209393346379647
4 0.4907529722589168 0.4552348336594912 0.12549537648612946 0.1541095890410959
4 0.6327608982826949 0.4515655577299413 0.12549537648612946 0.14187866927592954
4 0.3702113606340819 0.49681996086105673 0.1287978863936592 0.13943248532289626
4 0.2645310435931308 0.562866927592955 0.1287978863936592 0.12475538160469667
6 0.9095112285336856 0.5159001956947162 0.13210039630118892 0.16389432485322897
6 0.7476882430647293 0.21037181996086105 0.17437252311756934 0.15264187866927592
6 0.48877146631439894 0.175146771037182 0.15323645970937913 0.15264187866927592
6 0.31175693527080584 0.23581213307240703 0.15852047556142668 0.1487279843444227
6 0.1083223249669749 0.38649706457925637 0.13210039630118892 0.12133072407045009
5 0.19815059445178335 0.48532289628180036 0.142668428005284 0.1095890410958904
5 0.34081902245706736 0.37084148727984345 0.142668428005284 0.11350293542074363
5 0.5019815059445178 0.32583170254403127 0.14795244385733158 0.11741682974559686
5 0.7080581241743725 0.3414872798434442 0.13738441215323646 0.1095890410958904
