5 0.5872549019607843 0.3157587548638133 0.07745098039215687 0.06342412451361869
5 0.4950980392156863 0.3040856031128405 0.07156862745098039 0.05875486381322958
5 0.4193627450980392 0.32412451361867706 0.07401960784313726 0.06614785992217899
5 0.3301470588235294 0.39610894941634245 0.056372549019607844 0.06848249027237355
6 0.31985294117647056 0.3276264591439689 0.07107843137254902 0.07782101167315175
6 0.4178921568627451 0.2428015564202335 0.08284313725490196 0.08482490272373541
6 0.4936274509803921 0.2190661478599222 0.08039215686274509 0.08715953307392997
6 0.5857843137254902 0.2428015564202335 0.08039215686274509 0.07782101167315175
6 0.6970588235294117 0.4173151750972763 0.08333333333333333 0.11089494163424125
4 0.36446078431372547 0.45136186770428016 0.06519607843137255 0.08482490272373541
4 0.4252450980392157 0.4171206225680934 0.07401960784313726 0.08249027237354087
4 0.4980392156862745 0.40428015564202335 0.07156862745098039 0.08015564202334631
4 0.5754901960784313 0.40077821011673154 0.07745098039215687 0.08715953307392997
4 0.6764705882352942 0.5054474708171206 0.0892156862745098 0.09182879377431907
3 0.37916666666666665 0.5208171206225681 0.07107843137254902 0.11556420233463036
3 0.432843137254902 0.49027237354085607 0.06568627450980392 0.09182879377431907
3 0.49166666666666664 0.4784046692607004 0.06568627450980392 0.11322957198443581
3 0.566421568627451 0.4750972762645915 0.07107843137254902 0.09416342412451363
2 0.6110294117647058 0.6128404669260701 0.11911764705882352 0.08249027237354087
1 0.42892156862745096 0.7626459143968872 0.08333333333333333 0.12996108949416343
0 0.5129901960784313 0.7414396887159533 0.11911764705882352 0.13190661478599222
