0 0.5379901960784313 0.7424124513618677 0.13872549019607844 0.19766536964980547
1 0.4357843137254902 0.7601167315175098 0.09019607843137255 0.18171206225680936
2 0.625 0.5719844357976654 0.14313725490196078 0.1198443579766537
3 0.34387254901960784 0.5235408560311284 0.07794117647058824 0.1490272373540856
3 0.4051470588235294 0.49591439688715955 0.07794117647058824 0.13268482490272374
3 0.47034313725490196 0.45856031128404673 0.0857843137254902 0.12334630350194553
3 0.5644607843137255 0.4391050583657588 0.09362745098039216 0.12957198443579768
4 0.7115196078431373 0.4813229571984436 0.11029411764705882 0.0840466926070039
4 0.5644607843137255 0.346887159533074 0.09362745098039216 0.10700389105058367
4 0.466421568627451 0.36945525291828796 0.09362745098039216 0.10700389105058367
4 0.3889705882352941 0.40350194552529184 0.0857843137254902 0.1105058365758755
4 0.3110294117647059 0.46011673151750976 0.0857843137254902 0.08754863813229573
6 0.8075980392156863 0.4180933852140078 0.13088235294117648 0.11322957198443581
6 0.6134803921568628 0.1813229571984436 0.09362745098039216 0.10038910505836576
6 0.42573529411764705 0.16186770428015565 0.0857843137254902 0.09416342412451363
6 0.3112745098039216 0.2284046692607004 0.09411764705882353 0.09727626459143969
6 0.20490196078431372 0.35175097276264594 0.11862745098039215 0.07782101167315175
5 0.25392156862745097 0.40836575875486386 0.07745098039215687 0.06809338521400779
5 0.3316176470588235 0.3208171206225681 0.09362745098039216 0.06809338521400779
5 0.4338235294117647 0.26575875486381323 0.10196078431372549 0.0747081712062257
5 0.5931372549019608 0.26575875486381323 0.11862745098039215 0.08093385214007782
