5 0.6779411764705883 0.29494163424124514 0.09117647058823529 0.07548638132295721
5 0.5473039215686274 0.25739299610894945 0.10441176470588236 0.08287937743190663
5 0.4230392156862745 0.29221789883268484 0.10490196078431373 0.07003891050583658
5 0.31519607843137254 0.37140077821011674 0.08529411764705883 0.06731517509727628
6 0.2580882352941176 0.3013618677042802 0.0946078431372549 0.08832684824902724
6 0.8463235294117647 0.47898832684824905 0.15343137254901962 0.11673151750972763
6 0.7269607843137255 0.22354085603112842 0.11764705882352941 0.1038910505836576
6 0.5732843137254902 0.15233463035019457 0.12401960784313726 0.11167315175097277
6 0.4213235294117647 0.18463035019455254 0.10147058823529412 0.1038910505836576
4 0.3529411764705882 0.4208171206225681 0.08823529411764705 0.09844357976653698
4 0.4362745098039216 0.3805447470817121 0.0784313725490196 0.10661478599221791
4 0.5210784313725491 0.3610894941634242 0.10490196078431373 0.11906614785992219
4 0.6125 0.37918287937743195 0.09166666666666666 0.1038910505836576
4 0.7318627450980392 0.5348249027237354 0.12745098039215685 0.09844357976653698
3 0.37745098039215685 0.4972762645914397 0.0784313725490196 0.12217898832684826
3 0.4377450980392157 0.459727626459144 0.06862745098039216 0.11945525291828794
3 0.5080882352941176 0.45058365758754865 0.09166666666666666 0.12217898832684826
3 0.5897058823529412 0.4571984435797666 0.09117647058823529 0.10894941634241245
2 0.6110294117647058 0.6151750972762646 0.14068627450980392 0.0933852140077821
1 0.39215686274509803 0.7605058365758756 0.10784313725490197 0.166147859922179
0 0.49166666666666664 0.7482490272373541 0.14705882352941177 0.17354085603112843
