1 0.3879901960784314 0.7560311284046694 0.09264705882352942 0.1556420233463035
0 0.48995098039215684 0.7461089494163424 0.15833333333333333 0.1708171206225681
2 0.6328431372549019 0.5892996108949417 0.1715686274509804 0.1038910505836576
3 0.5649509803921569 0.469455252918288 0.07892156862745098 0.14513618677042803
3 0.475 0.47062256809338526 0.08431372549019608 0.14280155642023348
3 0.4083333333333333 0.48677042801556425 0.07647058823529412 0.12295719844357977
3 0.3512254901960784 0.535408560311284 0.08186274509803922 0.10817120622568094
4 0.7281862745098039 0.5202334630350195 0.12794117647058822 0.09494163424124515
4 0.5825980392156863 0.36031128404669266 0.10931372549019608 0.12529182879377432
4 0.4764705882352941 0.36673151750972766 0.08725490196078431 0.11245136186770428
4 0.4 0.40447470817120623 0.08725490196078431 0.10155642023346305
4 0.3348039215686274 0.47529182879377435 0.07941176470588235 0.09299610894941635
6 0.8127450980392157 0.4445525291828794 0.10588235294117647 0.08677042801556421
6 0.6193627450980392 0.20466926070038913 0.10637254901960784 0.09494163424124515
6 0.4681372549019608 0.17529182879377433 0.08137254901960785 0.10155642023346305
6 0.34852941176470587 0.23054474708171208 0.09803921568627451 0.0906614785992218
6 0.21911764705882353 0.3538910505836576 0.08431372549019608 0.0821011673151751
5 0.2803921568627451 0.41848249027237355 0.09803921568627451 0.07354085603112841
5 0.3700980392156863 0.31498054474708176 0.09803921568627451 0.07354085603112841
5 0.4791666666666667 0.2791828793774319 0.09264705882352942 0.07120622568093386
5 0.6058823529411764 0.29105058365758757 0.11176470588235293 0.09494163424124515
