5 0.667107001321004 0.2622309197651663 0.17965653896961692 0.09197651663405088
5 0.49933949801849403 0.24608610567514677 0.12417437252311757 0.10078277886497064
5 0.3441215323645971 0.3082191780821918 0.13606340819022458 0.10078277886497064
5 0.19418758256274768 0.4104696673189824 0.12417437252311757 0.0949119373776908
6 0.13276089828269486 0.3214285714285714 0.10435931307793923 0.11545988258317025
6 0.309114927344782 0.1761252446183953 0.1202113606340819 0.12720156555772993
6 0.5033025099075297 0.11545988258317025 0.11624834874504623 0.11839530332681017
6 0.6931968295904888 0.14946183953033268 0.11162483487450463 0.11007827788649706
6 0.8375165125495376 0.39408023483365945 0.13606340819022458 0.14823874755381605
4 0.6294583883751651 0.37181996086105673 0.13606340819022458 0.13307240704500978
4 0.4871202113606341 0.3779354207436399 0.10766182298546896 0.13943248532289626
4 0.3712021136063408 0.4224559686888454 0.11624834874504623 0.13356164383561642
4 0.2668428005284016 0.49192759295499017 0.12417437252311757 0.12475538160469667
4 0.773447820343461 0.50073385518591 0.1202113606340819 0.13649706457925637
3 0.30085865257595773 0.5795009784735812 0.11955085865257596 0.15117416829745595
3 0.38507265521796563 0.5305772994129159 0.10435931307793923 0.1541095890410959
3 0.4848084544253633 0.5024461839530332 0.1202113606340819 0.16927592954990214
3 0.6109643328929987 0.48165362035225046 0.12417437252311757 0.16291585127201563
2 0.6730515191545575 0.6624266144814089 0.13606340819022458 0.15753424657534246
1 0.3989431968295905 0.8909001956947162 0.13210039630118892 0.18688845401174167
0 0.5511889035667107 0.8803816046966731 0.20409511228533686 0.2137964774951076
