0 0.5498678996036989 0.8622798434442269 0.2120211360634082 0.1834637964774951
1 0.3910171730515192 0.8803816046966731 0.17173051519154559 0.17172211350293543
2 0.7173051519154557 0.6254892367906066 0.17569352708058125 0.17172211350293543
3 0.31505944517833556 0.5927103718199608 0.12417437252311757 0.21966731898238745
3 0.3989431968295905 0.5364481409001957 0.11624834874504623 0.20205479452054792
3 0.5033025099075297 0.49510763209393344 0.12417437252311757 0.18688845401174167
3 0.6050198150594451 0.4784735812133072 0.10435931307793923 0.18101761252446183
4 0.785336856010568 0.47137964774951074 0.13606340819022458 0.13649706457925637
4 0.6149273447820344 0.3539628180039139 0.14002642007926025 0.13943248532289626
4 0.49702774108322323 0.3644814090019569 0.14464993394980186 0.16046966731898238
4 0.3890356671070013 0.4072896281800391 0.11228533685601057 0.13943248532289626
4 0.28863936591809775 0.4784735812133072 0.1202113606340819 0.11545988258317025
6 0.8510568031704095 0.34662426614481406 0.1882430647291942 0.15998043052837574
5 0.6231836195508587 0.23972602739726026 0.14861294583883752 0.0949119373776908
5 0.4749009247027741 0.23238747553816047 0.13210039630118892 0.09784735812133072
5 0.34081902245706736 0.28864970645792565 0.14398943196829592 0.10371819960861056
5 0.21994715984147953 0.40459882583170254 0.1202113606340819 0.10665362035225048
6 0.1750330250990753 0.3082191780821918 0.13210039630118892 0.12426614481409001
6 0.309114927344782 0.15680039138943247 0.14398943196829592 0.13649706457925637
6 0.4570673712021136 0.09173189823874756 0.1202113606340819 0.12475538160469667
6 0.6129458388375165 0.12279843444227005 0.15191545574636725 0.11545988258317025
