6 0.6303921568627451 0.10330739299610896 0.09803921568627451 0.10933852140077822
6 0.492156862745098 0.07509727626459145 0.10686274509803921 0.10972762645914398
6 0.32965686274509803 0.11926070038910506 0.12009803921568628 0.10622568093385215
6 0.24485294117647058 0.21653696498054475 0.09362745098039216 0.0953307392996109
5 0.2806372549019608 0.2961089494163424 0.07598039215686274 0.06381322957198445
5 0.3676470588235294 0.2227626459143969 0.09803921568627451 0.0953307392996109
5 0.48995098039215684 0.17412451361867706 0.10245098039215686 0.06731517509727628
5 0.5968137254901961 0.19688715953307395 0.11127450980392156 0.07782101167315175
6 0.7240196078431372 0.2924124513618677 0.10686274509803921 0.12023346303501946
4 0.6992647058823529 0.39163424124513624 0.09362745098039216 0.10622568093385215
4 0.5857843137254902 0.2854085603112841 0.12450980392156863 0.12023346303501946
4 0.48995098039215684 0.2889105058365759 0.10245098039215686 0.11322957198443581
4 0.3897058823529412 0.3173151750972763 0.0892156862745098 0.12023346303501946
4 0.32279411764705884 0.35797665369649806 0.07990196078431372 0.09571984435797666
3 0.3517156862745098 0.4464980544747082 0.08480392156862746 0.14513618677042803
3 0.40980392156862744 0.4003891050583658 0.08431372549019608 0.12373540856031129
3 0.4855392156862745 0.3852140077821012 0.08480392156862746 0.1377431906614786
3 0.5634803921568627 0.37918287937743195 0.07990196078431372 0.13813229571984437
2 0.6259803921568627 0.5206225680933853 0.12941176470588234 0.12373540856031129
1 0.3963235294117647 0.6852140077821012 0.11127450980392156 0.14863813229571984
0 0.5122549019607843 0.6817120622568094 0.16470588235294117 0.1556420233463035
