5 0.6161764705882353 0.3369649805447471 0.07745098039215687 0.06147859922178989
5 0.5279411764705882 0.314591439688716 0.07745098039215687 0.06575875486381323
5 0.44166666666666665 0.34280155642023347 0.08333333333333333 0.06614785992217899
5 0.3571078431372549 0.4019455252918288 0.07401960784313726 0.056809338521400785
6 0.34068627450980393 0.3369649805447471 0.07745098039215687 0.07782101167315175
6 0.4534313725490196 0.26264591439688717 0.07745098039215687 0.08015564202334631
6 0.55 0.23326848249027238 0.08039215686274509 0.09221789883268483
6 0.628921568627451 0.27334630350194555 0.07745098039215687 0.06809338521400779
6 0.7328431372549019 0.44435797665369653 0.10098039215686275 0.08949416342412451
4 0.6848039215686275 0.5019455252918288 0.09509803921568627 0.07548638132295721
4 0.5946078431372549 0.4077821011673152 0.07450980392156863 0.09182879377431907
4 0.5232843137254902 0.4077821011673152 0.06813725490196078 0.08249027237354087
4 0.4522058823529412 0.42529182879377436 0.06813725490196078 0.08015564202334631
4 0.38504901960784316 0.45486381322957203 0.053431372549019605 0.06848249027237355
3 0.4 0.521011673151751 0.07156862745098039 0.1058365758754864
3 0.4551470588235294 0.4928015564202335 0.06813725490196078 0.10622568093385215
3 0.5129901960784313 0.4821011673151751 0.06519607843137255 0.10350194552529184
3 0.582843137254902 0.4821011673151751 0.06862745098039216 0.10350194552529184
2 0.6171568627450981 0.5929961089494163 0.10686274509803921 0.09416342412451363
1 0.4196078431372549 0.7367704280155642 0.09803921568627451 0.12723735408560313
0 0.5115196078431372 0.7284046692607005 0.1338235294117647 0.13929961089494164
