0 0.5260898282694848 0.8923679060665362 0.20409511228533686 0.19863013698630136
1 0.3989431968295905 0.899706457925636 0.13210039630118892 0.13307240704500978
2 0.6720607661822986 0.7174657534246575 0.18428005284015853 0.1453033268101761
3 0.607001321003963 0.5393835616438356 0.1083223249669749 0.1834637964774951
3 0.49504623513870544 0.5379158512720156 0.1155878467635403 0.17465753424657532
3 0.4009247027741083 0.5765655577299412 0.0964332892998679 0.16878669275929548
3 0.3107661822985469 0.5971135029354208 0.09973579920739763 0.13943248532289626
4 0.27873183619550856 0.509784735812133 0.1083223249669749 0.12426614481409001
4 0.38507265521796563 0.45621330724070447 0.10435931307793923 0.14823874755381605
4 0.4871202113606341 0.4178082191780822 0.09973579920739763 0.13013698630136986
4 0.6251651254953765 0.4090019569471624 0.11162483487450463 0.13013698630136986
4 0.7694848084544254 0.5616438356164384 0.1202113606340819 0.12720156555772993
6 0.8394980184940555 0.44740704500978473 0.15587846763540292 0.15998043052837574
6 0.6730515191545575 0.18517612524461838 0.11228533685601057 0.12181996086105674
6 0.5092470277410832 0.15092954990215263 0.13606340819022458 0.12475538160469667
6 0.3467635402906209 0.20572407045009783 0.1083223249669749 0.12769080234833657
6 0.18890356671070013 0.3302348336594912 0.1202113606340819 0.10371819960861056
5 0.2308454425363276 0.4310176125244618 0.1155878467635403 0.09197651663405088
5 0.3609643328929987 0.33928571428571425 0.11162483487450463 0.08561643835616438
5 0.5033025099075297 0.29011741682974557 0.13210039630118892 0.0949119373776908
5 0.6532364597093792 0.297945205479452 0.15191545574636725 0.09784735812133072
