5 0.6439894319682959 0.33830724070450097 0.1215323645970938 0.09246575342465753
5 0.4871202113606341 0.31433463796477495 0.1142668428005284 0.07681017612524461
5 0.34247027741083225 0.3593444227005871 0.12483487450462351 0.087573385518591
5 0.22093791281373845 0.4466731898238747 0.11822985468956407 0.07632093933463796
6 0.15521796565389695 0.36472602739726023 0.1215323645970938 0.10812133072407044
6 0.3299207397622193 0.23776908023483365 0.12087186261558784 0.12426614481409001
6 0.46730515191545574 0.1888454011741683 0.11030383091149273 0.11643835616438356
6 0.6568692206076618 0.24045988258317025 0.12483487450462351 0.11399217221135029
6 0.8048216644649934 0.50073385518591 0.13540290620871862 0.14823874755381605
4 0.5977542932628798 0.4400684931506849 0.1215323645970938 0.1267123287671233
4 0.47655217965653895 0.4346868884540117 0.1142668428005284 0.13747553816046965
4 0.36922060766182296 0.47309197651663404 0.10700132100396301 0.12426614481409001
4 0.2655217965653897 0.5193248532289628 0.1215323645970938 0.11105675146771037
4 0.7225891677675033 0.6024951076320939 0.12813738441215325 0.10029354207436399
3 0.5779392338177014 0.5538160469667319 0.11756935270805813 0.15851272015655576
3 0.4798546895640687 0.5447651663405088 0.10766182298546896 0.14823874755381605
3 0.3748348745046235 0.5604207436399217 0.0891677675033025 0.13454011741682975
3 0.3068031704095112 0.5949119373776908 0.11030383091149273 0.1350293542074364
2 0.6172391017173051 0.7257827788649706 0.16050198150594452 0.12181996086105674
1 0.36756935270805813 0.9160958904109588 0.12483487450462351 0.1423679060665362
0 0.4990092470277411 0.8992172211350293 0.19220607661822986 0.17221135029354206
