0 0.5044117647058823 0.8377431906614786 0.13823529411764707 0.1556420233463035
1 0.4100490196078431 0.8595330739299611 0.0946078431372549 0.12373540856031129
2 0.6044117647058823 0.7009727626459145 0.1196078431372549 0.10077821011673152
3 0.36666666666666664 0.6159533073929961 0.08725490196078431 0.13852140077821012
3 0.4281862745098039 0.5768482490272374 0.06519607843137255 0.10077821011673152
3 0.49166666666666664 0.5669260700389105 0.08333333333333333 0.12684824902723738
3 0.5791666666666666 0.5560311284046693 0.07990196078431372 0.10661478599221791
4 0.6897058823529412 0.6005836575875487 0.11274509803921569 0.09221789883268483
4 0.5936274509803922 0.47607003891050587 0.09803921568627451 0.11245136186770428
4 0.49901960784313726 0.47178988326848253 0.08333333333333333 0.1038910505836576
4 0.4134803921568627 0.5005836575875486 0.07990196078431372 0.09221789883268483
4 0.35024509803921566 0.5381322957198444 0.07598039215686274 0.08638132295719846
6 0.7551470588235294 0.5237354085603113 0.13088235294117648 0.10972762645914398
6 0.6497549019607843 0.3132295719844358 0.10931372549019608 0.10350194552529184
6 0.5372549019607843 0.27140077821011677 0.10196078431372549 0.0953307392996109
6 0.3862745098039216 0.3132295719844358 0.09803921568627451 0.10350194552529184
6 0.29558823529411765 0.4011673151750973 0.07647058823529412 0.09494163424124515
5 0.321078431372549 0.47607003891050587 0.09117647058823529 0.06653696498054475
5 0.3973039215686274 0.40252918287937745 0.09068627450980392 0.06342412451361869
5 0.517156862745098 0.3766536964980545 0.10490196078431373 0.0747081712062257
5 0.6225490196078431 0.3982490272373541 0.09803921568627451 0.08365758754863814
