5 0.29877450980392156 0.3859922178988327 0.06519607843137255 0.0575875486381323
5 0.38529411764705884 0.3229571984435798 0.0892156862745098 0.06848249027237355
5 0.4803921568627451 0.29571984435797666 0.09509803921568627 0.056809338521400785
5 0.5799019607843137 0.3075875486381323 0.08627450980392157 0.06108949416342413
6 0.7134803921568628 0.4089494163424125 0.12205882352941176 0.10817120622568094
6 0.5946078431372549 0.2369649805447471 0.08627450980392157 0.07548638132295721
6 0.47720588235294115 0.2027237354085603 0.06519607843137255 0.08715953307392997
6 0.3720588235294118 0.24163424124513622 0.09803921568627451 0.07548638132295721
6 0.2767156862745098 0.32412451361867706 0.06813725490196078 0.07548638132295721
4 0.33627450980392154 0.4455252918287938 0.06862745098039216 0.07782101167315175
4 0.40759803921568627 0.40661478599221795 0.07401960784313726 0.09883268482490273
4 0.4801470588235294 0.3852140077821012 0.06519607843137255 0.08015564202334631
4 0.5620098039215686 0.38287937743190664 0.07401960784313726 0.08482490272373541
4 0.6737745098039215 0.4785992217898833 0.09166666666666666 0.08249027237354087
3 0.5544117647058824 0.46673151750972763 0.09509803921568627 0.12023346303501946
3 0.4786764705882353 0.459727626459144 0.06813725490196078 0.11089494163424125
3 0.4178921568627451 0.4785992217898833 0.053431372549019605 0.09649805447470818
3 0.3556372549019608 0.4937743190661479 0.059313725490196076 0.08015564202334631
2 0.5931372549019608 0.5857976653696498 0.11862745098039215 0.08988326848249027
0 0.4906862745098039 0.7178988326848249 0.12745098039215685 0.12295719844357977
1 0.40441176470588236 0.7250972762645915 0.08039215686274509 0.12723735408560313
