1 0.2407529722589168 0.9023972602739726 0.1287978863936592 0.17367906066536204
0 0.3834214002642008 0.8979941291585126 0.20145310435931307 0.17367906066536204
2 0.6178996036988111 0.7389921722113503 0.2212681638044914 0.13943248532289626
3 0.2661822985468956 0.5983365949119374 0.10568031704095113 0.16144814090019569
3 0.3520475561426684 0.562866927592955 0.09907529722589167 0.16389432485322897
3 0.45277410832232495 0.5518590998043053 0.1023778071334214 0.16634050880626222
3 0.5782694848084544 0.5591976516634051 0.1287978863936592 0.17123287671232876
4 0.760898282694848 0.6210861056751468 0.16512549537648613 0.11007827788649706
4 0.5865257595772787 0.43737769080234834 0.12681638044914134 0.136986301369863
4 0.45442536327608984 0.41976516634050876 0.11624834874504623 0.12524461839530332
4 0.3381770145310436 0.45303326810176126 0.13738441215323646 0.12915851272015655
4 0.2192866578599736 0.5039138943248532 0.13210039630118892 0.11350293542074363
6 0.869220607661823 0.5430528375733855 0.2166446499339498 0.12133072407045009
6 0.6737120211360634 0.21428571428571427 0.15323645970937913 0.136986301369863
6 0.45970937912813736 0.15557729941291584 0.12681638044914134 0.12915851272015655
6 0.261558784676354 0.21232876712328766 0.13210039630118892 0.12524461839530332
6 0.08190224570673713 0.3395303326810176 0.13210039630118892 0.11350293542074363
5 0.15587846763540292 0.4295499021526419 0.15323645970937913 0.09001956947162426
5 0.30647291941875826 0.34344422700587085 0.13738441215323646 0.09001956947162426
5 0.4570673712021136 0.29843444227005866 0.142668428005284 0.10176125244618395
5 0.631439894319683 0.3356164383561644 0.17437252311756934 0.11350293542074363
