5 0.6119550858652576 0.3451565557729941 0.09973579920739763 0.08170254403131115
5 0.48183619550858653 0.32460861056751467 0.1023778071334214 0.06800391389432485
5 0.3629458388375165 0.37353228962818 0.1023778071334214 0.07778864970645792
5 0.26585204755614267 0.45058708414872795 0.08124174372523117 0.06360078277886497
6 0.21862615587846765 0.3796477495107632 0.08850726552179657 0.09001956947162426
6 0.8252972258916776 0.48850293542074363 0.1380449141347424 0.1159491193737769
6 0.619220607661823 0.25391389432485323 0.09180977542932629 0.09784735812133072
6 0.48976221928665786 0.22798434442270057 0.1023778071334214 0.10176125244618395
6 0.34114927344782037 0.27274951076320936 0.09709379128137384 0.10812133072407044
4 0.3157199471598415 0.5075831702544031 0.083223249669749 0.07387475538160469
4 0.3953104359313078 0.46868884540117417 0.09180977542932629 0.0958904109589041
4 0.4924042272126816 0.4466731898238747 0.09709379128137384 0.09980430528375733
4 0.5921400264200792 0.4464285714285714 0.09709379128137384 0.07974559686888454
4 0.7437252311756936 0.5785225048923679 0.1215323645970938 0.09344422700587084
3 0.3536988110964333 0.5763209393346379 0.0891677675033025 0.09980430528375733
3 0.4210700132100396 0.5562622309197651 0.08388375165125496 0.10763209393346379
3 0.49108322324966974 0.5344911937377691 0.09445178335535007 0.11986301369863013
3 0.584214002642008 0.5283757338551859 0.08652575957727873 0.10763209393346379
2 0.6489431968295905 0.6692759295499021 0.15653896961690886 0.10567514677103718
1 0.4128137384412153 0.8439334637964775 0.09379128137384413 0.12818003913894324
0 0.5254293262879789 0.8253424657534246 0.15918097754293262 0.14774951076320939
