0 0.5392156862745098 0.8060311284046693 0.16666666666666666 0.19961089494163425
1 0.4279411764705882 0.8151750972762647 0.11470588235294117 0.1556420233463035
2 0.65 0.6437743190661479 0.17941176470588235 0.11945525291828794
3 0.31666666666666665 0.538910505836576 0.08823529411764705 0.16342412451361868
3 0.39191176470588235 0.4908560311284047 0.0946078431372549 0.14513618677042803
3 0.47034313725490196 0.4622568093385214 0.10147058823529412 0.1556420233463035
3 0.5781862745098039 0.4544747081712063 0.10147058823529412 0.16575875486381325
4 0.7661764705882352 0.532295719844358 0.1303921568627451 0.10350194552529184
4 0.5946078431372549 0.35077821011673155 0.10784313725490197 0.1350194552529183
4 0.4573529411764706 0.35077821011673155 0.11470588235294117 0.12957198443579768
4 0.3659313725490196 0.3947470817120623 0.12107843137254902 0.1350194552529183
4 0.28259803921568627 0.4494163424124514 0.10441176470588236 0.10894941634241245
6 0.8281862745098039 0.41673151750972764 0.13088235294117648 0.14785992217898833
6 0.6551470588235294 0.1404669260700389 0.13088235294117648 0.1245136186770428
6 0.4196078431372549 0.10817120622568094 0.11764705882352941 0.12684824902723738
6 0.2529411764705882 0.16653696498054477 0.11764705882352941 0.11906614785992219
6 0.15 0.28054474708171206 0.12745098039215685 0.10894941634241245
5 0.21568627450980393 0.3778210116731518 0.10784313725490197 0.08560311284046693
5 0.31519607843137254 0.28579766536964984 0.14411764705882352 0.08832684824902724
5 0.4360294117647059 0.23404669260700392 0.12401960784313726 0.08287937743190663
5 0.6323529411764706 0.24299610894941637 0.13725490196078433 0.09610894941634242
