5 0.6327608982826949 0.39652641878669276 0.10568031704095113 0.09050880626223091
5 0.4924042272126816 0.37084148727984345 0.10898282694848084 0.08317025440313111
5 0.3702113606340819 0.40141878669275927 0.1155878467635403 0.08561643835616438
5 0.24966974900924702 0.49804305283757333 0.09247027741083223 0.0684931506849315
6 0.18527080581241745 0.4344422700587084 0.1023778071334214 0.08806262230919765
6 0.34544253632760896 0.30357142857142855 0.09247027741083223 0.10029354207436399
6 0.5056142668428005 0.261986301369863 0.1155878467635403 0.10518590998043052
6 0.6641347424042272 0.3047945205479452 0.1155878467635403 0.07827788649706457
6 0.8259577278731837 0.545743639921722 0.14200792602377807 0.09050880626223091
4 0.5914795244385733 0.4784735812133072 0.09577278731836196 0.10763209393346379
4 0.4808454425363276 0.4674657534246575 0.07926023778071334 0.1149706457925636
4 0.38837516512549536 0.4943737769080235 0.09247027741083223 0.11007827788649706
4 0.2992073976221929 0.5481898238747553 0.11228533685601057 0.06604696673189824
4 0.7328269484808454 0.6105675146771037 0.1287978863936592 0.08317025440313111
3 0.571664464993395 0.5702054794520548 0.0891677675033025 0.11986301369863013
3 0.4808454425363276 0.5616438356164384 0.09907529722589167 0.11741682974559686
3 0.4081902245706737 0.5812133072407044 0.06605019815059446 0.10763209393346379
3 0.34544253632760896 0.6166829745596869 0.0726552179656539 0.10518590998043052
2 0.6311096433289299 0.699853228962818 0.14861294583883752 0.08561643835616438
0 0.5280713342140027 0.8546966731898238 0.15521796565389695 0.16634050880626222
1 0.416446499339498 0.8723091976516634 0.10898282694848084 0.13209393346379647
