1 0.3892156862745098 0.7558365758754865 0.09215686274509804 0.1342412451361868
0 0.49142156862745096 0.764591439688716 0.14950980392156862 0.1642023346303502
2 0.628921568627451 0.58715953307393 0.14705882352941177 0.11673151750972763
3 0.34681372549019607 0.4986381322957199 0.07892156862745098 0.12957198443579768
3 0.4137254901960784 0.47256809338521405 0.07647058823529412 0.14280155642023348
3 0.4791666666666667 0.443579766536965 0.08186274509803922 0.14474708171206227
3 0.5703431372549019 0.4206225680933852 0.07892156862745098 0.11673151750972763
4 0.6943627450980392 0.4682879377431907 0.1034313725490196 0.0953307392996109
4 0.5811274509803922 0.3354085603112841 0.09558823529411764 0.1058365758754864
4 0.4818627450980392 0.3408560311284047 0.10882352941176471 0.11673151750972763
4 0.4041666666666667 0.3752918287937743 0.08970588235294118 0.1038910505836576
4 0.31151960784313726 0.4241245136186771 0.08970588235294118 0.088715953307393
6 0.7338235294117647 0.3688715953307393 0.10882352941176471 0.11673151750972763
6 0.6247549019607843 0.14844357976653696 0.1142156862745098 0.11245136186770428
6 0.4708333333333333 0.10836575875486382 0.08186274509803922 0.09299610894941635
6 0.3769607843137255 0.15603112840466926 0.08431372549019608 0.11439688715953308
6 0.22181372549019607 0.28677042801556424 0.07892156862745098 0.09105058365758756
5 0.2639705882352941 0.3585603112840467 0.10049019607843138 0.06264591439688716
5 0.38651960784313727 0.2682879377431907 0.1034313725490196 0.07120622568093386
5 0.47230392156862744 0.2293774319066148 0.08970588235294118 0.07120622568093386
5 0.6083333333333333 0.23813229571984437 0.09509803921568627 0.0840466926070039
