0 0.46887254901960784 0.6671206225680935 0.10441176470588236 0.11400778210116733
1 0.4002450980392157 0.6750972762645915 0.06519607843137255 0.10894941634241245
2 0.5612745098039216 0.5531128404669261 0.10294117647058823 0.0688715953307393
3 0.5100490196078431 0.4671206225680934 0.059313725490196076 0.10311284046692608
3 0.4573529411764706 0.4653696498054475 0.054901960784313725 0.088715953307393
3 0.41299019607843135 0.4916342412451362 0.057352941176470586 0.0906614785992218
3 0.37769607843137254 0.5143968871595331 0.054411764705882354 0.088715953307393
4 0.35245098039215683 0.45642023346303506 0.054901960784313725 0.04902723735408561
4 0.4083333333333333 0.42645914396887163 0.061764705882352944 0.06848249027237355
4 0.45269607843137255 0.398443579766537 0.059313725490196076 0.07081712062256809
4 0.513235294117647 0.398443579766537 0.061764705882352944 0.05992217898832685
4 0.6051470588235294 0.4766536964980545 0.07303921568627451 0.06147859922178989
6 0.6593137254901961 0.42178988326848255 0.09803921568627451 0.07782101167315175
6 0.5225490196078432 0.28171206225680934 0.07058823529411765 0.06848249027237355
6 0.4551470588235294 0.27159533073929965 0.07303921568627451 0.08171206225680934
6 0.3833333333333333 0.2933852140077821 0.061764705882352944 0.07782101167315175
6 0.32034313725490193 0.3653696498054475 0.050490196078431374 0.05603112840466926
5 0.3355392156862745 0.40739299610894947 0.061274509803921566 0.034241245136186774
5 0.3857843137254902 0.36303501945525296 0.061764705882352944 0.0396887159533074
5 0.45073529411764707 0.332295719844358 0.059313725490196076 0.043579766536964985
5 0.5200980392156863 0.33949416342412453 0.0892156862745098 0.047081712062256816
