5 0.6370098039215686 0.34202334630350195 0.12009803921568628 0.08093385214007782
5 0.4936274509803921 0.32334630350194554 0.10196078431372549 0.07782101167315175
5 0.36666666666666664 0.35797665369649806 0.10882352941176471 0.08949416342412451
5 0.2357843137254902 0.4544747081712063 0.10882352941176471 0.06926070038910506
6 0.17598039215686273 0.38832684824902725 0.09803921568627451 0.08638132295719846
6 0.3247549019607843 0.2585603112840467 0.13480392156862744 0.12101167315175099
6 0.4825980392156863 0.2124513618677043 0.0946078431372549 0.09805447470817122
6 0.6534313725490196 0.2542801556420234 0.10196078431372549 0.10077821011673152
6 0.8549019607843137 0.48968871595330743 0.1411764705882353 0.12957198443579768
4 0.6151960784313726 0.4285992217898833 0.10490196078431373 0.12101167315175099
4 0.49901960784313726 0.4256809338521401 0.09117647058823529 0.10972762645914398
4 0.40784313725490196 0.4577821011673152 0.10490196078431373 0.10466926070038911
4 0.30857843137254903 0.5136186770428016 0.1161764705882353 0.09494163424124515
4 0.7549019607843137 0.5735408560311285 0.1196078431372549 0.10661478599221791
3 0.6024509803921568 0.5365758754863814 0.08725490196078431 0.1642023346303502
3 0.5007352941176471 0.5237354085603113 0.10147058823529412 0.14396887159533076
3 0.4245098039215686 0.5515564202334631 0.08333333333333333 0.14980544747081714
3 0.3575980392156863 0.5712062256809339 0.1053921568627451 0.11206225680933853
2 0.6588235294117647 0.6821011673151751 0.17058823529411765 0.09805447470817122
1 0.4100490196078431 0.8075875486381323 0.13088235294117648 0.11789883268482491
0 0.533578431372549 0.8105058365758755 0.16715686274509803 0.12996108949416343
