0 0.34775429326287977 0.7847358121330723 0.11690885072655217 0.14677103718199608
1 0.2608982826948481 0.7808219178082192 0.0964332892998679 0.10665362035225048
2 0.46829590488771466 0.6409001956947162 0.12945838837516513 0.11545988258317025
3 0.22655217965653898 0.5763209393346379 0.07529722589167767 0.12035225048923678
3 0.2760898282694848 0.5418297455968688 0.07793923381770146 0.10420743639921722
3 0.32694848084544254 0.5163894324853229 0.06605019815059446 0.1022504892367906
3 0.42305151915455746 0.5139432485322896 0.0785997357992074 0.1022504892367906
4 0.5581241743725232 0.5418297455968688 0.11360634081902246 0.07778864970645792
4 0.42602377807133424 0.4327299412915851 0.0845442536327609 0.09540117416829745
4 0.3312417437252312 0.436399217221135 0.08124174372523117 0.09784735812133072
4 0.2638705416116248 0.4640410958904109 0.0785997357992074 0.09540117416829745
4 0.19947159841479525 0.5129647749510763 0.06869220607661823 0.06017612524461839
6 0.5852047556142669 0.46061643835616434 0.11360634081902246 0.11986301369863013
6 0.4273447820343461 0.3028375733855186 0.07529722589167767 0.07142857142857142
6 0.345112285336856 0.2840019569471624 0.1142668428005284 0.07778864970645792
6 0.23381770145310435 0.3204500978473581 0.06605019815059446 0.07142857142857142
6 0.17536327608982827 0.40851272015655576 0.06274768824306473 0.0821917808219178
5 0.17239101717305153 0.46306262230919765 0.08718626155878467 0.05332681017612524
5 0.2430647291941876 0.39285714285714285 0.07793923381770146 0.05968688845401174
5 0.32694848084544254 0.3605675146771037 0.08982826948480846 0.06262230919765166
5 0.4187582562747688 0.37181996086105673 0.09907529722589167 0.06653620352250489
