5 0.6443627450980393 0.221011673151751 0.11225490196078432 0.09260700389105059
5 0.49901960784313726 0.18929961089494166 0.1196078431372549 0.1038910505836576
5 0.38284313725490193 0.22976653696498056 0.11274509803921569 0.1038910505836576
5 0.28112745098039216 0.29027237354085605 0.12696078431372548 0.08093385214007782
6 0.2411764705882353 0.19377431906614787 0.09803921568627451 0.10661478599221791
6 0.3465686274509804 0.11595330739299611 0.09803921568627451 0.10661478599221791
6 0.48627450980392156 0.07704280155642024 0.10196078431372549 0.09805447470817122
6 0.6678921568627451 0.127431906614786 0.10931372549019608 0.11245136186770428
6 0.8365196078431373 0.3636186770428016 0.14166666666666666 0.12957198443579768
4 0.6024509803921568 0.3103112840466926 0.10882352941176471 0.13268482490272374
4 0.49901960784313726 0.3060311284046693 0.09803921568627451 0.10077821011673152
4 0.40441176470588236 0.3219844357976654 0.09803921568627451 0.12101167315175099
4 0.321078431372549 0.35797665369649806 0.09117647058823529 0.10116731517509728
3 0.3482843137254902 0.4429961089494164 0.0946078431372549 0.13268482490272374
3 0.41911764705882354 0.42704280155642027 0.09803921568627451 0.14124513618677043
3 0.49730392156862746 0.4040856031128405 0.0946078431372549 0.1529182879377432
3 0.5879901960784314 0.3939688715953308 0.0946078431372549 0.13268482490272374
4 0.7514705882352941 0.4675097276264592 0.14509803921568626 0.11245136186770428
2 0.6352941176470588 0.5577821011673152 0.18137254901960784 0.11556420233463036
1 0.38284313725490193 0.7124513618677043 0.11274509803921569 0.1992217898832685
0 0.504656862745098 0.7095330739299611 0.18872549019607843 0.1933852140077821
