0 0.5095588235294117 0.8383268482490273 0.1602941176470588 0.166147859922179
1 0.4019607843137255 0.8527237354085604 0.12745098039215685 0.1529182879377432
2 0.6487745098039216 0.7079766536964981 0.1995098039215686 0.12957198443579768
3 0.38553921568627453 0.5725680933852141 0.08186274509803922 0.14280155642023348
3 0.446078431372549 0.5439688715953308 0.0784313725490196 0.1377431906614786
3 0.5147058823529411 0.5433852140077822 0.09803921568627451 0.15836575875486383
3 0.6029411764705882 0.5284046692607004 0.09803921568627451 0.13229571984435798
4 0.7514705882352941 0.5918287937743191 0.10098039215686275 0.10894941634241245
4 0.6225490196078431 0.43365758754863815 0.10784313725490197 0.11945525291828794
4 0.5276960784313726 0.4350194552529183 0.09166666666666666 0.12217898832684826
4 0.4377450980392157 0.4466926070038911 0.10098039215686275 0.1245136186770428
4 0.3642156862745098 0.4791828793774319 0.08529411764705883 0.11167315175097277
6 0.8348039215686275 0.5064202334630351 0.14411764705882352 0.11945525291828794
6 0.6911764705882353 0.2254863813229572 0.13725490196078433 0.1350194552529183
6 0.5470588235294117 0.19377431906614787 0.11764705882352941 0.11128404669260701
6 0.4279411764705882 0.23268482490272374 0.08823529411764705 0.11673151750972763
6 0.31348039215686274 0.3377431906614786 0.075 0.10894941634241245
5 0.31691176470588234 0.4116731517509728 0.10147058823529412 0.07548638132295721
5 0.4294117647058823 0.3441634241245136 0.09803921568627451 0.07509727626459145
5 0.5389705882352941 0.3157587548638133 0.10147058823529412 0.0906614785992218
5 0.6534313725490196 0.3326848249027238 0.12058823529411765 0.0933852140077821
