0 0.5825980392156863 0.6914396887159534 0.13088235294117648 0.17587548638132297
1 0.4825980392156863 0.7159533073929961 0.09068627450980392 0.1556420233463035
2 0.6769607843137255 0.5496108949416343 0.12745098039215685 0.12645914396887162
3 0.4122549019607843 0.45933852140077824 0.07058823529411765 0.10311284046692608
3 0.4642156862745098 0.4398832684824903 0.06862745098039216 0.10311284046692608
3 0.513235294117647 0.4200389105058366 0.07549019607843137 0.11400778210116733
3 0.5965686274509804 0.41031128404669265 0.09117647058823529 0.1085603112840467
4 0.7149509803921569 0.42743190661478603 0.08676470588235294 0.08521400778210117
4 0.6149509803921569 0.32704280155642024 0.08676470588235294 0.1085603112840467
4 0.5281862745098039 0.3342412451361868 0.07303921568627451 0.10116731517509728
4 0.46078431372549017 0.36031128404669266 0.07058823529411765 0.088715953307393
4 0.3941176470588235 0.3906614785992218 0.07941176470588235 0.088715953307393
6 0.7333333333333333 0.32062256809338524 0.09607843137254901 0.11750972762645916
6 0.6443627450980393 0.1595330739299611 0.08186274509803922 0.08482490272373541
6 0.5475490196078431 0.13326848249027237 0.08431372549019608 0.0906614785992218
6 0.46127450980392154 0.17490272373540858 0.1 0.09766536964980545
6 0.3639705882352941 0.2754863813229572 0.07303921568627451 0.07782101167315175
5 0.36838235294117644 0.3459143968871596 0.08676470588235294 0.06303501945525292
5 0.46078431372549017 0.2616731517509728 0.08431372549019608 0.06498054474708172
5 0.5372549019607843 0.22918287937743193 0.07254901960784313 0.06147859922178989
5 0.629656862745098 0.23735408560311286 0.08872549019607844 0.0669260700389105
