5 0.5441176470588235 0.35369649805447473 0.08627450980392157 0.07315175097276265
5 0.4742647058823529 0.3476653696498055 0.0769607843137255 0.07042801556420233
5 0.4090686274509804 0.37237354085603114 0.07107843137254902 0.08249027237354087
5 0.3348039215686274 0.4324902723735409 0.07745098039215687 0.05642023346303502
6 0.33627450980392154 0.3618677042801557 0.07450980392156863 0.08015564202334631
6 0.4105392156862745 0.2898832684824903 0.06813725490196078 0.08715953307392997
6 0.46691176470588236 0.2614785992217899 0.056372549019607844 0.08715953307392997
6 0.5411764705882353 0.28171206225680934 0.06274509803921569 0.08482490272373541
6 0.6377450980392156 0.4348249027237354 0.08333333333333333 0.09922178988326849
4 0.5426470588235294 0.42548638132295724 0.07745098039215687 0.08988326848249027
4 0.4713235294117647 0.4313229571984436 0.0769607843137255 0.09688715953307393
4 0.4134803921568627 0.459727626459144 0.056372549019607844 0.09688715953307393
4 0.3541666666666667 0.49027237354085607 0.06813725490196078 0.08249027237354087
4 0.6242647058823529 0.5151750972762646 0.06813725490196078 0.08015564202334631
3 0.538235294117647 0.5044747081712062 0.06862745098039216 0.10622568093385215
3 0.4713235294117647 0.5173151750972763 0.07107843137254902 0.1085603112840467
3 0.4120098039215686 0.5291828793774319 0.059313725490196076 0.09416342412451363
3 0.36299019607843136 0.5527237354085603 0.07401960784313726 0.09922178988326849
2 0.5887254901960784 0.625875486381323 0.12745098039215685 0.09922178988326849
1 0.446078431372549 0.796887159533074 0.09803921568627451 0.14396887159533076
0 0.5264705882352941 0.7719844357976654 0.12156862745098039 0.16498054474708174
