0 0.49436274509803924 0.7229571984435799 0.12696078431372548 0.18832684824902726
1 0.4073529411764706 0.7357976653696499 0.09803921568627451 0.1330739299610895
2 0.5838235294117647 0.595136186770428 0.15098039215686274 0.10077821011673152
3 0.3338235294117647 0.49766536964980546 0.07352941176470588 0.13618677042801558
3 0.396078431372549 0.4669260700389105 0.0696078431372549 0.12996108949416343
3 0.4622549019607843 0.4408560311284047 0.0696078431372549 0.11361867704280157
3 0.5345588235294118 0.45058365758754865 0.06911764705882353 0.11673151750972763
4 0.7034313725490196 0.5317120622568093 0.1264705882352941 0.08754863813229573
4 0.5541666666666667 0.372568093385214 0.08186274509803922 0.08754863813229573
4 0.4644607843137255 0.36770428015564205 0.08186274509803922 0.09727626459143969
4 0.38063725490196076 0.38735408560311285 0.0857843137254902 0.0906614785992218
4 0.31323529411764706 0.42140077821011673 0.07352941176470588 0.08093385214007782
6 0.7769607843137255 0.4408560311284047 0.1264705882352941 0.11361867704280157
6 0.5686274509803921 0.2009727626459144 0.07745098039215687 0.10700389105058367
6 0.446078431372549 0.16206225680933853 0.09411764705882353 0.10700389105058367
6 0.35 0.19124513618677044 0.09803921568627451 0.10700389105058367
6 0.24975490196078431 0.2836575875486382 0.0857843137254902 0.09727626459143969
5 0.2691176470588235 0.3595330739299611 0.10196078431372549 0.0840466926070039
5 0.36446078431372547 0.2964980544747082 0.11029411764705882 0.07159533073929962
5 0.4602941176470588 0.26731517509727626 0.09019607843137255 0.07159533073929962
5 0.5644607843137255 0.2916342412451362 0.09362745098039216 0.08132295719844358
