5 0.5865196078431373 0.3760700389105059 0.0946078431372549 0.07509727626459145
5 0.4647058823529412 0.3815175097276265 0.09803921568627451 0.08054474708171207
5 0.38088235294117645 0.4400778210116732 0.08725490196078431 0.08093385214007782
5 0.3029411764705882 0.5040856031128405 0.08725490196078431 0.07198443579766538
6 0.2740196078431372 0.42996108949416345 0.07647058823529412 0.08326848249027238
6 0.35024509803921566 0.3449416342412452 0.09068627450980392 0.09221789883268483
6 0.4644607843137255 0.2873540856031129 0.10147058823529412 0.1038910505836576
6 0.6078431372549019 0.29299610894941636 0.09803921568627451 0.08638132295719846
6 0.7823529411764706 0.4933852140077821 0.11274509803921569 0.10661478599221791
4 0.5843137254901961 0.4675097276264592 0.09411764705882353 0.0953307392996109
4 0.4970588235294118 0.48326848249027243 0.08725490196078431 0.10350194552529184
4 0.4193627450980392 0.52431906614786 0.10931372549019608 0.10077821011673152
4 0.3536764705882353 0.5712062256809339 0.09068627450980392 0.07782101167315175
4 0.7333333333333333 0.5745136186770429 0.09117647058823529 0.09766536964980545
3 0.5789215686274509 0.5538910505836576 0.09803921568627451 0.11789883268482491
3 0.49730392156862746 0.5712062256809339 0.07990196078431372 0.12373540856031129
3 0.4409313725490196 0.6029182879377433 0.09068627450980392 0.11245136186770428
3 0.38995098039215687 0.6303501945525293 0.09068627450980392 0.10350194552529184
2 0.6571078431372549 0.6908560311284048 0.1377450980392157 0.08677042801556421
1 0.48995098039215684 0.8912451361867705 0.1161764705882353 0.15836575875486383
0 0.5916666666666667 0.8443579766536966 0.14509803921568626 0.17587548638132297
