0 0.5006605019815059 0.9268590998043053 0.17173051519154559 0.1296477495107632
1 0.38837516512549536 0.9175636007827788 0.11889035667107001 0.12475538160469667
2 0.6608322324966975 0.7463307240704501 0.1618229854689564 0.13454011741682975
3 0.5535006605019815 0.5824363992172211 0.11228533685601057 0.1541095890410959
3 0.4425363276089828 0.598091976516634 0.12549537648612946 0.1590019569471624
3 0.3652575957727873 0.6374755381604696 0.09247027741083223 0.14187866927592954
3 0.3035006605019815 0.6981409001956946 0.1155878467635403 0.15655577299412915
4 0.24966974900924702 0.599559686888454 0.11889035667107001 0.10029354207436399
4 0.3404887714663144 0.5347358121330724 0.10898282694848084 0.11741682974559686
4 0.43295904887714665 0.4882583170254403 0.1155878467635403 0.1223091976516634
4 0.5568031704095112 0.4821428571428571 0.12549537648612946 0.1149706457925636
4 0.7476882430647293 0.6076320939334637 0.1453104359313078 0.10763209393346379
6 0.8177014531043593 0.5102739726027397 0.1453104359313078 0.14677103718199608
6 0.5898282694848085 0.2705479452054794 0.11228533685601057 0.12720156555772993
6 0.4263540290620872 0.2411937377690802 0.1155878467635403 0.13209393346379647
6 0.3058124174372523 0.30724070450097846 0.11889035667107001 0.1223091976516634
6 0.17040951122853368 0.43199608610567514 0.11889035667107001 0.1223091976516634
5 0.20343461030383092 0.5347358121330724 0.12549537648612946 0.08806262230919765
5 0.3206737120211361 0.41854207436399216 0.1023778071334214 0.08561643835616438
5 0.43130779392338175 0.37084148727984345 0.11228533685601057 0.09784735812133072
5 0.5974240422721269 0.39114481409001955 0.10898282694848084 0.10029354207436399
