5 0.690224570673712 0.3984833659491194 0.11360634081902246 0.08463796477495107
5 0.5726552179656539 0.36545988258317025 0.12549537648612946 0.09393346379647749
5 0.4362615587846764 0.36839530332681014 0.10501981505944517 0.0958904109589041
5 0.2998678996036988 0.4393346379647749 0.0964332892998679 0.07338551859099804
6 0.28632760898282694 0.3395303326810176 0.09313077939233817 0.11350293542074363
6 0.4471598414795244 0.24706457925636005 0.1083223249669749 0.10665362035225048
6 0.5941215323645971 0.23948140900195694 0.1023778071334214 0.10909980430528375
6 0.7291941875825627 0.29721135029354206 0.1083223249669749 0.10909980430528375
6 0.8748348745046235 0.6306262230919765 0.15918097754293262 0.11350293542074363
4 0.6436591809775429 0.49853228962818 0.10501981505944517 0.12035225048923678
4 0.5297225891677675 0.48140900195694714 0.10171730515191546 0.11350293542074363
4 0.4332892998678996 0.49730919765166337 0.08718626155878467 0.09540117416829745
4 0.32694848084544254 0.5261741682974559 0.08982826948480846 0.10029354207436399
4 0.7592470277410832 0.6986301369863013 0.1261558784676354 0.10665362035225048
3 0.619550858652576 0.6098336594911937 0.09907529722589167 0.1423679060665362
3 0.5069352708058125 0.5853718199608611 0.09577278731836196 0.1423679060665362
3 0.4273447820343461 0.586105675146771 0.07529722589167767 0.1223091976516634
3 0.33751651254953763 0.601761252446184 0.08718626155878467 0.11350293542074363
2 0.6063408190224571 0.7840019569471623 0.18626155878467635 0.11790606653620352
1 0.2608982826948481 0.8842954990215264 0.13210039630118892 0.1267123287671233
0 0.39299867899603697 0.9031311154598826 0.17965653896961692 0.12426614481409001
