5 0.6641347424042272 0.2668786692759295 0.10898282694848084 0.10518590998043052
5 0.7813738441215323 0.3402641878669276 0.09907529722589167 0.08072407045009784
5 0.5535006605019815 0.22896281800391388 0.11889035667107001 0.08806262230919765
5 0.39002642007926025 0.2436399217221135 0.14200792602377807 0.08806262230919765
6 0.22655217965653898 0.3781800391389432 0.15852047556142668 0.16144814090019569
6 0.37681638044914134 0.12133072407045009 0.09577278731836196 0.11252446183953033
6 0.560105680317041 0.09442270058708414 0.09907529722589167 0.1223091976516634
6 0.6806472919418758 0.1433463796477495 0.09577278731836196 0.11741682974559686
6 0.8127476882430648 0.2436399217221135 0.12219286657859973 0.10763209393346379
4 0.7394319682959049 0.4143835616438356 0.10898282694848084 0.13209393346379647
4 0.642668428005284 0.3842954990215264 0.11228533685601057 0.12475538160469667
4 0.5369881109643329 0.36350293542074363 0.11228533685601057 0.1223091976516634
4 0.39993394980184943 0.3610567514677103 0.14200792602377807 0.12720156555772993
4 0.30085865257595773 0.5066046966731897 0.1287978863936592 0.1296477495107632
3 0.41974900924702774 0.4821428571428571 0.12219286657859973 0.17857142857142855
3 0.5412813738441216 0.4840998043052837 0.10898282694848084 0.18835616438356162
3 0.6420079260237781 0.4975538160469667 0.09907529722589167 0.14677103718199608
2 0.7169749009247027 0.5188356164383562 0.0891677675033025 0.1541095890410959
3 0.3916776750330251 0.6533757338551859 0.18494055482166447 0.14432485322896282
0 0.5683619550858653 0.8319471624266145 0.20805812417437253 0.17857142857142855
1 0.7186261558784677 0.8319471624266145 0.15191545574636725 0.1541095890410959
