0 0.5026960784313725 0.7130350194552529 0.15735294117647058 0.11322957198443581
1 0.3799019607843137 0.704863813229572 0.10980392156862745 0.1085603112840467
2 0.6377450980392156 0.5976653696498055 0.13627450980392156 0.08715953307392997
3 0.3762254901960784 0.45739299610894946 0.0769607843137255 0.10622568093385215
3 0.4426470588235294 0.44066147859922183 0.09803921568627451 0.12023346303501946
3 0.5144607843137254 0.4173151750972763 0.07401960784313726 0.12957198443579768
3 0.6080882352941176 0.416147859922179 0.08872549019607844 0.12256809338521402
4 0.75 0.4986381322957199 0.11274509803921569 0.09688715953307393
4 0.3465686274509804 0.39708171206225684 0.08333333333333333 0.09922178988326849
4 0.4299019607843137 0.35000000000000003 0.0892156862745098 0.12723735408560313
4 0.5205882352941177 0.33482490272373544 0.09215686274509804 0.11089494163424125
4 0.6303921568627451 0.3324902723735409 0.09215686274509804 0.12023346303501946
6 0.8463235294117647 0.42548638132295724 0.15735294117647058 0.11556420233463036
6 0.7181372549019608 0.1519455252918288 0.11274509803921569 0.1085603112840467
6 0.5338235294117647 0.1095330739299611 0.09509803921568627 0.1085603112840467
6 0.3718137254901961 0.15544747081712063 0.1338235294117647 0.11556420233463036
6 0.22941176470588234 0.26381322957198444 0.09803921568627451 0.08249027237354087
5 0.28627450980392155 0.3299610894941635 0.10098039215686275 0.07548638132295721
5 0.39705882352941174 0.2568093385214008 0.10686274509803921 0.07782101167315175
5 0.5352941176470588 0.21673151750972763 0.12156862745098039 0.07315175097276265
5 0.6882352941176471 0.24980544747081715 0.10686274509803921 0.06848249027237355
