1 0.39852941176470585 0.7591439688715954 0.10980392156862745 0.13463035019455255
0 0.5090686274509804 0.753307392996109 0.15441176470588236 0.16731517509727628
2 0.6313725490196078 0.5787937743190662 0.16078431372549018 0.12023346303501946
3 0.3049019607843137 0.5068093385214009 0.0892156862745098 0.1342412451361868
3 0.3622549019607843 0.46789883268482496 0.08627450980392157 0.13891050583657588
3 0.43137254901960786 0.43268482490272375 0.10980392156862745 0.13929961089494164
3 0.5308823529411765 0.4206225680933852 0.0892156862745098 0.1463035019455253
4 0.7200980392156863 0.4712062256809339 0.1303921568627451 0.10350194552529184
4 0.2769607843137255 0.4173151750972763 0.09803921568627451 0.12957198443579768
4 0.35245098039215683 0.372568093385214 0.09509803921568627 0.12023346303501946
4 0.4357843137254902 0.33715953307393 0.0892156862745098 0.12490272373540857
4 0.5294117647058824 0.32529182879377433 0.09803921568627451 0.12996108949416343
6 0.7698529411764706 0.37120622568093387 0.1338235294117647 0.13229571984435798
6 0.4877450980392157 0.1095330739299611 0.08627450980392157 0.09922178988326849
6 0.4105392156862745 0.0857976653696498 0.07990196078431372 0.1038910505836576
6 0.34509803921568627 0.1414396887159533 0.08627450980392157 0.11089494163424125
6 0.23823529411764705 0.24396887159533076 0.09215686274509804 0.09883268482490273
5 0.25441176470588234 0.33463035019455256 0.10098039215686275 0.07782101167315175
5 0.3480392156862745 0.26264591439688717 0.09215686274509804 0.07081712062256809
5 0.416421568627451 0.2190661478599222 0.0857843137254902 0.07315175097276265
5 0.5129901960784313 0.21206225680933855 0.0946078431372549 0.08715953307392997
