5 0.5838235294117647 0.2369649805447471 0.10098039215686275 0.07782101167315175
5 0.4776960784313725 0.2369649805447471 0.07892156862745098 0.06926070038910506
5 0.3946078431372549 0.27801556420233464 0.09803921568627451 0.0821011673151751
5 0.32941176470588235 0.35252918287937746 0.08725490196078431 0.058365758754863814
6 0.30220588235294116 0.2889105058365759 0.08186274509803922 0.08677042801556421
6 0.38504901960784316 0.19474708171206226 0.07892156862745098 0.09299610894941635
6 0.4627450980392157 0.13657587548638134 0.08725490196078431 0.0840466926070039
6 0.6002450980392157 0.15933852140077823 0.08480392156862746 0.0906614785992218
6 0.7227941176470588 0.32684824902723736 0.10049019607843138 0.11439688715953308
4 0.5742647058823529 0.33112840466926075 0.08186274509803922 0.09727626459143969
4 0.4872549019607843 0.3418287937743191 0.07647058823529412 0.10155642023346305
4 0.4230392156862745 0.37548638132295725 0.07352941176470588 0.09961089494163425
4 0.3620098039215686 0.4208171206225681 0.08186274509803922 0.0821011673151751
4 0.6875 0.4250972762645915 0.07892156862745098 0.08677042801556421
3 0.38529411764705884 0.49416342412451364 0.07352941176470588 0.11673151750972763
3 0.43161764705882355 0.45214007782101173 0.06813725490196078 0.09727626459143969
3 0.48995098039215684 0.4196498054474708 0.08676470588235294 0.11867704280155643
3 0.5676470588235294 0.4107003891050584 0.09019607843137255 0.11478599221789884
2 0.6384803921568627 0.5408560311284047 0.10637254901960784 0.1058365758754864
1 0.458578431372549 0.7169260700389105 0.10049019607843138 0.12568093385214008
0 0.5553921568627451 0.7083657587548639 0.1303921568627451 0.15136186770428017
