5 0.6272058823529412 0.39863813229571987 0.12107843137254902 0.06498054474708172
5 0.4980392156862745 0.3688715953307393 0.09803921568627451 0.07237354085603113
5 0.38872549019607844 0.38832684824902725 0.08823529411764705 0.07003891050583658
5 0.29387254901960785 0.4642023346303502 0.07205882352941176 0.056809338521400785
6 0.2629901960784314 0.4013618677042802 0.09166666666666666 0.07509727626459145
6 0.37401960784313726 0.29766536964980544 0.08529411764705883 0.08560311284046693
6 0.504656862745098 0.27801556420233464 0.09166666666666666 0.08287937743190663
6 0.6470588235294118 0.3182879377431907 0.08823529411764705 0.07548638132295721
6 0.8102941176470588 0.5821011673151751 0.153921568627451 0.10116731517509728
4 0.3348039215686274 0.5167315175097277 0.0784313725490196 0.08793774319066149
4 0.41323529411764703 0.4778210116731518 0.08529411764705883 0.0933852140077821
4 0.4997549019607843 0.4649805447470817 0.075 0.0933852140077821
4 0.6009803921568627 0.48171206225680935 0.08823529411764705 0.08560311284046693
4 0.6958333333333333 0.6309338521400779 0.0946078431372549 0.07276264591439689
3 0.3575980392156863 0.5750972762645915 0.07205882352941176 0.11128404669260701
3 0.421078431372549 0.546887159533074 0.06764705882352941 0.08988326848249027
3 0.4982843137254902 0.5385214007782102 0.0642156862745098 0.10038910505836576
3 0.5823529411764706 0.5505836575875487 0.07352941176470588 0.09105058365758756
2 0.5786764705882352 0.6928015564202336 0.12794117647058822 0.08677042801556421
1 0.33725490196078434 0.7735408560311284 0.07745098039215687 0.10038910505836576
0 0.4279411764705882 0.7922178988326849 0.1284313725490196 0.11206225680933853
