0 0.4346103038309115 0.7252935420743639 0.14002642007926025 0.13062622309197652
1 0.3319022457067371 0.7397260273972602 0.09709379128137384 0.11154598825831702
2 0.5617569352708058 0.5792563600782779 0.16842800528401586 0.10078277886497064
3 0.26816380449141347 0.5122309197651663 0.07529722589167767 0.11448140900195694
3 0.3368560105680317 0.47627201565557725 0.071334214002642 0.09637964774951076
3 0.41215323645970936 0.461839530332681 0.071334214002642 0.09784735812133072
3 0.5016512549537648 0.46257338551859095 0.07463672391017173 0.10812133072407044
4 0.6337516512549538 0.4948630136986301 0.08388375165125496 0.07974559686888454
4 0.2536327608982827 0.43395303326810175 0.07926023778071334 0.07827788649706457
4 0.3358652575957728 0.4009295499021526 0.0891677675033025 0.08463796477495107
4 0.42140026420079263 0.38600782778864967 0.07661822985468957 0.08708414872798434
4 0.510898282694848 0.3842954990215264 0.08124174372523117 0.087573385518591
6 0.6925363276089829 0.4146281800391389 0.10766182298546896 0.09931506849315068
6 0.5036327608982827 0.2208904109589041 0.07067371202113606 0.08268101761252446
6 0.43163804491413477 0.19471624266144813 0.08124174372523117 0.09295499021526418
6 0.35634081902245707 0.22700587084148727 0.07331571994715984 0.08610567514677103
6 0.2476882430647292 0.29843444227005866 0.08718626155878467 0.07827788649706457
5 0.2476882430647292 0.3715753424657534 0.083223249669749 0.055283757338551856
5 0.33982826948480843 0.3150684931506849 0.08124174372523117 0.050880626223091974
5 0.4296565389696169 0.29500978473581213 0.0772787318361955 0.06164383561643835
5 0.5188243064729194 0.3060176125244618 0.08520475561426684 0.06604696673189824
