5 0.6680977542932629 0.2920743639921722 0.13011889035667107 0.08317025440313111
5 0.49570673712021135 0.2573385518590998 0.11690885072655217 0.08708414872798434
5 0.3305812417437252 0.2893835616438356 0.12483487450462351 0.07778864970645792
5 0.202113606340819 0.3833170254403131 0.09247027741083223 0.06702544031311154
6 0.12648612945838839 0.30993150684931503 0.10766182298546896 0.09442270058708414
6 0.2790620871862616 0.1788160469667319 0.10501981505944517 0.10322896281800391
6 0.49207397622192867 0.13258317025440314 0.095112285336856 0.11252446183953033
6 0.7070673712021136 0.18860078277886497 0.13936591809775428 0.1012720156555773
6 0.8163804491413474 0.45058708414872795 0.14663143989431968 0.12524461839530332
4 0.26023778071334214 0.4466731898238747 0.11756935270805813 0.12524461839530332
4 0.36723910171730517 0.3970156555772994 0.10568031704095113 0.11203522504892367
4 0.4861294583883752 0.37426614481409 0.0977542932628798 0.11056751467710371
4 0.6142668428005285 0.3835616438356164 0.1096433289299868 0.11056751467710371
4 0.75 0.5533268101761252 0.13672391017173052 0.11056751467710371
3 0.31472919418758255 0.5229941291585127 0.10766182298546896 0.11448140900195694
3 0.39299867899603697 0.49217221135029354 0.083223249669749 0.1360078277886497
3 0.4798546895640687 0.47480430528375733 0.10501981505944517 0.13062622309197652
3 0.5815719947159842 0.473825831702544 0.10766182298546896 0.1286692759295499
2 0.6291281373844122 0.6607142857142857 0.15389696169088507 0.11399217221135029
1 0.3536988110964333 0.812866927592955 0.12747688243064728 0.15802348336594912
0 0.4785336856010568 0.8101761252446184 0.17107001321003965 0.16634050880626222
