0 0.4907529722589168 0.8708414872798433 0.190224570673712 0.1643835616438356
1 0.35402906208718626 0.8767123287671232 0.11889035667107001 0.11937377690802348
2 0.6638044914134742 0.7057240704500978 0.17040951122853368 0.1159491193737769
3 0.3180317040951123 0.5998043052837573 0.10501981505944517 0.1360078277886497
3 0.3976221928665786 0.5533268101761252 0.09379128137384413 0.11937377690802348
3 0.4801849405548217 0.5303326810176126 0.10171730515191546 0.14677103718199608
3 0.5901585204755614 0.5318003913894325 0.10766182298546896 0.15949119373776907
4 0.7919418758256275 0.5817025440313112 0.1453104359313078 0.09784735812133072
4 0.2843461030383091 0.5117416829745597 0.1142668428005284 0.10273972602739725
4 0.3797886393659181 0.46281800391389427 0.10303830911492734 0.10469667318982387
4 0.48051519154557465 0.43052837573385516 0.10766182298546896 0.10273972602739725
4 0.5980845442536328 0.4246575342465753 0.10501981505944517 0.10763209393346379
6 0.8890356671070013 0.4843444227005871 0.154557463672391 0.12426614481409001
6 0.6562087186261559 0.2018101761252446 0.1142668428005284 0.10616438356164383
6 0.5006605019815059 0.16022504892367906 0.11624834874504623 0.11301369863013698
6 0.33619550858652575 0.22162426614481406 0.12285336856010567 0.10273972602739725
6 0.1750330250990753 0.336839530332681 0.11889035667107001 0.10812133072407044
5 0.22523117569352707 0.4271037181996086 0.12549537648612946 0.06947162426614481
5 0.3474240422721268 0.3319471624266145 0.12285336856010567 0.06800391389432485
5 0.4940554821664465 0.2930528375733855 0.13474240422721268 0.07632093933463796
5 0.6261558784676354 0.30528375733855184 0.11228533685601057 0.0812133072407045
