5 0.6100490196078431 0.29319066147859923 0.12794117647058822 0.07587548638132297
5 0.4843137254901961 0.2821011673151751 0.09803921568627451 0.07392996108949416
5 0.37745098039215685 0.3200389105058366 0.11078431372549019 0.05797665369649806
5 0.26862745098039215 0.3937743190661479 0.08529411764705883 0.06770428015564203
6 0.24926470588235294 0.3060311284046693 0.09068627450980392 0.09377431906614786
6 0.3573529411764706 0.2103112840466926 0.10098039215686275 0.10155642023346305
6 0.4843137254901961 0.17529182879377433 0.10784313725490197 0.1038910505836576
6 0.6352941176470588 0.19941634241245138 0.09313725490196079 0.1038910505836576
6 0.7659313725490196 0.4029182879377432 0.11323529411764706 0.11556420233463036
4 0.7093137254901961 0.5136186770428016 0.1411764705882353 0.1019455252918288
4 0.5811274509803922 0.38190661478599225 0.10049019607843138 0.11400778210116733
4 0.4730392156862745 0.3889105058365759 0.10588235294117647 0.11945525291828794
4 0.3813725490196078 0.4188715953307393 0.10294117647058823 0.10778210116731518
4 0.30073529411764705 0.46575875486381324 0.07794117647058824 0.1019455252918288
3 0.3208333333333333 0.5535019455252919 0.08284313725490196 0.1217898832684825
3 0.3911764705882353 0.5105058365758756 0.09313725490196079 0.1276264591439689
3 0.4629901960784314 0.48482490272373546 0.09068627450980392 0.1377431906614786
3 0.5659313725490196 0.4756809338521401 0.09558823529411764 0.13346303501945525
2 0.6220588235294118 0.6233463035019455 0.13823529411764707 0.11361867704280157
1 0.3698529411764706 0.7939688715953308 0.10049019607843138 0.143579766536965
0 0.4806372549019608 0.8019455252918288 0.17107843137254902 0.1595330739299611
