0 0.4531862745098039 0.8715953307392996 0.14950980392156862 0.11906614785992219
1 0.3443627450980392 0.8573929961089495 0.09558823529411764 0.12957198443579768
2 0.6058823529411764 0.7330739299610896 0.16078431372549018 0.11906614785992219
3 0.35637254901960785 0.6272373540856031 0.08725490196078431 0.12295719844357977
3 0.4218137254901961 0.5947470817120623 0.07107843137254902 0.11011673151750974
3 0.4938725490196078 0.58715953307393 0.07892156862745098 0.10817120622568094
3 0.5730392156862745 0.5861867704280156 0.09019607843137255 0.10622568093385215
4 0.6845588235294118 0.6336575875486382 0.08970588235294118 0.07587548638132297
4 0.33897058823529413 0.548443579766537 0.07892156862745098 0.0821011673151751
4 0.4151960784313725 0.5171206225680934 0.08431372549019608 0.088715953307393
4 0.5022058823529412 0.5017509727626459 0.08970588235294118 0.10155642023346305
4 0.5894607843137255 0.5105058365758756 0.08970588235294118 0.09727626459143969
6 0.7215686274509804 0.5311284046692607 0.1196078431372549 0.133852140077821
6 0.6208333333333333 0.34299610894941635 0.09264705882352942 0.0953307392996109
6 0.5159313725490196 0.3105058365758755 0.08970588235294118 0.10817120622568094
6 0.4178921568627451 0.34299610894941635 0.08970588235294118 0.1038910505836576
6 0.3142156862745098 0.4198443579766537 0.09509803921568627 0.1058365758754864
5 0.31299019607843137 0.4953307392996109 0.09264705882352942 0.058365758754863814
5 0.4068627450980392 0.4392996108949417 0.09509803921568627 0.0669260700389105
5 0.5075980392156862 0.40447470817120623 0.09558823529411764 0.07120622568093386
5 0.6247549019607843 0.42626459143968876 0.11127450980392156 0.07976653696498055
