5 0.5802509907529723 0.3899217221135029 0.10501981505944517 0.08708414872798434
5 0.46268163804491413 0.3725538160469667 0.10501981505944517 0.07387475538160469
5 0.3391677675033025 0.4160958904109589 0.1023778071334214 0.06702544031311154
5 0.23877146631439894 0.49217221135029354 0.09841479524438573 0.07045009784735812
6 0.19220607661822986 0.40973581213307236 0.10303830911492734 0.09050880626223091
6 0.32562747688243066 0.31555772994129155 0.10568031704095113 0.09393346379647749
6 0.4514531043593131 0.26149706457925637 0.12747688243064728 0.10322896281800391
6 0.5934610303830912 0.30552837573385516 0.10766182298546896 0.08561643835616438
6 0.8137384412153237 0.5266634050880626 0.13738441215323646 0.12475538160469667
4 0.5739762219286658 0.4794520547945205 0.08850726552179657 0.10665362035225048
4 0.47688243064729197 0.4757827788649706 0.10039630118890357 0.11790606653620352
4 0.3781373844121532 0.5139432485322896 0.08784676354029063 0.09931506849315068
4 0.29128137384412156 0.559931506849315 0.095112285336856 0.07974559686888454
4 0.726882430647292 0.613747553816047 0.11690885072655217 0.07583170254403131
3 0.32562747688243066 0.6289138943248532 0.08586525759577279 0.10518590998043052
3 0.3966314398943197 0.6046966731898238 0.08520475561426684 0.11056751467710371
3 0.46499339498018494 0.5802348336594911 0.08586525759577279 0.1232876712328767
3 0.5518494055482166 0.5775440313111546 0.09313077939233817 0.1286692759295499
2 0.6063408190224571 0.712573385518591 0.16380449141347425 0.10322896281800391
1 0.35997357992073975 0.8681506849315068 0.11492734478203434 0.1159491193737769
0 0.47919418758256277 0.8688845401174168 0.1644649933949802 0.1360078277886497
