5 0.5321078431372549 0.2472762645914397 0.11813725490196078 0.08365758754863814
5 0.40490196078431373 0.2453307392996109 0.11568627450980393 0.07976653696498055
5 0.28946078431372546 0.30097276264591444 0.11519607843137254 0.07587548638132297
5 0.21911764705882353 0.3879377431906615 0.10098039215686275 0.06614785992217899
6 0.18259803921568626 0.30797665369649807 0.08284313725490196 0.08988326848249027
6 0.2681372549019608 0.19844357976653698 0.09313725490196079 0.1058365758754864
6 0.40759803921568627 0.13657587548638134 0.10049019607843138 0.1019455252918288
6 0.5446078431372549 0.16245136186770429 0.10294117647058823 0.08599221789883268
6 0.6840686274509804 0.3550583657587549 0.11029411764705882 0.10778210116731518
4 0.5159313725490196 0.3459143968871596 0.10049019607843138 0.10972762645914398
4 0.4151960784313725 0.3511673151750973 0.10098039215686275 0.10778210116731518
4 0.33897058823529413 0.39688715953307396 0.10049019607843138 0.1019455252918288
4 0.27450980392156865 0.44961089494163425 0.11568627450980393 0.09377431906614786
3 0.3044117647058823 0.5165369649805448 0.07549019607843137 0.1038910505836576
3 0.3536764705882353 0.475875486381323 0.07303921568627451 0.10972762645914398
3 0.416421568627451 0.43793774319066153 0.08284313725490196 0.1217898832684825
3 0.5056372549019608 0.43190661478599224 0.07009803921568628 0.1377431906614786
4 0.6495098039215687 0.45661478599221794 0.09803921568627451 0.11167315175097277
2 0.5857843137254902 0.592023346303502 0.1264705882352941 0.1171206225680934
0 0.5024509803921569 0.7620622568093386 0.15098039215686274 0.18949416342412453
1 0.40637254901960784 0.8140077821011674 0.11274509803921569 0.17976653696498054
