0 0.4438725490196078 0.7463035019455253 0.15441176470588236 0.15330739299610896
1 0.34215686274509804 0.76147859922179 0.09803921568627451 0.13463035019455255
2 0.5389705882352941 0.600194552529183 0.14852941176470588 0.11089494163424125
3 0.4759803921568627 0.4490272373540856 0.09215686274509804 0.13229571984435798
3 0.38676470588235295 0.459727626459144 0.08039215686274509 0.1342412451361868
3 0.3154411764705882 0.4795719844357977 0.0857843137254902 0.12256809338521402
3 0.25588235294117645 0.5079766536964981 0.07450980392156863 0.1038910505836576
4 0.6147058823529412 0.4916342412451362 0.10392156862745097 0.10155642023346305
4 0.48480392156862745 0.3628404669260701 0.09215686274509804 0.10622568093385215
4 0.38088235294117645 0.37237354085603114 0.08627450980392157 0.10116731517509728
4 0.30049019607843136 0.3982490272373541 0.09215686274509804 0.11089494163424125
4 0.22475490196078432 0.44435797665369653 0.08284313725490196 0.08949416342412451
6 0.6882352941176471 0.3994163424124514 0.1303921568627451 0.11322957198443581
6 0.5098039215686274 0.18249027237354087 0.10098039215686275 0.08949416342412451
6 0.3764705882352941 0.16245136186770429 0.11274509803921569 0.09688715953307393
6 0.23970588235294119 0.20136186770428016 0.11274509803921569 0.11322957198443581
6 0.12990196078431374 0.30525291828793777 0.10098039215686275 0.1038910505836576
5 0.1801470588235294 0.39260700389105063 0.125 0.08482490272373541
5 0.27377450980392154 0.30622568093385216 0.1161764705882353 0.08249027237354087
5 0.3779411764705882 0.2745136186770428 0.10392156862745097 0.08988326848249027
5 0.49950980392156863 0.2747081712062257 0.10392156862745097 0.07548638132295721
