5 0.5674019607843137 0.29124513618677045 0.11715686274509804 0.0821011673151751
5 0.44656862745098036 0.27704280155642025 0.09803921568627451 0.08015564202334631
5 0.3375 0.31070038910505837 0.1142156862745098 0.0821011673151751
5 0.22720588235294117 0.3894941634241245 0.09558823529411764 0.07159533073929962
6 0.1769607843137255 0.31381322957198443 0.10882352941176471 0.08832684824902724
6 0.3237745098039216 0.21108949416342415 0.1142156862745098 0.1038910505836576
6 0.4340686274509804 0.17120622568093385 0.11715686274509804 0.09727626459143969
6 0.5825980392156863 0.20252918287937743 0.12009803921568628 0.0953307392996109
6 0.8139705882352941 0.4749027237354086 0.16323529411764706 0.12101167315175099
4 0.278921568627451 0.4509727626459144 0.10588235294117647 0.09494163424124515
4 0.3715686274509804 0.4003891050583658 0.09019607843137255 0.1058365758754864
4 0.4519607843137255 0.3852140077821012 0.09803921568627451 0.09727626459143969
4 0.5524509803921569 0.38190661478599225 0.09803921568627451 0.0953307392996109
4 0.717156862745098 0.5488326848249028 0.10882352941176471 0.10155642023346305
3 0.3088235294117647 0.5202334630350195 0.09509803921568627 0.12140077821011674
3 0.379656862745098 0.48249027237354086 0.07892156862745098 0.11439688715953308
3 0.4504901960784314 0.469455252918288 0.07941176470588235 0.12334630350194553
3 0.5350490196078431 0.4608949416342413 0.08970588235294118 0.12334630350194553
2 0.6098039215686274 0.6108949416342413 0.16862745098039217 0.10817120622568094
1 0.33897058823529413 0.7671206225680934 0.1142156862745098 0.1879377431906615
0 0.4531862745098039 0.7601167315175098 0.1602941176470588 0.16848249027237355
