0 0.5362745098039216 0.8877431906614787 0.17450980392156862 0.15136186770428017
1 0.4245098039215686 0.8931906614785993 0.1196078431372549 0.1404669260700389
2 0.6531862745098039 0.7595330739299612 0.1661764705882353 0.12529182879377432
3 0.3428921568627451 0.6661478599221791 0.09264705882352942 0.13618677042801558
3 0.4053921568627451 0.6322957198443581 0.09215686274509804 0.14708171206225681
3 0.478921568627451 0.6068093385214008 0.09803921568627451 0.14280155642023348
3 0.5593137254901961 0.5894941634241245 0.08431372549019608 0.13852140077821012
4 0.7583333333333333 0.651556420233463 0.12549019607843137 0.0953307392996109
6 0.8713235294117647 0.5785992217898833 0.17401960784313725 0.12529182879377432
6 0.5497549019607844 0.29221789883268484 0.1034313725490196 0.1058365758754864
6 0.4056372549019608 0.2739299610894942 0.1034313725490196 0.10817120622568094
6 0.34019607843137256 0.31595330739299615 0.10882352941176471 0.11439688715953308
6 0.20955882352941177 0.4239299610894942 0.1142156862745098 0.09299610894941635
5 0.27352941176470585 0.51147859922179 0.10098039215686275 0.0821011673151751
5 0.36470588235294116 0.43268482490272375 0.09803921568627451 0.0840466926070039
5 0.4411764705882353 0.40447470817120623 0.09803921568627451 0.08443579766536966
5 0.5634803921568627 0.4046692607003891 0.1142156862745098 0.09727626459143969
4 0.3142156862745098 0.5797665369649806 0.10098039215686275 0.11906614785992219
4 0.3948529411764706 0.528988326848249 0.09264705882352942 0.12101167315175099
4 0.46568627450980393 0.5031128404669261 0.09803921568627451 0.11673151750972763
4 0.5526960784313726 0.48579766536964986 0.1034313725490196 0.12101167315175099
