0 0.4409313725490196 0.745136186770428 0.14558823529411766 0.1330739299610895
1 0.3316176470588235 0.7392996108949417 0.11127450980392156 0.13618677042801558
2 0.5806372549019608 0.6262645914396887 0.13970588235294118 0.08521400778210117
4 0.7031862745098039 0.5334630350194552 0.13970588235294118 0.07782101167315175
4 0.6019607843137255 0.3747081712062257 0.09803921568627451 0.11673151750972763
4 0.49950980392156863 0.36050583657587554 0.09215686274509804 0.1
4 0.4088235294117647 0.36867704280155644 0.09215686274509804 0.11400778210116733
4 0.3306372549019608 0.4054474708171206 0.075 0.09105058365758756
3 0.3475490196078431 0.4846303501945526 0.07549019607843137 0.10933852140077822
3 0.42034313725490197 0.45914396887159536 0.08088235294117647 0.11828793774319067
3 0.4909313725490196 0.4464980544747082 0.07205882352941176 0.10778210116731518
3 0.5852941176470589 0.46284046692607006 0.07941176470588235 0.10778210116731518
6 0.7926470588235294 0.4653696498054475 0.14313725490196078 0.09727626459143969
6 0.6919117647058823 0.20038910505836577 0.08480392156862746 0.09416342412451363
6 0.5372549019607843 0.14124513618677043 0.11862745098039215 0.10505836575875487
6 0.3720588235294118 0.1690661478599222 0.10588235294117647 0.10622568093385215
6 0.2514705882352941 0.26011673151750975 0.08627450980392157 0.09143968871595332
5 0.28823529411764703 0.34396887159533074 0.09215686274509804 0.058365758754863814
5 0.3928921568627451 0.2721789883268483 0.1053921568627451 0.06731517509727628
5 0.5200980392156863 0.25350194552529187 0.11862745098039215 0.07509727626459145
5 0.6475490196078432 0.2842412451361868 0.10196078431372549 0.08521400778210117
