5 0.5875 0.2587548638132296 0.10049019607843138 0.07159533073929962
5 0.45269607843137255 0.24649805447470818 0.10833333333333334 0.06653696498054475
5 0.33406862745098037 0.2953307392996109 0.11225490196078432 0.07626459143968872
5 0.2392156862745098 0.37626459143968877 0.09411764705882353 0.05992217898832685
6 0.17401960784313725 0.3140077821011673 0.10196078431372549 0.07782101167315175
6 0.31470588235294117 0.1916342412451362 0.09411764705882353 0.10544747081712064
6 0.44754901960784316 0.15097276264591442 0.09411764705882353 0.09260700389105059
6 0.6090686274509803 0.1729571984435798 0.11029411764705882 0.08754863813229573
6 0.8274509803921568 0.43968871595330744 0.1303921568627451 0.09883268482490273
4 0.2933823529411765 0.42976653696498057 0.10441176470588236 0.08910505836575876
4 0.37401960784313726 0.3787937743190662 0.09411764705882353 0.1038910505836576
4 0.453921568627451 0.3560311284046693 0.09803921568627451 0.09416342412451363
4 0.553921568627451 0.3496108949416343 0.10196078431372549 0.09377431906614786
4 0.7183823529411765 0.5036964980544747 0.13284313725490196 0.0906614785992218
3 0.3323529411764706 0.49785992217898833 0.07549019607843137 0.1217898832684825
3 0.3862745098039216 0.4663424124513619 0.06568627450980392 0.12645914396887162
3 0.45465686274509803 0.43463035019455254 0.09166666666666666 0.12140077821011674
3 0.5365196078431372 0.4200389105058366 0.0838235294117647 0.10544747081712064
2 0.6026960784313725 0.6000000000000001 0.13872549019607844 0.11206225680933853
1 0.37107843137254903 0.7313229571984436 0.1 0.14747081712062257
0 0.47352941176470587 0.7381322957198444 0.14313725490196078 0.1813229571984436
