0 0.44352708058124174 0.7820450097847358 0.15389696169088507 0.1423679060665362
1 0.3266182298546896 0.7852250489236791 0.09577278731836196 0.15949119373776907
2 0.6079920739762219 0.636986301369863 0.15653896961690886 0.10078277886497064
3 0.5700132100396301 0.5019569471624266 0.10700132100396301 0.11937377690802348
3 0.4669749009247028 0.48703522504892366 0.08982826948480846 0.12279843444227005
3 0.38771466314398945 0.5051369863013698 0.0964332892998679 0.11301369863013698
3 0.3058124174372523 0.5310665362035225 0.0845442536327609 0.11105675146771037
6 0.7793923381770146 0.44863013698630133 0.13606340819022458 0.11937377690802348
4 0.7212681638044914 0.5516144814090019 0.13210039630118892 0.08953033268101761
4 0.5700132100396301 0.40410958904109584 0.11228533685601057 0.12622309197651663
4 0.46136063408190225 0.3979941291585127 0.10501981505944517 0.11105675146771037
4 0.37846763540290623 0.42221135029354206 0.08718626155878467 0.1095890410958904
4 0.29458388375165123 0.4620841487279843 0.10700132100396301 0.09637964774951076
5 0.27807133421400265 0.38649706457925637 0.0964332892998679 0.06164383561643835
5 0.37087186261558786 0.32607632093933464 0.09445178335535007 0.05626223091976516
5 0.4692866578599736 0.3021037181996086 0.09841479524438573 0.074853228962818
5 0.5769484808454426 0.33268101761252444 0.09841479524438573 0.07925636007827788
6 0.5677014531043593 0.22969667318982387 0.09841479524438573 0.10616438356164383
6 0.4669749009247028 0.18419765166340507 0.10303830911492734 0.11105675146771037
6 0.3629458388375165 0.22407045009784735 0.1010568031704095 0.0949119373776908
6 0.2807133421400264 0.312133072407045 0.0845442536327609 0.08610567514677103
