6 0.5967635402906208 0.25440313111545987 0.09709379128137384 0.10371819960861056
6 0.45739762219286656 0.22871819960861056 0.0891677675033025 0.08561643835616438
6 0.36922060766182296 0.2568493150684931 0.08190224570673713 0.09393346379647749
6 0.21070013210039631 0.3451565557729941 0.095112285336856 0.07583170254403131
6 0.7486789960369881 0.47504892367906065 0.1142668428005284 0.09295499021526418
5 0.5904887714663144 0.3405088062622309 0.12417437252311757 0.057729941291585124
5 0.47126816380449144 0.3287671232876712 0.11690885072655217 0.07338551859099804
5 0.3705416116248349 0.3542074363992172 0.09114927344782034 0.07729941291585127
5 0.24702774108322326 0.42049902152641877 0.07793923381770146 0.05821917808219178
4 0.285336856010568 0.4774951076320939 0.08718626155878467 0.0812133072407045
4 0.37549537648612946 0.44936399217221135 0.0891677675033025 0.08561643835616438
4 0.46202113606340817 0.436399217221135 0.08784676354029063 0.08414872798434442
4 0.5607661822985469 0.43419765166340507 0.095112285336856 0.0885518590998043
4 0.6730515191545575 0.5499021526418786 0.11756935270805813 0.07729941291585127
3 0.3243064729194188 0.5491682974559686 0.083223249669749 0.10909980430528375
3 0.38771466314398945 0.5203033268101761 0.06869220607661823 0.09540117416829745
3 0.4630118890356671 0.5154109589041096 0.07397622192866579 0.11301369863013698
3 0.5485468956406869 0.5058708414872798 0.07463672391017173 0.09882583170254403
2 0.5713342140026421 0.6440802348336595 0.1334214002642008 0.08953033268101761
1 0.3299207397622193 0.7842465753424657 0.07992073976221929 0.12720156555772993
0 0.43031704095112283 0.7928082191780822 0.1525759577278732 0.1570450097847358
