0 0.5208058124174373 0.8559197651663405 0.1750330250990753 0.14138943248532287
1 0.4009247027741083 0.8693737769080234 0.11889035667107001 0.11448140900195694
2 0.6578599735799208 0.7135518590998042 0.154557463672391 0.12573385518590996
3 0.6066710700132101 0.5694716242661448 0.12747688243064728 0.15264187866927592
3 0.5036327608982827 0.5660469667318982 0.1010568031704095 0.1360078277886497
3 0.4190885072655218 0.5880626223091976 0.08256274768824307 0.1223091976516634
3 0.34841479524438573 0.6394324853228962 0.1023778071334214 0.12622309197651663
4 0.7602377807133421 0.598091976516634 0.12549537648612946 0.10909980430528375
4 0.6271466314398944 0.46281800391389427 0.12747688243064728 0.12133072407045009
4 0.5095772787318362 0.46868884540117417 0.10766182298546896 0.1223091976516634
4 0.41446499339498016 0.4975538160469667 0.10501981505944517 0.10763209393346379
4 0.3282694848084544 0.559931506849315 0.09379128137384413 0.09931506849315068
6 0.8177014531043593 0.4943737769080235 0.13210039630118892 0.13454011741682975
6 0.6496036988110965 0.28449119373776904 0.11822985468956407 0.1159491193737769
6 0.5151915455746368 0.25391389432485323 0.13210039630118892 0.11154598825831702
6 0.40785997357992076 0.29549902152641877 0.10501981505944517 0.10469667318982387
6 0.2767503302509908 0.4173189823874755 0.09907529722589167 0.0958904109589041
5 0.3048216644649934 0.49706457925636005 0.1142668428005284 0.07632093933463796
5 0.40521796565389695 0.4023972602739726 0.1142668428005284 0.07974559686888454
5 0.5217965653896962 0.3642367906066536 0.1096433289299868 0.07974559686888454
5 0.642998678996037 0.37402152641878667 0.12747688243064728 0.08953033268101761
