5 0.6463011889035667 0.26883561643835613 0.11162483487450463 0.07778864970645792
5 0.46036988110964333 0.2473091976516634 0.11228533685601057 0.07093933463796477
5 0.3497357992073976 0.2830234833659491 0.1142668428005284 0.07974559686888454
5 0.21400264200792601 0.3816046966731898 0.08982826948480846 0.07827788649706457
6 0.14927344782034346 0.3021037181996086 0.09379128137384413 0.09148727984344422
6 0.3114266842800528 0.1727005870841487 0.10501981505944517 0.09784735812133072
6 0.4210700132100396 0.14114481409001955 0.09180977542932629 0.09148727984344422
6 0.6697490092470277 0.16731898238747553 0.12813738441215325 0.09099804305283757
6 0.810105680317041 0.3879647749510763 0.13936591809775428 0.12720156555772993
4 0.29128137384412156 0.43688845401174164 0.10039630118890357 0.09393346379647749
4 0.3781373844121532 0.38258317025440314 0.10766182298546896 0.11252446183953033
4 0.4775429326287979 0.3544520547945205 0.10039630118890357 0.11399217221135029
4 0.5964332892998679 0.3515166340508806 0.095112285336856 0.11986301369863013
3 0.33784676354029064 0.4995107632093933 0.09577278731836196 0.10665362035225048
3 0.3966314398943197 0.47480430528375733 0.08520475561426684 0.1267123287671233
3 0.4785336856010568 0.44887475538160465 0.09841479524438573 0.1286692759295499
3 0.5677014531043593 0.43884540117416826 0.08520475561426684 0.11252446183953033
4 0.7305151915455746 0.4806751467710372 0.10303830911492734 0.09931506849315068
2 0.6479524438573315 0.5897749510763209 0.14398943196829592 0.13258317025440314
1 0.37219286657859973 0.7502446183953033 0.12483487450462351 0.14138943248532287
0 0.49438573315719947 0.7622309197651663 0.16842800528401586 0.16829745596868884
