1 0.3480845442536328 0.857876712328767 0.1215323645970938 0.13551859099804303
0 0.488110964332893 0.863747553816047 0.19154557463672392 0.16389432485322897
2 0.6575297225891678 0.6876223091976517 0.16974900924702774 0.11986301369863013
3 0.6162483487450462 0.5264187866927592 0.11889035667107001 0.15949119373776907
3 0.4917437252311757 0.5117416829745597 0.10766182298546896 0.14774951076320939
3 0.3857331571994716 0.5432974559686888 0.11624834874504623 0.16585127201565558
3 0.29557463672391016 0.5702054794520548 0.09709379128137384 0.12769080234833657
4 0.7579260237780714 0.573385518590998 0.12087186261558784 0.10567514677103718
4 0.6360634081902246 0.42000978473581213 0.11096433289299867 0.1316046966731898
4 0.49339498018494055 0.4156066536203522 0.13210039630118892 0.12573385518590996
4 0.3870541611624835 0.43762230919765166 0.12417437252311757 0.12181996086105674
4 0.2750990752972259 0.486545988258317 0.09973579920739763 0.10420743639921722
6 0.8170409511228534 0.4545009784735812 0.142668428005284 0.13209393346379647
6 0.7040951122853368 0.2189334637964775 0.11096433289299867 0.12377690802348336
6 0.535336856010568 0.16095890410958902 0.10766182298546896 0.11545988258317025
6 0.37912813738441214 0.19691780821917806 0.1083223249669749 0.10812133072407044
6 0.20508586525759578 0.3167808219178082 0.09445178335535007 0.10029354207436399
5 0.24174372523117568 0.40582191780821913 0.11889035667107001 0.07778864970645792
5 0.38177014531043596 0.324853228962818 0.12417437252311757 0.08806262230919765
5 0.5274108322324967 0.2959882583170254 0.13540290620871862 0.10176125244618395
5 0.6770145310435931 0.3268101761252446 0.1215323645970938 0.09980430528375733
