5 0.5285374554102259 0.22550776583034646 0.12366230677764564 0.09259259259259259
5 0.39298454221165274 0.22640382317801672 0.11890606420927466 0.10035842293906809
5 0.30439952437574314 0.3055555555555555 0.1070154577883472 0.1021505376344086
5 0.23275862068965514 0.4348864994026284 0.08977407847800237 0.08243727598566308
6 0.16854934601664684 0.3506571087216248 0.08739595719381688 0.11947431302270012
6 0.26426872770511295 0.18249701314217442 0.10404280618311533 0.14874551971326164
6 0.35998810939357906 0.08751493428912784 0.10642092746730082 0.12962962962962962
6 0.5044589774078477 0.1009557945041816 0.10166468489892984 0.11469534050179211
6 0.8139120095124851 0.3557347670250896 0.13317479191438764 0.15352449223416964
4 0.5481569560047562 0.34348864994026285 0.10939357907253269 0.16845878136200715
4 0.44857312722948867 0.36917562724014336 0.10404280618311533 0.16606929510155316
4 0.3626634958382877 0.42502986857825564 0.11177170035671818 0.14635603345280765
4 0.29964328180737215 0.5092592592592592 0.12128418549346015 0.1140979689366786
4 0.7446492271105826 0.4764038231780167 0.1135552913198573 0.14157706093189965
3 0.5639120095124851 0.47371565113500597 0.09690844233055886 0.17562724014336917
3 0.46700356718192626 0.49342891278375145 0.10166468489892984 0.16606929510155316
3 0.4016052318668252 0.5397252090800477 0.0802615933412604 0.15830346475507764
3 0.3433412604042806 0.5910991636798089 0.09215219976218786 0.1320191158900836
2 0.6706302021403091 0.6412783751493428 0.1403091557669441 0.14157706093189965
1 0.5321046373365041 0.9286140979689366 0.11652794292508917 0.14396654719235363
0 0.6355529131985731 0.8605137395459975 0.17479191438763375 0.2216248506571087
