0 0.5099075297225891 0.8160469667318981 0.17040951122853368 0.10371819960861056
1 0.380449141347424 0.7950097847358121 0.12681638044914134 0.13013698630136986
2 0.6875825627476883 0.7106164383561644 0.17569352708058125 0.11007827788649706
3 0.7007926023778072 0.5474559686888454 0.13210039630118892 0.15362035225048923
3 0.5987450462351387 0.5185909980430528 0.11030383091149273 0.13992172211350293
3 0.5046235138705416 0.5286203522504892 0.09114927344782034 0.13356164383561642
3 0.4157859973579921 0.5543052837573386 0.09973579920739763 0.14774951076320939
4 0.8120871862615588 0.6117906066536203 0.1287978863936592 0.1159491193737769
4 0.7225891677675033 0.4434931506849315 0.12681638044914134 0.11399217221135029
4 0.6096433289299868 0.41854207436399216 0.11624834874504623 0.12377690802348336
4 0.4990092470277411 0.4346868884540117 0.11030383091149273 0.11986301369863013
4 0.40059445178335534 0.47162426614481406 0.1023778071334214 0.1095890410958904
6 0.8883751651254954 0.49339530332681014 0.13474240422721268 0.13356164383561642
6 0.7186261558784677 0.23581213307240703 0.11889035667107001 0.1095890410958904
6 0.5987450462351387 0.19104696673189822 0.10501981505944517 0.11203522504892367
6 0.4801849405548217 0.21599804305283757 0.10568031704095113 0.11007827788649706
6 0.3104359313077939 0.31066536203522505 0.11096433289299867 0.0958904109589041
5 0.3520475561426684 0.3916340508806262 0.11360634081902246 0.06996086105675146
5 0.48282694848084545 0.3297455968688845 0.11624834874504623 0.07436399217221135
5 0.6000660501981506 0.3187377690802348 0.11294583883751651 0.08365949119373776
5 0.7242404227212682 0.34173189823874756 0.12351387054161163 0.08953033268101761
