5 0.5994055482166446 0.28816046966731895 0.11030383091149273 0.08708414872798434
5 0.4425363276089828 0.2749510763209393 0.11096433289299867 0.07142857142857142
5 0.333553500660502 0.34491193737769077 0.1215323645970938 0.09001956947162426
5 0.21763540290620872 0.43737769080234834 0.0891677675033025 0.06360078277886497
6 0.142668428005284 0.36741682974559686 0.11096433289299867 0.08708414872798434
6 0.2942536327608983 0.23385518590998042 0.10766182298546896 0.13209393346379647
6 0.4299867899603699 0.17563600782778865 0.1215323645970938 0.10567514677103718
6 0.6046895640686922 0.18762230919765166 0.09973579920739763 0.10322896281800391
6 0.8064729194187583 0.4241682974559687 0.15323645970937913 0.13209393346379647
4 0.5852047556142669 0.38062622309197647 0.0964332892998679 0.1086105675146771
4 0.46202113606340817 0.3896771037181996 0.08520475561426684 0.11105675146771037
4 0.3764861294583884 0.4307729941291585 0.10700132100396301 0.10322896281800391
4 0.2836856010568032 0.4943737769080235 0.1142668428005284 0.08170254403131115
4 0.7476882430647293 0.5181017612524461 0.10700132100396301 0.08708414872798434
3 0.5835535006605019 0.46771037181996084 0.09313077939233817 0.1350293542074364
3 0.4778731836195509 0.47994129158512716 0.0785997357992074 0.12426614481409001
3 0.404887714663144 0.5048923679060665 0.07793923381770146 0.12426614481409001
3 0.34775429326287977 0.545743639921722 0.12087186261558784 0.12181996086105674
2 0.642338177014531 0.6330724070450098 0.1499339498018494 0.11643835616438356
1 0.3797886393659181 0.783757338551859 0.12813738441215325 0.15851272015655576
0 0.5135402906208719 0.7918297455968688 0.1750330250990753 0.1590019569471624
