0 0.4623513870541612 0.837573385518591 0.18494055482166447 0.17221135029354206
1 0.3249669749009247 0.8365949119373777 0.11096433289299867 0.15264187866927592
2 0.6393659180977543 0.6761252446183953 0.17965653896961692 0.136986301369863
3 0.2800528401585205 0.5633561643835616 0.0964332892998679 0.13258317025440314
3 0.3728533685601057 0.5195694716242661 0.09973579920739763 0.13209393346379647
3 0.4692866578599736 0.4943737769080235 0.09973579920739763 0.1296477495107632
3 0.5835535006605019 0.5034246575342466 0.09973579920739763 0.13209393346379647
4 0.7476882430647293 0.5538160469667319 0.142668428005284 0.09784735812133072
4 0.6086525759577279 0.4055772994129158 0.12483487450462351 0.13992172211350293
4 0.4709379128137384 0.39652641878669276 0.11756935270805813 0.11888454011741682
4 0.36723910171730517 0.42832681017612523 0.11096433289299867 0.11888454011741682
4 0.26585204755614267 0.4809197651663405 0.09973579920739763 0.1086105675146771
6 0.810105680317041 0.46257338551859095 0.15389696169088507 0.1404109589041096
5 0.6585204755614267 0.30381604696673187 0.142668428005284 0.1086105675146771
5 0.4976882430647292 0.27470645792563597 0.1287978863936592 0.08170254403131115
5 0.3299207397622193 0.3211839530332681 0.13540290620871862 0.08463796477495107
5 0.22457067371202113 0.4136497064579256 0.11096433289299867 0.08953033268101761
6 0.16050198150594452 0.3131115459882583 0.11756935270805813 0.11643835616438356
6 0.3084544253632761 0.19960861056751467 0.1215323645970938 0.11643835616438356
6 0.4940554821664465 0.15435420743639922 0.12813738441215325 0.1267123287671233
6 0.6941875825627477 0.21795499021526418 0.12813738441215325 0.11105675146771037
