0 0.4428665785997358 0.8356164383561644 0.1618229854689564 0.13209393346379647
1 0.32397622192866576 0.8270547945205479 0.1023778071334214 0.12475538160469667
2 0.6205416116248349 0.6895792563600782 0.1882430647291942 0.1149706457925636
3 0.5898282694848085 0.535958904109589 0.10568031704095113 0.14921722113502933
3 0.4891017173051519 0.5139432485322896 0.08256274768824307 0.13454011741682975
3 0.404887714663144 0.5273972602739726 0.07926023778071334 0.11741682974559686
3 0.3305812417437252 0.562866927592955 0.06935270805812417 0.14432485322896282
4 0.7351387054161163 0.5824363992172211 0.10568031704095113 0.10029354207436399
4 0.619550858652576 0.43199608610567514 0.09907529722589167 0.1223091976516634
4 0.5023117569352709 0.4209882583170254 0.10898282694848084 0.11007827788649706
4 0.3916776750330251 0.4417808219178082 0.11228533685601057 0.11252446183953033
4 0.28269484808454426 0.48703522504892366 0.11228533685601057 0.09540117416829745
5 0.22820343461030385 0.43321917808219174 0.10898282694848084 0.08072407045009784
5 0.3503963011889036 0.3476027397260274 0.10898282694848084 0.06604696673189824
5 0.5188243064729194 0.3133561643835616 0.1287978863936592 0.08561643835616438
5 0.665785997357992 0.362279843444227 0.09907529722589167 0.08561643835616438
6 0.7103698811096434 0.2534246575342466 0.1155878467635403 0.10763209393346379
6 0.7846763540290621 0.47602739726027393 0.11889035667107001 0.12720156555772993
6 0.5221268163804491 0.1898238747553816 0.12219286657859973 0.11741682974559686
6 0.32562747688243066 0.2363013698630137 0.13870541611624834 0.11252446183953033
6 0.14398943196829592 0.35371819960861056 0.11228533685601057 0.09784735812133072
