5 0.5931307793923382 0.3378180039138943 0.09907529722589167 0.07093933463796477
5 0.4428665785997358 0.32436399217221135 0.12219286657859973 0.08806262230919765
5 0.32397622192866576 0.35861056751467707 0.1023778071334214 0.08806262230919765
5 0.21829590488771466 0.4344422700587084 0.0891677675033025 0.0684931506849315
6 0.18196829590488772 0.3524951076320939 0.1023778071334214 0.10029354207436399
6 0.2876486129458388 0.2473091976516634 0.1155878467635403 0.1149706457925636
6 0.4263540290620872 0.2045009784735812 0.10898282694848084 0.11252446183953033
6 0.6096433289299868 0.23140900195694714 0.11889035667107001 0.11741682974559686
6 0.797886393659181 0.4845890410958904 0.16512549537648613 0.12475538160469667
4 0.2727873183619551 0.5041585127201565 0.08586525759577279 0.09540117416829745
4 0.35535006605019814 0.4601272015655577 0.09907529722589167 0.10518590998043052
4 0.4461690885072655 0.4381115459882583 0.0891677675033025 0.10518590998043052
4 0.558454425363276 0.4381115459882583 0.0891677675033025 0.10029354207436399
4 0.7080581241743725 0.573385518590998 0.09247027741083223 0.09784735812133072
3 0.3074636723910172 0.5763209393346379 0.08256274768824307 0.12720156555772993
3 0.36690885072655216 0.5518590998043053 0.08256274768824307 0.13209393346379647
3 0.4461690885072655 0.5225048923679061 0.08256274768824307 0.11741682974559686
3 0.5435931307793923 0.5286203522504892 0.09247027741083223 0.13943248532289626
2 0.6089828269484808 0.6761252446183953 0.13870541611624834 0.11741682974559686
1 0.3404887714663144 0.8246086105675147 0.12219286657859973 0.14432485322896282
0 0.4610303830911493 0.8282778864970646 0.15191545574636725 0.12720156555772993
