0 0.4200980392156863 0.8459143968871596 0.16568627450980392 0.1595330739299611
1 0.3058823529411765 0.8507782101167316 0.08823529411764705 0.13346303501945525
2 0.571813725490196 0.708171206225681 0.15343137254901962 0.10972762645914398
3 0.5446078431372549 0.5585603112840467 0.08823529411764705 0.16381322957198444
3 0.4573529411764706 0.5486381322957199 0.09019607843137255 0.1556420233463035
3 0.3730392156862745 0.5682879377431908 0.07549019607843137 0.14747081712062257
3 0.3002450980392157 0.5955252918287938 0.08774509803921568 0.1396887159533074
4 0.6676470588235294 0.585603112840467 0.10294117647058823 0.10972762645914398
4 0.5556372549019608 0.45466926070038916 0.09068627450980392 0.11556420233463036
4 0.4642156862745098 0.4408560311284047 0.09803921568627451 0.1198443579766537
4 0.3801470588235294 0.459727626459144 0.09558823529411764 0.1217898832684825
4 0.2946078431372549 0.49766536964980546 0.08529411764705883 0.09805447470817122
6 0.6843137254901961 0.47276264591439693 0.11568627450980393 0.1198443579766537
6 0.5534313725490196 0.2690661478599222 0.08529411764705883 0.1038910505836576
6 0.4767156862745098 0.22918287937743193 0.06813725490196078 0.09961089494163425
6 0.4 0.26011673151750975 0.08529411764705883 0.09377431906614786
6 0.2855392156862745 0.3389105058365759 0.08284313725490196 0.09571984435797666
5 0.28946078431372546 0.4278210116731518 0.09068627450980392 0.06964980544747082
5 0.3862745098039216 0.3628404669260701 0.08333333333333333 0.07587548638132297
5 0.4715686274509804 0.3359922178988327 0.09313725490196079 0.07354085603112841
5 0.5634803921568627 0.36595330739299614 0.10049019607843138 0.08599221789883268
