5 0.6737120211360634 0.2906066536203522 0.12945838837516513 0.09980430528375733
5 0.4798546895640687 0.25048923679060664 0.1499339498018494 0.08708414872798434
5 0.2727873183619551 0.3094422700587084 0.13210039630118892 0.08463796477495107
5 0.16809775429326287 0.41120352250489234 0.11162483487450463 0.08463796477495107
6 0.1046895640686922 0.3216731898238747 0.1142668428005284 0.10029354207436399
6 0.21268163804491413 0.1915362035225049 0.15587846763540292 0.1159491193737769
6 0.49504623513870544 0.11717221135029354 0.14464993394980186 0.11790606653620352
6 0.7305151915455746 0.18052837573385516 0.15323645970937913 0.10665362035225048
6 0.8916776750330251 0.4527886497064579 0.14134742404227213 0.15313111545988256
4 0.46499339498018494 0.37426614481409 0.11756935270805813 0.13992172211350293
4 0.619550858652576 0.3759784735812133 0.13474240422721268 0.15117416829745595
4 0.3404887714663144 0.41511741682974557 0.11162483487450463 0.13551859099804303
4 0.23381770145310435 0.473825831702544 0.1202113606340819 0.11105675146771037
4 0.8011889035667107 0.5555283757338552 0.13210039630118892 0.11105675146771037
3 0.28038309114927346 0.5618884540117417 0.10501981505944517 0.15313111545988256
3 0.35997357992073975 0.521771037181996 0.11360634081902246 0.14921722113502933
3 0.46367239101717306 0.5092954990215264 0.12285336856010567 0.1780821917808219
3 0.5835535006605019 0.5039138943248532 0.10501981505944517 0.17123287671232876
2 0.6571994715984149 0.6749021526418786 0.2192866578599736 0.11790606653620352
1 0.3464332892998679 0.8833170254403131 0.1406869220607662 0.18248532289628178
0 0.4857992073976222 0.8698630136986301 0.20409511228533686 0.2045009784735812
