0 0.6529062087186261 0.760518590998043 0.15653896961690886 0.1296477495107632
1 0.7757595772787318 0.7407045009784735 0.12087186261558784 0.12622309197651663
2 0.46598414795244386 0.6328277886497065 0.1406869220607662 0.09931506849315068
3 0.5161822985468957 0.4777397260273972 0.11162483487450463 0.13747553816046965
3 0.6126155878467635 0.4564579256360078 0.0891677675033025 0.11448140900195694
3 0.7001321003963012 0.47162426614481406 0.07793923381770146 0.11448140900195694
3 0.773117569352708 0.5159001956947162 0.07595772787318363 0.1149706457925636
4 0.3497357992073976 0.5401174168297456 0.1142668428005284 0.08610567514677103
4 0.4917437252311757 0.38087084148727984 0.09841479524438573 0.11301369863013698
4 0.6060105680317041 0.3642367906066536 0.0891677675033025 0.10909980430528375
4 0.7077278731836195 0.375 0.09180977542932629 0.12475538160469667
4 0.7932628797886394 0.42343444227005866 0.083223249669749 0.08953033268101761
6 0.2453764861294584 0.4537671232876712 0.13936591809775428 0.10909980430528375
6 0.46136063408190225 0.18272994129158512 0.1010568031704095 0.11105675146771037
6 0.6013870541611624 0.1386986301369863 0.10766182298546896 0.1159491193737769
6 0.7315059445178336 0.1727005870841487 0.08520475561426684 0.12133072407045009
6 0.8388375165125496 0.2920743639921722 0.08058124174372523 0.10078277886497064
5 0.46598414795244386 0.2854696673189824 0.11822985468956407 0.05821917808219178
5 0.5911492734478203 0.2531800391389432 0.0964332892998679 0.06604696673189824
5 0.7044253632760898 0.27641878669275927 0.09445178335535007 0.07632093933463796
5 0.8352047556142669 0.3625244618395303 0.10501981505944517 0.06947162426614481
