5 0.4772126816380449 0.33292563600782776 0.09973579920739763 0.07191780821917808
5 0.6311096433289299 0.32363013698630133 0.08388375165125496 0.08170254403131115
5 0.7093791281373845 0.3627690802348336 0.083223249669749 0.08365949119373776
5 0.7982166446499339 0.4366438356164383 0.09973579920739763 0.06409001956947162
6 0.8200132100396301 0.35665362035225046 0.09445178335535007 0.09980430528375733
6 0.7242404227212682 0.2646771037181996 0.08652575957727873 0.10371819960861056
6 0.6390356671070013 0.22284735812133072 0.09973579920739763 0.10812133072407044
6 0.46268163804491413 0.24779843444227004 0.11822985468956407 0.10616438356164383
6 0.2820343461030383 0.4554794520547945 0.15059445178335534 0.09784735812133072
4 0.3797886393659181 0.5340019569471623 0.07661822985468957 0.074853228962818
4 0.4976882430647292 0.42661448140900193 0.09709379128137384 0.09197651663405088
4 0.6083223249669749 0.4275929549902152 0.09114927344782034 0.09001956947162426
4 0.6892338177014531 0.4515655577299413 0.08652575957727873 0.09393346379647749
4 0.7648612945838837 0.4855675146771037 0.07001321003963012 0.08561643835616438
3 0.5181638044914135 0.5163894324853229 0.09445178335535007 0.13943248532289626
3 0.6109643328929987 0.5222602739726027 0.07529722589167767 0.12769080234833657
3 0.6776750330250991 0.5379158512720156 0.06472919418758256 0.1159491193737769
3 0.7443857331571995 0.5662915851272016 0.06737120211360634 0.1159491193737769
2 0.46829590488771466 0.6374755381604696 0.12945838837516513 0.09784735812133072
0 0.5894980184940555 0.7849804305283757 0.14597093791281374 0.13356164383561642
1 0.71334214002642 0.7798434442270058 0.11889035667107001 0.09980430528375733
