0 0.5303921568627451 0.8050583657587549 0.1411764705882353 0.1556420233463035
1 0.42598039215686273 0.8324902723735409 0.09509803921568627 0.1490272373540856
2 0.6120098039215687 0.6531128404669261 0.15931372549019607 0.11089494163424125
3 0.5350490196078431 0.5340466926070039 0.09264705882352942 0.15369649805447472
3 0.4531862745098039 0.5321011673151751 0.08970588235294118 0.13190661478599222
3 0.3892156862745098 0.5634241245136187 0.07058823529411765 0.13852140077821012
3 0.33602941176470585 0.5883268482490273 0.07892156862745098 0.11439688715953308
4 0.705392156862745 0.5336575875486381 0.11176470588235293 0.11011673151750974
4 0.5318627450980392 0.42626459143968876 0.11666666666666667 0.11478599221789884
4 0.4340686274509804 0.43696498054474714 0.08970588235294118 0.1105058365758755
4 0.36617647058823527 0.475875486381323 0.08431372549019608 0.1058365758754864
4 0.28431372549019607 0.5212062256809339 0.10588235294117647 0.09299610894941635
6 0.7598039215686274 0.443579766536965 0.14705882352941177 0.11439688715953308
6 0.5061274509803921 0.253307392996109 0.1034313725490196 0.0840466926070039
6 0.3700980392156863 0.243579766536965 0.09803921568627451 0.10350194552529184
6 0.2708333333333333 0.2879377431906615 0.10049019607843138 0.11906614785992219
6 0.16323529411764706 0.4046692607003891 0.09803921568627451 0.08015564202334631
5 0.23529411764705882 0.475875486381323 0.08431372549019608 0.058365758754863814
5 0.3061274509803922 0.3840466926070039 0.09558823529411764 0.07315175097276265
5 0.3948529411764706 0.3494163424124514 0.09264705882352942 0.06459143968871596
5 0.5144607843137254 0.3396887159533074 0.1034313725490196 0.0669260700389105
