5 0.36519607843137253 0.3217898832684825 0.08627450980392157 0.07548638132295721
5 0.478921568627451 0.28404669260700394 0.09803921568627451 0.07081712062256809
5 0.6110294117647058 0.30992217898832686 0.10147058823529412 0.06575875486381323
5 0.25441176470588234 0.38540856031128407 0.09509803921568627 0.06575875486381323
6 0.21740196078431373 0.3229571984435798 0.10441176470588236 0.07315175097276265
6 0.353921568627451 0.22023346303501948 0.10392156862745097 0.08949416342412451
6 0.4877450980392157 0.19085603112840469 0.10392156862745097 0.10155642023346305
6 0.615686274509804 0.23326848249027238 0.09215686274509804 0.08287937743190663
6 0.7745098039215687 0.4643968871595331 0.12450980392156863 0.09688715953307393
4 0.5678921568627451 0.3842412451361868 0.1161764705882353 0.10622568093385215
4 0.47058823529411764 0.38657587548638134 0.0892156862745098 0.09922178988326849
4 0.3911764705882353 0.4124513618677043 0.0892156862745098 0.08249027237354087
4 0.31029411764705883 0.4455252918287938 0.08333333333333333 0.07081712062256809
3 0.3392156862745098 0.5126459143968872 0.08039215686274509 0.1085603112840467
3 0.39558823529411763 0.477431906614786 0.07450980392156863 0.09416342412451363
3 0.46102941176470585 0.46906614785992223 0.07990196078431372 0.11556420233463036
3 0.5455882352941176 0.46906614785992223 0.08333333333333333 0.10155642023346305
4 0.6857843137254902 0.5408560311284047 0.10980392156862745 0.08015564202334631
2 0.5779411764705882 0.6142023346303502 0.16078431372549018 0.11089494163424125
1 0.34362745098039216 0.7344357976653697 0.07156862745098039 0.09922178988326849
0 0.4387254901960784 0.7472762645914397 0.14215686274509803 0.12023346303501946
