0 0.5193627450980393 0.711284046692607 0.1338235294117647 0.13463035019455255
1 0.4198529411764706 0.7165369649805448 0.08480392156862746 0.14513618677042803
2 0.6551470588235294 0.592023346303502 0.13088235294117648 0.09844357976653698
3 0.6009803921568627 0.4531128404669261 0.08823529411764705 0.14280155642023348
3 0.5129901960784313 0.4466926070038911 0.08186274509803922 0.1245136186770428
3 0.4426470588235294 0.45836575875486385 0.07156862745098039 0.12684824902723738
3 0.36911764705882355 0.4947470817120623 0.09509803921568627 0.12723735408560313
4 0.7676470588235293 0.5342412451361868 0.10784313725490197 0.0933852140077821
4 0.6223039215686275 0.3583657587548638 0.08480392156862746 0.10894941634241245
4 0.5080882352941176 0.35330739299610897 0.08480392156862746 0.10350194552529184
4 0.41470588235294115 0.37918287937743195 0.08823529411764705 0.09844357976653698
4 0.32156862745098036 0.4492217898832685 0.09803921568627451 0.08832684824902724
5 0.2563725490196078 0.4038910505836576 0.09117647058823529 0.05992217898832685
5 0.3529411764705882 0.30272373540856035 0.10784313725490197 0.07548638132295721
5 0.5112745098039215 0.261284046692607 0.09117647058823529 0.06498054474708172
5 0.6502450980392157 0.2988326848249028 0.0946078431372549 0.08326848249027238
6 0.6666666666666666 0.20428015564202337 0.08823529411764705 0.10116731517509728
6 0.8757352941176471 0.4778210116731518 0.15343137254901962 0.10350194552529184
6 0.5095588235294117 0.15739299610894944 0.1142156862745098 0.11167315175097277
6 0.32009803921568625 0.2143968871595331 0.12058823529411765 0.13229571984435798
6 0.1730392156862745 0.3494163424124514 0.10098039215686275 0.10116731517509728
