6 0.6486129458388376 0.1881115459882583 0.11360634081902246 0.11790606653620352
6 0.4557463672391017 0.13625244618395302 0.12681638044914134 0.12573385518590996
6 0.26882430647291944 0.21697651663405088 0.14002642007926025 0.11986301369863013
6 0.13243064729194187 0.3297455968688845 0.09445178335535007 0.10176125244618395
5 0.1763540290620872 0.42661448140900193 0.11360634081902246 0.09197651663405088
5 0.29557463672391016 0.33072407045009783 0.1287978863936592 0.08806262230919765
5 0.46268163804491413 0.2636986301369863 0.13540290620871862 0.09784735812133072
5 0.6360634081902246 0.29500978473581213 0.14795244385733158 0.0958904109589041
6 0.8669088507265522 0.48361056751467707 0.1618229854689564 0.16585127201565558
4 0.7688243064729194 0.5892857142857143 0.13210039630118892 0.12181996086105674
4 0.5990752972258917 0.40973581213307236 0.13738441215323646 0.13356164383561642
4 0.45178335535006603 0.40777886497064575 0.12417437252311757 0.12181996086105674
4 0.3414795244385733 0.44740704500978473 0.11360634081902246 0.12573385518590996
4 0.23480845442536327 0.4975538160469667 0.10501981505944517 0.11350293542074363
3 0.2632100396301189 0.5824363992172211 0.09709379128137384 0.13551859099804303
3 0.345112285336856 0.5452544031311154 0.09973579920739763 0.12181996086105674
3 0.45046235138705415 0.5156555772994129 0.1215323645970938 0.149706457925636
3 0.5785997357992074 0.510518590998043 0.1083223249669749 0.1316046966731898
2 0.6420079260237781 0.7000978473581213 0.1809775429326288 0.14774951076320939
1 0.32397622192866576 0.8850293542074363 0.1155878467635403 0.10176125244618395
0 0.4702774108322325 0.8681506849315068 0.21003963011889035 0.12573385518590996
