0 0.5558823529411765 0.8169260700389106 0.15588235294117647 0.1653696498054475
1 0.6747549019607844 0.8031128404669261 0.11323529411764706 0.1276264591439689
2 0.4215686274509804 0.6634241245136188 0.13333333333333333 0.10972762645914398
3 0.4534313725490196 0.5175097276264592 0.09313725490196079 0.14552529182879378
3 0.5389705882352941 0.4996108949416343 0.08284313725490196 0.13151750972762646
3 0.6125 0.5136186770428016 0.06323529411764706 0.1276264591439689
3 0.6769607843137255 0.543579766536965 0.06274509803921569 0.13151750972762646
4 0.317156862745098 0.5494163424124514 0.11568627450980393 0.1058365758754864
4 0.432843137254902 0.41498054474708174 0.09019607843137255 0.11167315175097277
4 0.5220588235294118 0.4 0.10784313725490197 0.10972762645914398
4 0.6144607843137255 0.4058365758754864 0.08284313725490196 0.1276264591439689
4 0.691421568627451 0.4464980544747082 0.08480392156862746 0.12334630350194553
5 0.733578431372549 0.392023346303502 0.10049019607843138 0.07976653696498055
5 0.6151960784313726 0.3200389105058366 0.10294117647058823 0.08988326848249027
5 0.5056372549019608 0.2982490272373541 0.1053921568627451 0.09766536964980545
5 0.40759803921568627 0.3340466926070039 0.12107843137254902 0.0821011673151751
6 0.2642156862745098 0.44883268482490274 0.12549019607843137 0.11945525291828794
6 0.6161764705882353 0.22023346303501948 0.11568627450980393 0.11361867704280157
6 0.754656862745098 0.31108949416342413 0.1053921568627451 0.09143968871595332
6 0.4742647058823529 0.1964980544747082 0.1034313725490196 0.10972762645914398
6 0.3573529411764706 0.24124513618677043 0.10098039215686275 0.11206225680933853
