6 0.6075980392156862 0.13677042801556422 0.0946078431372549 0.1217898832684825
6 0.733578431372549 0.24046692607003892 0.11127450980392156 0.11128404669260701
6 0.48823529411764705 0.0953307392996109 0.11764705882352941 0.11673151750972763
6 0.29068627450980394 0.11459143968871596 0.10098039215686275 0.11400778210116733
6 0.12230392156862745 0.37548638132295725 0.13088235294117648 0.13229571984435798
5 0.31862745098039214 0.23540856031128407 0.13725490196078433 0.08560311284046693
5 0.47058823529411764 0.2105058365758755 0.10784313725490197 0.0933852140077821
5 0.5833333333333334 0.24435797665369652 0.09803921568627451 0.08793774319066149
5 0.6926470588235294 0.3247081712062257 0.10098039215686275 0.08287937743190663
4 0.3365196078431372 0.32217898832684827 0.1142156862745098 0.11906614785992219
4 0.4573529411764706 0.3247081712062257 0.10784313725490197 0.12957198443579768
4 0.5438725490196078 0.3416342412451362 0.09166666666666666 0.13229571984435798
4 0.6419117647058823 0.3922178988326849 0.11127450980392156 0.1245136186770428
4 0.21715686274509804 0.4712062256809339 0.12450980392156863 0.10116731517509728
3 0.3526960784313725 0.4389105058365759 0.0946078431372549 0.17120622568093385
3 0.453921568627451 0.4311284046692607 0.08823529411764705 0.14552529182879378
3 0.5340686274509804 0.4558365758754864 0.09166666666666666 0.1529182879377432
3 0.6142156862745098 0.48949416342412455 0.10098039215686275 0.1688715953307393
2 0.31666666666666665 0.5970817120622568 0.16666666666666666 0.12957198443579768
0 0.4360294117647059 0.7437743190661479 0.16323529411764706 0.15836575875486383
1 0.5519607843137255 0.7463035019455253 0.12745098039215685 0.1377431906614786
