1 0.4264705882352941 0.7735408560311284 0.0784313725490196 0.13463035019455255
0 0.5098039215686274 0.7643968871595331 0.10784313725490197 0.16848249027237355
2 0.5781862745098039 0.596692607003891 0.12107843137254902 0.11945525291828794
3 0.4997549019607843 0.48949416342412455 0.08186274509803922 0.1377431906614786
3 0.4262254901960784 0.4933852140077821 0.06519607843137255 0.13463035019455255
3 0.3674019607843137 0.5128404669260701 0.06519607843137255 0.10116731517509728
3 0.3281862745098039 0.5712062256809339 0.08480392156862746 0.12996108949416343
4 0.6566176470588235 0.5250972762645915 0.0946078431372549 0.0906614785992218
4 0.5014705882352941 0.4 0.08529411764705883 0.0933852140077821
4 0.41495098039215683 0.4105058365758755 0.075 0.0933852140077821
4 0.3348039215686274 0.4544747081712063 0.09117647058823529 0.07782101167315175
4 0.28259803921568627 0.5153696498054475 0.08480392156862746 0.07509727626459145
6 0.7303921568627451 0.4544747081712063 0.11764705882352941 0.08793774319066149
6 0.5291666666666667 0.24299610894941637 0.0946078431372549 0.0906614785992218
6 0.3610294117647059 0.22490272373540857 0.09166666666666666 0.09571984435797666
6 0.20563725490196078 0.30544747081712065 0.10147058823529412 0.08560311284046693
6 0.16323529411764706 0.4116731517509728 0.06862745098039216 0.08015564202334631
5 0.23039215686274508 0.46478599221789885 0.0784313725490196 0.05175097276264592
5 0.2742647058823529 0.3793774319066148 0.08186274509803922 0.07782101167315175
5 0.39705882352941174 0.32217898832684827 0.09803921568627451 0.06770428015564203
5 0.5276960784313726 0.3235408560311284 0.11127450980392156 0.07509727626459145
