5 0.5833333333333334 0.293579766536965 0.13725490196078433 0.08287937743190663
5 0.432843137254902 0.28852140077821015 0.1303921568627451 0.08287937743190663
5 0.3088235294117647 0.3624513618677043 0.09803921568627451 0.09610894941634242
5 0.23504901960784313 0.4675097276264592 0.10147058823529412 0.07276264591439689
6 0.15514705882352942 0.39863813229571987 0.11127450980392156 0.0906614785992218
6 0.2627450980392157 0.2729571984435798 0.11764705882352941 0.09844357976653698
6 0.39681372549019606 0.19766536964980547 0.11127450980392156 0.10894941634241245
6 0.5799019607843137 0.19124513618677044 0.09117647058823529 0.0906614785992218
6 0.7924019607843137 0.42451361867704285 0.13088235294117648 0.11673151750972763
4 0.5879901960784314 0.3752918287937743 0.12107843137254902 0.11167315175097277
4 0.46078431372549017 0.38190661478599225 0.10784313725490197 0.11945525291828794
4 0.38063725490196076 0.4389105058365759 0.10441176470588236 0.11439688715953308
4 0.30539215686274507 0.5023346303501945 0.11764705882352941 0.08560311284046693
3 0.3512254901960784 0.5531128404669261 0.10441176470588236 0.11945525291828794
3 0.41151960784313724 0.5186770428015565 0.09166666666666666 0.14007782101167315
3 0.4786764705882353 0.4778210116731518 0.09166666666666666 0.12996108949416343
3 0.5799019607843137 0.466147859922179 0.09803921568627451 0.13229571984435798
4 0.7465686274509804 0.5262645914396887 0.11470588235294117 0.11400778210116733
2 0.6629901960784313 0.621011673151751 0.15343137254901962 0.11128404669260701
0 0.5700980392156862 0.7663424124513619 0.1696078431372549 0.16848249027237355
1 0.46372549019607845 0.8046692607003891 0.12745098039215685 0.1501945525291829
