0 0.4425363276089828 0.8725538160469667 0.2073976221928666 0.20107632093933464
1 0.3048216644649934 0.8698630136986301 0.1287978863936592 0.16634050880626222
2 0.6264861294583883 0.700587084148728 0.21070013210039631 0.14285714285714285
3 0.5386393659180978 0.533757338551859 0.12483487450462351 0.1771037181996086
3 0.42800528401585203 0.5193248532289628 0.11756935270805813 0.15313111545988256
3 0.3352047556142668 0.5406066536203522 0.0891677675033025 0.14285714285714285
3 0.2533025099075297 0.5883072407045009 0.1036988110964333 0.14823874755381605
4 0.7651915455746368 0.5961350293542074 0.1499339498018494 0.1267123287671233
4 0.547556142668428 0.4136497064579256 0.1215323645970938 0.13258317025440314
4 0.43163804491413477 0.4070450097847358 0.11822985468956407 0.13992172211350293
4 0.3266182298546896 0.43224070450097846 0.1142668428005284 0.13747553816046965
4 0.22985468956406868 0.48361056751467707 0.10039630118890357 0.1296477495107632
6 0.8546895640686922 0.4823874755381604 0.1571994715984148 0.1643835616438356
6 0.5904887714663144 0.17294520547945205 0.13606340819022458 0.13258317025440314
6 0.42800528401585203 0.14408023483365948 0.13210039630118892 0.13747553816046965
6 0.3068031704095112 0.18468688845401174 0.11822985468956407 0.1296477495107632
6 0.1690885072655218 0.30259295499021527 0.1215323645970938 0.13258317025440314
5 0.18361955085865259 0.400440313111546 0.12813738441215325 0.08463796477495107
5 0.3084544253632761 0.30528375733855184 0.1215323645970938 0.0949119373776908
5 0.43163804491413477 0.2734833659491194 0.11822985468956407 0.0949119373776908
5 0.570673712021136 0.2947651663405088 0.13210039630118892 0.09540117416829745
