6 0.6419117647058823 0.2844357976653697 0.08480392156862746 0.08560311284046693
6 0.5210784313725491 0.24319066147859925 0.11078431372549019 0.10116731517509728
6 0.38872549019607844 0.2560311284046693 0.08823529411764705 0.09571984435797666
6 0.23039215686274508 0.35330739299610897 0.0784313725490196 0.07237354085603113
6 0.7367647058823529 0.48307392996108955 0.12450980392156863 0.08832684824902724
5 0.6240196078431373 0.3546692607003891 0.09509803921568627 0.07509727626459145
5 0.5063725490196078 0.31692607003891055 0.08823529411764705 0.06731517509727628
5 0.38872549019607844 0.33385214007782105 0.09509803921568627 0.07548638132295721
5 0.2840686274509804 0.40525291828793775 0.075 0.05719844357976654
4 0.33308823529411763 0.45836575875486385 0.08186274509803922 0.07548638132295721
4 0.40980392156862744 0.4233463035019456 0.0784313725490196 0.07782101167315175
4 0.48848039215686273 0.4116731517509728 0.06519607843137255 0.08015564202334631
4 0.5799019607843137 0.4241245136186771 0.08823529411764705 0.08560311284046693
4 0.6634803921568627 0.542023346303502 0.09166666666666666 0.07237354085603113
3 0.3627450980392157 0.51147859922179 0.06862745098039216 0.1038910505836576
3 0.4230392156862745 0.485603112840467 0.07156862745098039 0.09883268482490273
3 0.483578431372549 0.4805447470817121 0.062254901960784315 0.10894941634241245
3 0.5553921568627451 0.4933852140077821 0.06862745098039216 0.10350194552529184
2 0.575 0.5988326848249028 0.12745098039215685 0.10350194552529184
1 0.3803921568627451 0.7060311284046693 0.09803921568627451 0.12957198443579768
0 0.47696078431372546 0.7009727626459145 0.13431372549019607 0.1350194552529183
