0 0.48455882352941176 0.7536964980544748 0.12009803921568628 0.1556420233463035
1 0.5703431372549019 0.7624513618677043 0.07892156862745098 0.12957198443579768
2 0.39852941176470585 0.6153696498054475 0.12254901960784313 0.1038910505836576
4 0.31691176470588234 0.5223735408560312 0.07892156862745098 0.0821011673151751
4 0.4178921568627451 0.4155642023346304 0.07892156862745098 0.09727626459143969
4 0.495343137254902 0.4089494163424125 0.07598039215686274 0.09727626459143969
4 0.5674019607843137 0.4250972762645915 0.06813725490196078 0.09922178988326849
4 0.6328431372549019 0.4669260700389105 0.07647058823529412 0.088715953307393
3 0.43137254901960786 0.5083657587548639 0.09019607843137255 0.12334630350194553
3 0.5024509803921569 0.49416342412451364 0.07352941176470588 0.10817120622568094
3 0.5607843137254902 0.5105058365758756 0.05980392156862745 0.1105058365758755
3 0.6181372549019608 0.5363813229571985 0.05980392156862745 0.10155642023346305
5 0.6600490196078431 0.4046692607003891 0.06813725490196078 0.0669260700389105
5 0.5661764705882353 0.34396887159533074 0.08137254901960785 0.07548638132295721
5 0.4791666666666667 0.31692607003891055 0.08186274509803922 0.07354085603112841
5 0.3948529411764706 0.3494163424124514 0.09264705882352942 0.09105058365758756
6 0.35784313725490197 0.26206225680933853 0.10588235294117647 0.09299610894941635
6 0.4818627450980392 0.22607003891050587 0.08725490196078431 0.07782101167315175
6 0.592156862745098 0.2737354085603113 0.08431372549019608 0.0821011673151751
6 0.6887254901960784 0.3494163424124514 0.08137254901960785 0.06926070038910506
6 0.2708333333333333 0.44143968871595335 0.10637254901960784 0.12334630350194553
