6 0.7227941176470588 0.43793774319066153 0.11127450980392156 0.11245136186770428
6 0.5825980392156863 0.23929961089494164 0.09264705882352942 0.09961089494163425
6 0.47352941176470587 0.2058365758754864 0.08725490196078431 0.09727626459143969
6 0.37549019607843137 0.24143968871595334 0.07647058823529412 0.1038910505836576
6 0.2872549019607843 0.33210116731517514 0.08431372549019608 0.0906614785992218
5 0.3061274509803922 0.4099221789883269 0.07892156862745098 0.06498054474708172
5 0.3769607843137255 0.332295719844358 0.07941176470588235 0.07782101167315175
5 0.46397058823529413 0.30622568093385216 0.07892156862745098 0.06459143968871596
5 0.5772058823529411 0.31595330739299615 0.09264705882352942 0.08015564202334631
4 0.5634803921568627 0.40252918287937745 0.09264705882352942 0.11011673151750974
4 0.46691176470588236 0.40233463035019457 0.10049019607843138 0.11906614785992219
4 0.396078431372549 0.4250972762645915 0.07352941176470588 0.09922178988326849
4 0.3375 0.469455252918288 0.06519607843137255 0.08832684824902724
4 0.6713235294117647 0.5153696498054475 0.09264705882352942 0.0906614785992218
3 0.5485294117647058 0.4898832684824903 0.09019607843137255 0.11673151750972763
3 0.46544117647058825 0.4889105058365759 0.08676470588235294 0.12334630350194553
3 0.40980392156862744 0.5083657587548639 0.06274509803921569 0.12723735408560313
3 0.35245098039215683 0.5387159533073931 0.06764705882352941 0.11011673151750974
2 0.5919117647058824 0.6212062256809339 0.11715686274509804 0.1038910505836576
0 0.49166666666666664 0.755058365758755 0.1392156862745098 0.11867704280155643
1 0.39044117647058824 0.753307392996109 0.08186274509803922 0.10817120622568094
