1 0.44754901960784316 0.8747081712062258 0.12745098039215685 0.13463035019455255
0 0.5568627450980392 0.8570038910505837 0.15 0.1529182879377432
2 0.6713235294117647 0.701750972762646 0.14362745098039215 0.12723735408560313
3 0.6061274509803921 0.5686770428015565 0.10441176470588236 0.18171206225680936
3 0.524264705882353 0.5570038910505837 0.10441176470588236 0.16848249027237355
3 0.44950980392156864 0.5815175097276265 0.07549019607843137 0.15058365758754866
3 0.38063725490196076 0.6089494163424125 0.08480392156862746 0.13229571984435798
4 0.7710784313725491 0.6036964980544748 0.10784313725490197 0.10622568093385215
4 0.6303921568627451 0.45836575875486385 0.08823529411764705 0.11673151750972763
4 0.5291666666666667 0.4453307392996109 0.10147058823529412 0.12723735408560313
4 0.4345588235294118 0.4805447470817121 0.0946078431372549 0.1245136186770428
4 0.3382352941176471 0.5309338521400778 0.11764705882352941 0.09610894941634242
6 0.8299019607843137 0.5116731517509728 0.12745098039215685 0.1245136186770428
6 0.7301470588235294 0.28579766536964984 0.11127450980392156 0.1350194552529183
6 0.5553921568627451 0.23151750972762647 0.10098039215686275 0.10894941634241245
6 0.3674019607843137 0.2729571984435798 0.12401960784313726 0.11945525291828794
6 0.22205882352941175 0.39883268482490275 0.12058823529411765 0.10116731517509728
5 0.2791666666666667 0.47256809338521405 0.10441176470588236 0.07276264591439689
5 0.38872549019607844 0.3857976653696498 0.12745098039215685 0.08054474708171207
5 0.5389705882352941 0.33638132295719847 0.1142156862745098 0.0906614785992218
5 0.6730392156862745 0.37023346303501947 0.10784313725490197 0.09610894941634242
