5 0.6387054161162483 0.19545009784735812 0.15323645970937913 0.10322896281800391
5 0.48877146631439894 0.18224070450097846 0.12549537648612946 0.11399217221135029
5 0.3404887714663144 0.22040117416829744 0.1499339498018494 0.11105675146771037
5 0.21400264200792601 0.3158023483365949 0.11756935270805813 0.08953033268101761
6 0.14960369881109645 0.2218688845401174 0.12483487450462351 0.11399217221135029
6 0.8299207397622193 0.30895303326810175 0.1644649933949802 0.1560665362035225
6 0.6529062087186261 0.07925636007827788 0.13936591809775428 0.12426614481409001
6 0.4600396301188904 0.05283757338551859 0.13936591809775428 0.13405088062622308
6 0.30878467635402906 0.10151663405088063 0.1499339498018494 0.13747553816046965
4 0.2800528401585205 0.3845401174168297 0.12813738441215325 0.12133072407045009
4 0.3890356671070013 0.3238747553816047 0.13210039630118892 0.14285714285714285
4 0.4940554821664465 0.3011252446183953 0.10039630118890357 0.1404109589041096
4 0.6297886393659181 0.3011252446183953 0.12087186261558784 0.1296477495107632
4 0.7780713342140027 0.43737769080234834 0.11756935270805813 0.12426614481409001
3 0.6172391017173051 0.4241682974559687 0.11822985468956407 0.17416829745596868
3 0.5013210039630119 0.4190313111545988 0.1215323645970938 0.18248532289628178
3 0.41215323645970936 0.4415362035225049 0.10700132100396301 0.18248532289628178
3 0.3120871862615588 0.4667318982387475 0.09973579920739763 0.14285714285714285
2 0.678005284015852 0.5922211350293541 0.1750330250990753 0.1453033268101761
1 0.3226552179656539 0.7654109589041096 0.1287978863936592 0.18542074363992173
0 0.46202113606340817 0.7967221135029354 0.24636723910171732 0.24021526418786693
