0 0.5193627450980393 0.7760700389105059 0.15343137254901962 0.11945525291828794
1 0.4017156862745098 0.7682879377431907 0.0946078431372549 0.11400778210116733
2 0.6450980392156863 0.6509727626459144 0.16666666666666666 0.10894941634241245
3 0.6075980392156862 0.5050583657587548 0.0946078431372549 0.14241245136186773
3 0.5210784313725491 0.4883268482490273 0.0784313725490196 0.14007782101167315
3 0.44754901960784316 0.5070038910505837 0.08137254901960785 0.13229571984435798
3 0.37573529411764706 0.5361867704280155 0.08186274509803922 0.13229571984435798
4 0.7598039215686274 0.5431906614785993 0.13725490196078433 0.10116731517509728
4 0.6274509803921569 0.4038910505836576 0.08823529411764705 0.11128404669260701
4 0.5340686274509804 0.39863813229571987 0.08480392156862746 0.10622568093385215
4 0.446078431372549 0.41945525291828795 0.09803921568627451 0.10116731517509728
4 0.3480392156862745 0.4622568093385214 0.0784313725490196 0.09883268482490273
6 0.8120098039215686 0.4472762645914397 0.14362745098039215 0.12723735408560313
6 0.6666666666666666 0.22217898832684826 0.10784313725490197 0.10116731517509728
6 0.5602941176470588 0.18482490272373542 0.10490196078431373 0.10894941634241245
6 0.4279411764705882 0.20155642023346304 0.11470588235294117 0.11673151750972763
6 0.2563725490196078 0.3157587548638133 0.11764705882352941 0.09610894941634242
5 0.3071078431372549 0.3949416342412452 0.10147058823529412 0.07782101167315175
5 0.4311274509803921 0.3132295719844358 0.1142156862745098 0.07003891050583658
5 0.5455882352941176 0.2963035019455253 0.11470588235294117 0.08832684824902724
5 0.6514705882352941 0.31420233463035024 0.10392156862745097 0.08287937743190663
