5 0.6294583883751651 0.3850293542074364 0.12813738441215325 0.0949119373776908
5 0.4871202113606341 0.34368884540117417 0.1155878467635403 0.08268101761252446
5 0.34478203434610305 0.37035225048923676 0.10435931307793923 0.08904109589041095
5 0.21697490092470278 0.45792563600782776 0.09577278731836196 0.08023483365949119
6 0.14464993394980186 0.37915851272015655 0.10435931307793923 0.0949119373776908
6 0.3368560105680317 0.2592954990215264 0.14398943196829592 0.10371819960861056
6 0.5033025099075297 0.22504892367906065 0.14002642007926025 0.10665362035225048
6 0.6472919418758256 0.29329745596868884 0.14002642007926025 0.09442270058708414
6 0.8173712021136064 0.5425636007827789 0.16842800528401586 0.10078277886497064
4 0.595112285336856 0.4772504892367906 0.12417437252311757 0.12475538160469667
4 0.47291941875825627 0.4637964774951076 0.12813738441215325 0.12133072407045009
4 0.37087186261558786 0.48312133072407043 0.10766182298546896 0.11888454011741682
4 0.2767503302509908 0.5332681017612524 0.1202113606340819 0.10078277886497064
4 0.7212681638044914 0.6267123287671232 0.12813738441215325 0.1095890410958904
3 0.3048216644649934 0.6000489236790606 0.1036988110964333 0.13356164383561642
3 0.3781373844121532 0.5689823874755381 0.07595772787318363 0.12133072407045009
3 0.46499339498018494 0.5660469667318982 0.08850726552179657 0.13013698630136986
3 0.5690224570673712 0.5645792563600782 0.09577278731836196 0.1095890410958904
2 0.5980845442536328 0.7233365949119374 0.19616908850726553 0.12181996086105674
1 0.33091149273447823 0.8965264187866927 0.12417437252311757 0.13943248532289626
0 0.4448480845442536 0.884784735812133 0.16842800528401586 0.15117416829745595
