4 0.3193627450980392 0.41926070038910507 0.08676470588235294 0.09299610894941635
4 0.3948529411764706 0.37315175097276265 0.09264705882352942 0.09961089494163425
4 0.4681372549019608 0.348443579766537 0.08725490196078431 0.09299610894941635
4 0.5620098039215686 0.354863813229572 0.07892156862745098 0.088715953307393
4 0.6713235294117647 0.4684824902723736 0.09264705882352942 0.08638132295719846
6 0.7556372549019608 0.4013618677042802 0.11715686274509804 0.09922178988326849
6 0.6044117647058823 0.17217898832684825 0.08137254901960785 0.09922178988326849
6 0.45588235294117646 0.1342412451361868 0.09509803921568627 0.1058365758754864
6 0.353921568627451 0.17120622568093385 0.08725490196078431 0.11439688715953308
6 0.21470588235294116 0.3040856031128405 0.09803921568627451 0.09922178988326849
5 0.2708333333333333 0.3717898832684825 0.09264705882352942 0.07587548638132297
5 0.3674019607843137 0.2682879377431907 0.09264705882352942 0.07120622568093386
5 0.4696078431372549 0.2350194552529183 0.09509803921568627 0.06926070038910506
5 0.5865196078431373 0.2542801556420234 0.08970588235294118 0.0821011673151751
3 0.3482843137254902 0.4846303501945526 0.06519607843137255 0.11478599221789884
3 0.39877450980392154 0.4511673151750973 0.06813725490196078 0.1038910505836576
3 0.47377450980392155 0.4381322957198444 0.09264705882352942 0.133852140077821
3 0.5526960784313726 0.4305447470817121 0.07598039215686274 0.10622568093385215
2 0.5975490196078431 0.5747081712062257 0.14705882352941177 0.11439688715953308
1 0.3946078431372549 0.7266536964980546 0.08725490196078431 0.12723735408560313
0 0.49950980392156863 0.7321011673151752 0.1392156862745098 0.15992217898832686
