0 0.6041666666666666 0.6270428015564202 0.11715686274509804 0.14513618677042803
1 0.5213235294117647 0.6369649805447472 0.07892156862745098 0.12140077821011674
2 0.6848039215686275 0.48307392996108955 0.09803921568627451 0.11245136186770428
4 0.7404411764705883 0.38112840466926073 0.08676470588235294 0.0906614785992218
4 0.6696078431372549 0.29105058365758757 0.07647058823529412 0.09961089494163425
4 0.5879901960784314 0.29221789883268484 0.07598039215686274 0.09727626459143969
4 0.5254901960784314 0.322568093385214 0.07647058823529412 0.088715953307393
4 0.45612745098039215 0.364591439688716 0.06813725490196078 0.07315175097276265
3 0.4764705882352941 0.4284046692607004 0.07647058823529412 0.1058365758754864
3 0.5323529411764706 0.39805447470817124 0.07352941176470588 0.11906614785992219
3 0.5892156862745098 0.3785992217898833 0.06274509803921569 0.1105058365758755
3 0.654656862745098 0.36789883268482493 0.06813725490196078 0.10155642023346305
6 0.7963235294117647 0.3093385214007782 0.10049019607843138 0.09727626459143969
6 0.6848039215686275 0.14416342412451363 0.10098039215686275 0.0906614785992218
6 0.5786764705882352 0.11595330739299611 0.07892156862745098 0.08638132295719846
6 0.48995098039215684 0.1494163424124514 0.08186274509803922 0.088715953307393
6 0.3769607843137255 0.2445525291828794 0.09019607843137255 0.07587548638132297
5 0.416421568627451 0.31595330739299615 0.08676470588235294 0.0669260700389105
5 0.5036764705882353 0.24143968871595334 0.08186274509803922 0.05175097276264592
5 0.586764705882353 0.21653696498054475 0.08431372549019608 0.06731517509727628
5 0.6779411764705883 0.21984435797665372 0.08725490196078431 0.06926070038910506
