5 0.4653236459709379 0.3818493150684931 0.1142668428005284 0.06604696673189824
5 0.6119550858652576 0.400440313111546 0.1142668428005284 0.07974559686888454
5 0.3583223249669749 0.42832681017612523 0.09973579920739763 0.07681017612524461
5 0.2407529722589168 0.5234833659491194 0.09313077939233817 0.060665362035225046
6 0.18163804491413474 0.4598825831702544 0.0964332892998679 0.09784735812133072
6 0.3371862615587847 0.32240704500978473 0.09313077939233817 0.10273972602739725
6 0.4478203434610304 0.27617416829745595 0.12813738441215325 0.10029354207436399
6 0.6387054161162483 0.30919765166340507 0.11756935270805813 0.09784735812133072
6 0.8619550858652576 0.5205479452054794 0.1571994715984148 0.12426614481409001
4 0.5924702774108322 0.4823874755381604 0.11756935270805813 0.12133072407045009
4 0.48348745046235136 0.4877690802348336 0.10700132100396301 0.11643835616438356
4 0.39233817701453105 0.5327788649706457 0.10303830911492734 0.10567514677103718
4 0.30878467635402906 0.5853718199608611 0.1142668428005284 0.08463796477495107
4 0.77443857331572 0.6039628180039138 0.09973579920739763 0.10029354207436399
3 0.5799207397622193 0.5856164383561644 0.10039630118890357 0.13209393346379647
3 0.4976882430647292 0.6000489236790606 0.09973579920739763 0.1296477495107632
3 0.42437252311756934 0.6081213307240704 0.0891677675033025 0.1086105675146771
3 0.35865257595772787 0.6396771037181995 0.10700132100396301 0.10322896281800391
2 0.679326287978864 0.7123287671232876 0.14597093791281374 0.1086105675146771
0 0.5802509907529723 0.8776908023483365 0.15389696169088507 0.16927592954990214
1 0.4798546895640687 0.8948140900195695 0.10766182298546896 0.10567514677103718
