1 0.2627450980392157 0.7618677042801557 0.09803921568627451 0.1377431906614786
0 0.38529411764705884 0.784046692607004 0.16666666666666666 0.14007782101167315
2 0.5259803921568628 0.6535019455252918 0.15980392156862744 0.09844357976653698
3 0.31838235294117645 0.5142023346303503 0.06519607843137255 0.11400778210116733
3 0.38529411764705884 0.5075875486381324 0.06862745098039216 0.10622568093385215
3 0.45245098039215687 0.4998054474708172 0.08529411764705883 0.12723735408560313
3 0.5473039215686274 0.5103112840466927 0.10441176470588236 0.11167315175097277
4 0.6338235294117647 0.5614785992217899 0.10784313725490197 0.08560311284046693
4 0.558578431372549 0.4188715953307393 0.11127450980392156 0.10622568093385215
4 0.47034313725490196 0.4208171206225681 0.08186274509803922 0.09844357976653698
4 0.39852941176470585 0.4208171206225681 0.06862745098039216 0.1038910505836576
4 0.3232843137254902 0.44396887159533077 0.075 0.0933852140077821
6 0.7252450980392157 0.48677042801556425 0.1142156862745098 0.10116731517509728
6 0.6142156862745098 0.25214007782101167 0.08137254901960785 0.08326848249027238
6 0.5424019607843137 0.2171206225680934 0.08186274509803922 0.08560311284046693
6 0.4605392156862745 0.24435797665369652 0.075 0.09883268482490273
6 0.3299019607843137 0.3013618677042802 0.07549019607843137 0.08832684824902724
5 0.31200980392156863 0.37412451361867705 0.09166666666666666 0.05719844357976654
5 0.4181372549019608 0.3313229571984436 0.08137254901960785 0.05953307392996109
5 0.4948529411764706 0.31692607003891055 0.09166666666666666 0.05719844357976654
5 0.5946078431372549 0.3247081712062257 0.08137254901960785 0.08287937743190663
