0 0.4598039215686274 0.7556420233463036 0.14313725490196078 0.1377431906614786
1 0.35980392156862745 0.7274319066147861 0.08137254901960785 0.12334630350194553
2 0.6272058823529412 0.6342412451361868 0.13872549019607844 0.09883268482490273
3 0.5889705882352941 0.47976653696498056 0.08774509803921568 0.12140077821011674
3 0.4968137254901961 0.4704280155642024 0.0857843137254902 0.11828793774319067
3 0.4198529411764706 0.4972762645914397 0.0838235294117647 0.13618677042801558
3 0.35245098039215683 0.5262645914396887 0.07156862745098039 0.14280155642023348
2 0.7188725490196078 0.5369649805447472 0.08970588235294118 0.09571984435797666
4 0.5955882352941176 0.3877431906614786 0.09215686274509804 0.10544747081712064
4 0.4985294117647059 0.3787937743190662 0.09803921568627451 0.11322957198443581
4 0.4068627450980392 0.39980544747081714 0.09411764705882353 0.10700389105058367
4 0.3269607843137255 0.44435797665369653 0.07745098039215687 0.09571984435797666
6 0.8009803921568628 0.45486381322957203 0.12254901960784313 0.10038910505836576
6 0.6325980392156862 0.2075875486381323 0.08774509803921568 0.1085603112840467
6 0.49558823529411766 0.1632295719844358 0.1 0.1038910505836576
6 0.36176470588235293 0.1867704280155642 0.09411764705882353 0.11828793774319067
6 0.25563725490196076 0.30252918287937747 0.08970588235294118 0.08754863813229573
5 0.29754901960784313 0.3747081712062257 0.1 0.07003891050583658
5 0.37720588235294117 0.30097276264591444 0.1161764705882353 0.06809338521400779
5 0.49142156862745096 0.271011673151751 0.10833333333333334 0.08599221789883268
5 0.6171568627450981 0.2943579766536965 0.09411764705882353 0.07120622568093386
