5 0.7061274509803922 0.2928015564202335 0.0838235294117647 0.07120622568093386
5 0.8090686274509804 0.3698443579766537 0.08186274509803922 0.07976653696498055
5 0.6019607843137255 0.25058365758754864 0.1 0.08093385214007782
5 0.4588235294117647 0.267704280155642 0.09607843137254901 0.07003891050583658
6 0.44754901960784316 0.1688715953307393 0.11862745098039215 0.11206225680933853
6 0.6181372549019608 0.12821011673151753 0.1 0.1217898832684825
6 0.7377450980392157 0.18112840466926072 0.09411764705882353 0.10700389105058367
6 0.85 0.29124513618677045 0.09803921568627451 0.11011673151750974
6 0.23308823529411765 0.43793774319066153 0.1426470588235294 0.1311284046692607
4 0.4781862745098039 0.3698443579766537 0.1142156862745098 0.12801556420233465
4 0.5862745098039216 0.3690661478599222 0.09803921568627451 0.12334630350194553
4 0.6681372549019607 0.39260700389105063 0.09411764705882353 0.13151750972762646
4 0.7509803921568627 0.43073929961089497 0.09215686274509804 0.1198443579766537
3 0.4926470588235294 0.48579766536964986 0.10196078431372549 0.1653696498054475
3 0.5865196078431373 0.48249027237354086 0.0857843137254902 0.17198443579766537
3 0.6642156862745098 0.5027237354085603 0.07745098039215687 0.15097276264591442
3 0.7205882352941176 0.53715953307393 0.07745098039215687 0.1490272373540856
4 0.3218137254901961 0.5416342412451363 0.10833333333333334 0.09883268482490273
2 0.4311274509803921 0.6568093385214008 0.13480392156862744 0.11206225680933853
0 0.5350490196078431 0.8299610894941635 0.15931372549019607 0.22568093385214008
1 0.6416666666666666 0.8311284046692607 0.09411764705882353 0.12996108949416343
