1 0.24975490196078431 0.8758754863813231 0.11813725490196078 0.15175097276264593
0 0.3818627450980392 0.9128404669260701 0.19607843137254902 0.1556420233463035
2 0.5943627450980392 0.7809338521400778 0.2034313725490196 0.12373540856031129
4 0.7424019607843138 0.6793774319066148 0.15833333333333333 0.11206225680933853
4 0.5823529411764706 0.4608949416342413 0.10294117647058823 0.1396887159533074
4 0.44779411764705884 0.4466926070038911 0.1053921568627451 0.13151750972762646
4 0.33848039215686276 0.4677042801556421 0.11813725490196078 0.12140077821011674
4 0.23799019607843136 0.5136186770428016 0.11323529411764706 0.09805447470817122
3 0.2742647058823529 0.5834630350194553 0.10049019607843138 0.1217898832684825
3 0.3536764705882353 0.577431906614786 0.08284313725490196 0.16186770428015565
3 0.4428921568627451 0.556420233463035 0.10049019607843138 0.15175097276264593
3 0.5546568627450981 0.5735408560311285 0.1034313725490196 0.16186770428015565
6 0.6904411764705882 0.2712062256809339 0.13872549019607844 0.1198443579766537
6 0.4678921568627451 0.1972762645914397 0.13088235294117648 0.1198443579766537
6 0.3058823529411765 0.23229571984435798 0.12352941176470589 0.11361867704280157
6 0.10588235294117647 0.3550583657587549 0.11078431372549019 0.1038910505836576
6 0.8426470588235294 0.5815175097276265 0.15588235294117647 0.1217898832684825
5 0.6490196078431373 0.36498054474708175 0.11078431372549019 0.08015564202334631
5 0.4629901960784314 0.3200389105058366 0.13088235294117648 0.08599221789883268
5 0.3208333333333333 0.34805447470817125 0.11323529411764706 0.0821011673151751
5 0.17401960784313725 0.43774319066147865 0.12058823529411765 0.07392996108949416
