1 0.3696078431372549 0.7459143968871595 0.07549019607843137 0.11750972762645916
0 0.46102941176470585 0.7513618677042803 0.12990196078431374 0.14319066147859924
2 0.5705882352941176 0.6124513618677043 0.11372549019607843 0.09416342412451363
3 0.5247549019607843 0.47626459143968874 0.075 0.12140077821011674
3 0.4455882352941176 0.4766536964980545 0.08431372549019608 0.12140077821011674
3 0.3799019607843137 0.4889105058365759 0.06862745098039216 0.10700389105058367
3 0.3252450980392157 0.5297665369649806 0.07303921568627451 0.1085603112840467
4 0.6509803921568628 0.5089494163424125 0.09607843137254901 0.0793774319066148
4 0.5269607843137255 0.3840466926070039 0.0892156862745098 0.10661478599221791
4 0.44950980392156864 0.39027237354085603 0.07549019607843137 0.10505836575875487
4 0.37892156862745097 0.4118677042801557 0.07549019607843137 0.09766536964980545
4 0.31495098039215685 0.45544747081712067 0.0661764705882353 0.08677042801556421
6 0.7269607843137255 0.44319066147859926 0.11176470588235293 0.09571984435797666
6 0.5200980392156863 0.22918287937743193 0.07549019607843137 0.08715953307392997
6 0.45073529411764707 0.19941634241245138 0.07303921568627451 0.09221789883268483
6 0.3767156862745098 0.23287937743190662 0.07990196078431372 0.0906614785992218
6 0.2852941176470588 0.309727626459144 0.07549019607843137 0.088715953307393
5 0.2887254901960784 0.3821011673151751 0.08627450980392157 0.05992217898832685
5 0.37549019607843137 0.32509727626459145 0.08235294117647059 0.05797665369649806
5 0.44730392156862747 0.3015564202334631 0.075 0.06536964980544747
5 0.5279411764705882 0.3087548638132296 0.09117647058823529 0.06498054474708172
