5 0.6507352941176471 0.41128404669260704 0.08774509803921568 0.06147859922178989
5 0.5384803921568627 0.3861867704280156 0.09558823529411764 0.06964980544747082
5 0.44705882352941173 0.4027237354085603 0.08137254901960785 0.07159533073929962
5 0.34558823529411764 0.4589494163424125 0.07352941176470588 0.047081712062256816
6 0.30563725490196075 0.39980544747081714 0.07598039215686274 0.06809338521400779
6 0.4321078431372549 0.3124513618677043 0.0838235294117647 0.07782101167315175
6 0.5426470588235294 0.29202334630350196 0.07156862745098039 0.07976653696498055
6 0.6629901960784313 0.3406614785992218 0.08774509803921568 0.07276264591439689
6 0.7958333333333333 0.5538910505836576 0.12009803921568628 0.08754863813229573
4 0.3872549019607843 0.5157587548638133 0.07549019607843137 0.07976653696498055
4 0.4617647058823529 0.48171206225680935 0.07745098039215687 0.09260700389105059
4 0.5384803921568627 0.4686770428015565 0.07598039215686274 0.08910505836575876
4 0.6171568627450981 0.48093385214007783 0.0696078431372549 0.09416342412451363
4 0.7134803921568628 0.6134241245136187 0.0838235294117647 0.08754863813229573
3 0.4120098039215686 0.5715953307392997 0.059313725490196076 0.09416342412451363
3 0.471078431372549 0.5562256809338522 0.058823529411764705 0.09221789883268483
3 0.5323529411764706 0.5554474708171206 0.07156862745098039 0.11322957198443581
3 0.6029411764705882 0.5603112840466926 0.07352941176470588 0.09727626459143969
2 0.6242647058823529 0.6811284046692607 0.12009803921568628 0.08910505836575876
1 0.40465686274509804 0.8035019455252919 0.07794117647058824 0.13618677042801558
0 0.5017156862745098 0.8027237354085603 0.13284313725490196 0.1377431906614786
