0 0.49372523117569356 0.8238747553816046 0.1750330250990753 0.1917808219178082
1 0.3659180977542933 0.8358610567514677 0.13474240422721268 0.1678082191780822
2 0.6456406869220608 0.6504403131115459 0.2212681638044914 0.1296477495107632
3 0.5663804491413474 0.4735812133072407 0.11030383091149273 0.16144814090019569
3 0.45046235138705415 0.45254403131115456 0.11096433289299867 0.14383561643835616
3 0.35766182298546895 0.48532289628180036 0.09180977542932629 0.14579256360078277
3 0.26981505944517836 0.5452544031311154 0.0891677675033025 0.17759295499021527
4 0.7764200792602378 0.5291095890410958 0.15918097754293262 0.11790606653620352
4 0.559775429326288 0.3556751467710372 0.11822985468956407 0.12622309197651663
4 0.42899603698811095 0.348825831702544 0.12087186261558784 0.1360078277886497
4 0.32793923381770146 0.3867416829745597 0.11822985468956407 0.12769080234833657
4 0.2321664464993395 0.44251467710371817 0.1155878467635403 0.11203522504892367
6 0.8322324966974901 0.4092465753424657 0.15852047556142668 0.16585127201565558
6 0.5449141347424042 0.148972602739726 0.13210039630118892 0.11203522504892367
6 0.33322324966974903 0.09711350293542073 0.12351387054161163 0.12377690802348336
6 0.21994715984147953 0.15680039138943247 0.11889035667107001 0.12377690802348336
6 0.1215323645970938 0.26785714285714285 0.12681638044914134 0.11007827788649706
5 0.16776750330250992 0.36374755381604695 0.12681638044914134 0.07778864970645792
5 0.27344782034346105 0.27446183953033265 0.14002642007926025 0.08806262230919765
5 0.38837516512549536 0.2218688845401174 0.13210039630118892 0.08953033268101761
5 0.5663804491413474 0.25587084148727984 0.15918097754293262 0.09001956947162426
