5 0.6629901960784313 0.321011673151751 0.11813725490196078 0.08793774319066149
5 0.5017156862745098 0.2671206225680934 0.11813725490196078 0.08365758754863814
5 0.3762254901960784 0.2972762645914397 0.1034313725490196 0.09182879377431907
5 0.27181372549019606 0.3729571984435798 0.11029411764705882 0.06809338521400779
6 0.23676470588235293 0.2842412451361868 0.11078431372549019 0.11789883268482491
6 0.3625 0.18540856031128405 0.13578431372549019 0.1038910505836576
6 0.5181372549019608 0.15642023346303502 0.11568627450980393 0.1019455252918288
6 0.6955882352941176 0.21536964980544748 0.13333333333333333 0.1
6 0.8316176470588236 0.4616731517509728 0.18088235294117647 0.11167315175097277
4 0.31470588235294117 0.4466926070038911 0.09019607843137255 0.09961089494163425
4 0.40759803921568627 0.404863813229572 0.10049019607843138 0.11167315175097277
4 0.5044117647058823 0.38093385214007786 0.09313725490196079 0.11206225680933853
4 0.6213235294117647 0.39805447470817124 0.09068627450980392 0.10972762645914398
4 0.7487745098039216 0.545330739299611 0.13088235294117648 0.11556420233463036
3 0.3411764705882353 0.5264591439688716 0.09313725490196079 0.1276264591439689
3 0.4139705882352941 0.49766536964980546 0.08774509803921568 0.12140077821011674
3 0.4970588235294118 0.493579766536965 0.09803921568627451 0.14980544747081714
3 0.6024509803921568 0.5005836575875486 0.08823529411764705 0.13579766536964982
2 0.638235294117647 0.6544747081712062 0.16568627450980392 0.10972762645914398
1 0.3208333333333333 0.7608949416342413 0.10833333333333334 0.15758754863813232
0 0.44166666666666665 0.7719844357976654 0.18333333333333332 0.1198443579766537
