0 0.5860294117647059 0.6826848249027238 0.13676470588235293 0.1396887159533074
1 0.48480392156862745 0.7062256809338522 0.09117647058823529 0.1369649805447471
2 0.6843137254901961 0.5486381322957199 0.12156862745098039 0.10038910505836576
3 0.6458333333333334 0.3982490272373541 0.08088235294117647 0.11245136186770428
3 0.5698529411764706 0.4003891050583658 0.07794117647058824 0.10350194552529184
3 0.503921568627451 0.433852140077821 0.07745098039215687 0.11439688715953308
3 0.45073529411764707 0.4587548638132296 0.06911764705882353 0.1151750972762646
4 0.7794117647058824 0.44046692607003896 0.10098039215686275 0.08715953307392997
4 0.6602941176470588 0.3124513618677043 0.09313725490196079 0.10739299610894942
4 0.5605392156862745 0.3212062256809339 0.0965686274509804 0.09766536964980545
4 0.4870098039215686 0.34727626459143973 0.08088235294117647 0.09922178988326849
4 0.4183823529411765 0.38015564202334634 0.08970588235294118 0.09805447470817122
6 0.8495098039215686 0.3466926070038911 0.13725490196078433 0.11128404669260701
6 0.6764705882352942 0.133852140077821 0.09117647058823529 0.08326848249027238
6 0.5257352941176471 0.10175097276264593 0.10147058823529412 0.09377431906614786
6 0.432843137254902 0.14124513618677043 0.08823529411764705 0.09805447470817122
6 0.346078431372549 0.23463035019455256 0.07941176470588235 0.07782101167315175
5 0.37279411764705883 0.3077821011673152 0.08284313725490196 0.06303501945525292
5 0.45 0.24863813229571985 0.09803921568627451 0.06848249027237355
5 0.5504901960784314 0.21984435797665372 0.10294117647058823 0.07003891050583658
5 0.6848039215686275 0.22315175097276266 0.11862745098039215 0.07120622568093386
