1 0.43651960784313726 0.73715953307393 0.08774509803921568 0.12957198443579768
0 0.5281862745098039 0.7377431906614786 0.13284313725490196 0.13463035019455255
2 0.6517156862745098 0.58715953307393 0.13872549019607844 0.09260700389105059
3 0.5639705882352941 0.48073929961089495 0.07794117647058824 0.12645914396887162
3 0.49779411764705883 0.4947470817120623 0.08774509803921568 0.1311284046692607
3 0.43848039215686274 0.5149805447470818 0.06715686274509804 0.12334630350194553
3 0.3872549019607843 0.5377431906614787 0.07549019607843137 0.09416342412451363
4 0.7125 0.4881322957198444 0.11029411764705882 0.08599221789883268
4 0.5762254901960784 0.3908560311284047 0.08186274509803922 0.08599221789883268
4 0.48823529411764705 0.4021400778210117 0.07352941176470588 0.08599221789883268
4 0.41887254901960785 0.433852140077821 0.0857843137254902 0.07782101167315175
4 0.3495098039215686 0.47607003891050587 0.07745098039215687 0.07120622568093386
6 0.7629901960784313 0.4079766536964981 0.10833333333333334 0.10700389105058367
6 0.5884803921568628 0.23365758754863813 0.0857843137254902 0.09221789883268483
6 0.4598039215686274 0.2142023346303502 0.09803921568627451 0.08910505836575876
6 0.3781862745098039 0.2587548638132296 0.08186274509803922 0.09105058365758756
6 0.26691176470588235 0.3568093385214008 0.08774509803921568 0.09260700389105059
5 0.30563725490196075 0.42821011673151754 0.0838235294117647 0.05642023346303502
5 0.391421568627451 0.34630350194552534 0.08774509803921568 0.06459143968871596
5 0.4821078431372549 0.31070038910505837 0.0857843137254902 0.06498054474708172
5 0.5916666666666667 0.314591439688716 0.09215686274509804 0.06653696498054475
