5 0.6580882352941176 0.37217898832684826 0.08186274509803922 0.06498054474708172
5 0.5338235294117647 0.37120622568093387 0.09803921568627451 0.0669260700389105
5 0.4632352941176471 0.41478599221789886 0.09313725490196079 0.0669260700389105
5 0.3737745098039216 0.5011673151750973 0.09362745098039216 0.0669260700389105
6 0.3365196078431372 0.4455252918287938 0.10049019607843138 0.08171206225680934
6 0.4357843137254902 0.32237354085603115 0.08431372549019608 0.08521400778210117
6 0.5031862745098039 0.27626459143968873 0.08676470588235294 0.08715953307392997
6 0.6615196078431372 0.2970817120622568 0.08872549019607844 0.08832684824902724
6 0.8147058823529412 0.4523346303501946 0.12745098039215685 0.11789883268482491
4 0.6512254901960784 0.4410505836575876 0.08676470588235294 0.0906614785992218
4 0.5571078431372549 0.4560311284046693 0.08676470588235294 0.088715953307393
4 0.4857843137254902 0.4881322957198444 0.08431372549019608 0.08677042801556421
4 0.42205882352941176 0.5449416342412452 0.09313725490196079 0.07042801556420233
4 0.7625 0.5363813229571985 0.08186274509803922 0.07976653696498055
3 0.6524509803921569 0.5250972762645915 0.08431372549019608 0.11789883268482491
3 0.5669117647058823 0.5297665369649806 0.07794117647058824 0.1085603112840467
3 0.5088235294117647 0.5605058365758755 0.07058823529411765 0.09766536964980545
3 0.46544117647058825 0.6021400778210118 0.10245098039215686 0.08677042801556421
2 0.7088235294117647 0.6270428015564202 0.11666666666666667 0.09766536964980545
0 0.6416666666666666 0.7546692607003892 0.1323529411764706 0.13579766536964982
1 0.553186274509804 0.7828793774319067 0.10049019607843138 0.11206225680933853
