1 0.42377450980392156 0.7741245136186771 0.08872549019607844 0.13190661478599222
0 0.5225490196078432 0.7558365758754865 0.15294117647058825 0.11945525291828794
2 0.6171568627450981 0.5766536964980545 0.11372549019607843 0.11595330739299611
3 0.5384803921568627 0.45272373540856037 0.09362745098039216 0.14669260700389106
3 0.44730392156862747 0.47178988326848253 0.08872549019607844 0.15914396887159535
3 0.3892156862745098 0.48968871595330743 0.09117647058823529 0.11945525291828794
3 0.3377450980392157 0.5250972762645915 0.09803921568627451 0.11011673151750974
4 0.6683823529411764 0.4653696498054475 0.10735294117647058 0.088715953307393
4 0.5338235294117647 0.3486381322957199 0.11666666666666667 0.10894941634241245
4 0.4357843137254902 0.37120622568093387 0.11176470588235293 0.10661478599221791
4 0.3605392156862745 0.4036964980544747 0.09362745098039216 0.10311284046692608
4 0.2965686274509804 0.45544747081712067 0.09803921568627451 0.0906614785992218
6 0.7012254901960784 0.3464980544747082 0.13284313725490196 0.11556420233463036
6 0.5053921568627451 0.15603112840466926 0.09117647058823529 0.09961089494163425
6 0.34681372549019607 0.15311284046692608 0.10735294117647058 0.09766536964980545
6 0.25 0.21011673151750973 0.11372549019607843 0.09961089494163425
6 0.17254901960784313 0.31789883268482494 0.09607843137254901 0.09027237354085604
5 0.23284313725490197 0.3912451361867705 0.10294117647058823 0.06342412451361869
5 0.304656862745098 0.30525291828793777 0.09558823529411764 0.07587548638132297
5 0.4017156862745098 0.25369649805447475 0.10245098039215686 0.07782101167315175
5 0.5144607843137254 0.2519455252918288 0.10049019607843138 0.07431906614785992
