5 0.5544117647058824 0.2908560311284047 0.11176470588235293 0.07587548638132297
5 0.421078431372549 0.3023346303501946 0.11372549019607843 0.07782101167315175
5 0.32745098039215687 0.3496108949416343 0.1 0.06342412451361869
5 0.25563725490196076 0.4445525291828794 0.07990196078431372 0.061867704280155644
6 0.17818627450980393 0.38754863813229573 0.10245098039215686 0.07782101167315175
6 0.2911764705882353 0.26089494163424126 0.10490196078431373 0.09922178988326849
6 0.3821078431372549 0.20564202334630352 0.10931372549019608 0.09766536964980545
6 0.5453431372549019 0.20116731517509728 0.10735294117647058 0.10350194552529184
6 0.7196078431372549 0.3785992217898833 0.10980392156862745 0.11750972762645916
4 0.5509803921568628 0.37315175097276265 0.09607843137254901 0.1105058365758755
4 0.4649509803921569 0.3937743190661479 0.10735294117647058 0.10505836575875487
4 0.3845588235294118 0.4400778210116732 0.08676470588235294 0.09260700389105059
4 0.32401960784313727 0.4943579766536965 0.10294117647058823 0.08132295719844358
4 0.6872549019607843 0.4842412451361868 0.11862745098039215 0.09766536964980545
3 0.5588235294117647 0.46809338521400784 0.09803921568627451 0.12684824902723738
3 0.47009803921568627 0.4861867704280156 0.0892156862745098 0.12645914396887162
3 0.4198529411764706 0.5196498054474709 0.08480392156862746 0.12101167315175099
3 0.3674019607843137 0.5424124513618678 0.08872549019607844 0.10505836575875487
2 0.628921568627451 0.5900778210116732 0.13431372549019607 0.11789883268482491
0 0.5561274509803922 0.7735408560311284 0.15245098039215685 0.177431906614786
1 0.458578431372549 0.7912451361867705 0.10245098039215686 0.14669260700389106
