0 0.4806372549019608 0.8003891050583658 0.1377450980392157 0.12140077821011674
1 0.3995098039215686 0.8169260700389106 0.09607843137254901 0.09455252918287939
2 0.5936274509803922 0.6747081712062257 0.14901960784313725 0.0793774319066148
3 0.5522058823529412 0.5317120622568093 0.08284313725490196 0.12256809338521402
3 0.466421568627451 0.5392996108949417 0.09068627450980392 0.13463035019455255
3 0.3958333333333333 0.5513618677042802 0.0661764705882353 0.1105058365758755
3 0.3382352941176471 0.588715953307393 0.08333333333333333 0.13151750972762646
4 0.6610294117647059 0.5702334630350195 0.0965686274509804 0.08988326848249027
4 0.5588235294117647 0.43968871595330744 0.08333333333333333 0.10038910505836576
4 0.4644607843137255 0.4428015564202335 0.07892156862745098 0.10350194552529184
4 0.38995098039215687 0.4659533073929961 0.08088235294117647 0.10155642023346305
4 0.32303921568627453 0.5116731517509728 0.07156862745098039 0.09416342412451363
6 0.7009803921568627 0.46906614785992223 0.09607843137254901 0.10466926070038911
6 0.5973039215686274 0.266147859922179 0.08480392156862746 0.08249027237354087
6 0.471078431372549 0.23346303501945526 0.07352941176470588 0.09727626459143969
6 0.3627450980392157 0.2692607003891051 0.07941176470588235 0.09105058365758756
6 0.26838235294117646 0.36128404669260705 0.07892156862745098 0.08988326848249027
5 0.2892156862745098 0.433852140077821 0.07549019607843137 0.058365758754863814
5 0.37573529411764706 0.36945525291828796 0.08676470588235294 0.0642023346303502
5 0.47205882352941175 0.34027237354085604 0.09019607843137255 0.06264591439688716
5 0.5767156862745098 0.35447470817120624 0.08872549019607844 0.06459143968871596
