5 0.6340819022457067 0.2502446183953033 0.11492734478203434 0.08365949119373776
5 0.5019815059445178 0.24681996086105673 0.11492734478203434 0.09050880626223091
5 0.3781373844121532 0.2847358121330724 0.1023778071334214 0.07240704500978473
5 0.2585865257595773 0.37181996086105673 0.10766182298546896 0.07240704500978473
6 0.21565389696169088 0.2773972602739726 0.10501981505944517 0.09784735812133072
6 0.3718626155878468 0.1660958904109589 0.10039630118890357 0.10714285714285714
6 0.49801849405548215 0.12353228962818003 0.11228533685601057 0.1012720156555773
6 0.6350726552179656 0.1433463796477495 0.09313077939233817 0.10469667318982387
6 0.8134081902245707 0.3642367906066536 0.15653896961690886 0.14138943248532287
4 0.5990752972258917 0.34295499021526415 0.10039630118890357 0.12133072407045009
4 0.488441215323646 0.3527397260273972 0.10766182298546896 0.12133072407045009
4 0.3916776750330251 0.38062622309197647 0.11492734478203434 0.11937377690802348
4 0.3011889035667107 0.43493150684931503 0.095112285336856 0.1086105675146771
3 0.32694848084544254 0.5210371819960861 0.0977542932628798 0.13209393346379647
3 0.40752972258916775 0.485812133072407 0.08850726552179657 0.13405088062622308
3 0.4907529722589168 0.45939334637964774 0.0977542932628798 0.14677103718199608
3 0.5871862615587847 0.44593933463796476 0.10039630118890357 0.14138943248532287
4 0.77443857331572 0.485812133072407 0.11294583883751651 0.1232876712328767
2 0.6822985468956407 0.6210861056751468 0.1690885072655218 0.1012720156555773
1 0.4210700132100396 0.8192270058708414 0.15389696169088507 0.18835616438356162
0 0.5518494055482166 0.7947651663405088 0.1856010568031704 0.19422700587084146
