5 0.5786764705882352 0.3192607003891051 0.09264705882352942 0.06108949416342413
5 0.4889705882352941 0.31420233463035024 0.07892156862745098 0.0642023346303502
5 0.4107843137254902 0.35077821011673155 0.08529411764705883 0.06575875486381323
5 0.328921568627451 0.4151750972762646 0.07156862745098039 0.05369649805447471
6 0.3014705882352941 0.34708171206225685 0.06568627450980392 0.07626459143968872
6 0.4137254901960784 0.2700389105058366 0.06764705882352941 0.0747081712062257
6 0.5031862745098039 0.23326848249027238 0.08088235294117647 0.07898832684824904
6 0.5850490196078432 0.24766536964980546 0.056372549019607844 0.0688715953307393
6 0.7105392156862745 0.40680933852140083 0.08872549019607844 0.08832684824902724
4 0.35980392156862745 0.46809338521400784 0.0696078431372549 0.0793774319066148
4 0.421078431372549 0.4315175097276265 0.06764705882352941 0.0747081712062257
4 0.48627450980392156 0.4077821011673152 0.0696078431372549 0.07782101167315175
4 0.5588235294117647 0.39883268482490275 0.07941176470588235 0.07782101167315175
4 0.6622549019607843 0.48715953307393 0.0696078431372549 0.0793774319066148
3 0.379656862745098 0.5324902723735409 0.0642156862745098 0.09143968871595332
3 0.4267156862745098 0.5025291828793774 0.056372549019607844 0.08832684824902724
3 0.4806372549019608 0.48171206225680935 0.0661764705882353 0.10661478599221791
3 0.5549019607843138 0.4704280155642024 0.06764705882352941 0.1105058365758755
2 0.6004901960784313 0.5834630350194553 0.1 0.08365758754863814
1 0.41446078431372546 0.7241245136186771 0.08088235294117647 0.11828793774319067
0 0.5068627450980392 0.7264591439688717 0.11862745098039215 0.1198443579766537
