0 0.4085204755614267 0.8429549902152641 0.16710700132100395 0.14579256360078277
1 0.28632760898282694 0.8358610567514677 0.09445178335535007 0.12769080234833657
2 0.5848745046235139 0.7054794520547945 0.15918097754293262 0.10763209393346379
3 0.3157199471598415 0.5432974559686888 0.083223249669749 0.12573385518590996
3 0.3979524438573316 0.5396281800391389 0.09180977542932629 0.149706457925636
3 0.4801849405548217 0.5244618395303327 0.08850726552179657 0.15949119373776907
3 0.5921400264200792 0.5278864970645792 0.09709379128137384 0.14774951076320939
4 0.6773447820343461 0.5684931506849314 0.1023778071334214 0.11741682974559686
4 0.31869220607661825 0.448385518590998 0.09445178335535007 0.1159491193737769
4 0.40752972258916775 0.43737769080234834 0.08850726552179657 0.09784735812133072
4 0.49504623513870544 0.42563600782778865 0.09709379128137384 0.09784735812133072
4 0.5961030383091149 0.4317514677103718 0.09973579920739763 0.11790606653620352
6 0.7163143989431968 0.4503424657534246 0.1023778071334214 0.12377690802348336
6 0.5908190224570674 0.2089041095890411 0.07331571994715984 0.0958904109589041
6 0.5247688243064729 0.1541095890410959 0.08652575957727873 0.1095890410958904
6 0.44980184940554824 0.17954990215264188 0.08190224570673713 0.1086105675146771
6 0.35634081902245707 0.26761252446183953 0.08388375165125496 0.09784735812133072
5 0.3345442536327609 0.36374755381604695 0.09973579920739763 0.06604696673189824
5 0.43295904887714665 0.3057729941291585 0.07595772787318363 0.06555772994129158
5 0.5178335535006605 0.28987279843444225 0.083223249669749 0.06996086105675146
5 0.6013870541611624 0.31090998043052837 0.09445178335535007 0.07583170254403131
