5 0.6621532364597094 0.2218688845401174 0.1023778071334214 0.08170254403131115
5 0.5435931307793923 0.2218688845401174 0.09114927344782034 0.07778864970645792
5 0.42899603698811095 0.23409980430528374 0.0891677675033025 0.06996086105675146
5 0.3441215323645971 0.28791585127201563 0.09114927344782034 0.06996086105675146
6 0.33322324966974903 0.211839530332681 0.09180977542932629 0.09784735812133072
6 0.41974900924702774 0.12818003913894324 0.08652575957727873 0.09001956947162426
6 0.5396301188903567 0.11692759295499021 0.083223249669749 0.0958904109589041
6 0.6568692206076618 0.14505870841487278 0.09180977542932629 0.08365949119373776
6 0.7579260237780714 0.31188845401174164 0.08388375165125496 0.11399217221135029
4 0.37087186261558786 0.3507827788649706 0.08652575957727873 0.0958904109589041
4 0.4534346103038309 0.32289628180039137 0.08388375165125496 0.0958904109589041
4 0.5340158520475562 0.3116438356164383 0.09973579920739763 0.09784735812133072
4 0.6446499339498019 0.3167808219178082 0.09379128137384413 0.09148727984344422
4 0.7470277410832232 0.40777886497064575 0.083223249669749 0.07778864970645792
3 0.3966314398943197 0.4246575342465753 0.0785997357992074 0.11545988258317025
3 0.46268163804491413 0.4006849315068493 0.08124174372523117 0.09980430528375733
3 0.5392998678996037 0.39750489236790604 0.09973579920739763 0.12181996086105674
3 0.6324306472919419 0.3896771037181996 0.09709379128137384 0.11007827788649706
2 0.6796565389696169 0.5203033268101761 0.13738441215323646 0.12377690802348336
1 0.4395640686922061 0.6763698630136986 0.10501981505944517 0.1159491193737769
0 0.5561426684280053 0.6670743639921721 0.15059445178335534 0.1267123287671233
