0 0.4004901960784314 0.6945525291828795 0.13431372549019607 0.13229571984435798
1 0.31200980392156863 0.6696498054474709 0.08480392156862746 0.10894941634241245
2 0.5735294117647058 0.6050583657587549 0.1568627450980392 0.10894941634241245
3 0.3575980392156863 0.45836575875486385 0.06519607843137255 0.12217898832684826
3 0.42916666666666664 0.44766536964980547 0.061274509803921566 0.11478599221789884
3 0.4936274509803921 0.43793774319066153 0.06764705882352941 0.11167315175097277
3 0.5700980392156862 0.4453307392996109 0.07745098039215687 0.1038910505836576
4 0.678921568627451 0.5153696498054475 0.09607843137254901 0.08287937743190663
4 0.6022058823529411 0.37626459143968877 0.11029411764705882 0.09260700389105059
4 0.5191176470588236 0.36673151750972766 0.09019607843137255 0.08910505836575876
4 0.4404411764705882 0.37062256809338523 0.07990196078431372 0.0906614785992218
4 0.3656862745098039 0.3834630350194553 0.07352941176470588 0.08754863813229573
6 0.7377450980392157 0.42256809338521406 0.10196078431372549 0.10038910505836576
6 0.7213235294117647 0.2103112840466926 0.10245098039215686 0.08754863813229573
6 0.6068627450980392 0.14785992217898833 0.08137254901960785 0.09571984435797666
6 0.5227941176470589 0.16964980544747083 0.08186274509803922 0.09416342412451363
6 0.4073529411764706 0.2389105058365759 0.07941176470588235 0.09105058365758756
5 0.3830882352941176 0.30097276264591444 0.0838235294117647 0.061867704280155644
5 0.4803921568627451 0.27159533073929965 0.0696078431372549 0.058365758754863814
5 0.5639705882352941 0.25058365758754864 0.06911764705882353 0.058365758754863814
5 0.6651960784313725 0.2896887159533074 0.09215686274509804 0.06809338521400779
