5 0.5990272373540857 0.3144607843137255 0.05408560311284047 0.0769607843137255
5 0.5278210116731518 0.2931372549019608 0.05953307392996109 0.08627450980392157
5 0.43696498054474714 0.31813725490196076 0.0622568093385214 0.0696078431372549
5 0.36848249027237356 0.39044117647058824 0.05525291828793775 0.057352941176470586
6 0.3482490272373541 0.31348039215686274 0.0575875486381323 0.09362745098039216
6 0.4321011673151751 0.21004901960784314 0.06964980544747082 0.11029411764705882
6 0.5391050583657588 0.18676470588235294 0.06108949416342413 0.10882352941176471
6 0.6122568093385214 0.23357843137254902 0.06108949416342413 0.11127450980392156
6 0.6898832684824904 0.46127450980392154 0.07159533073929962 0.10392156862745097
4 0.3918287937743191 0.45294117647058824 0.04669260700389105 0.09215686274509804
4 0.4494163424124514 0.41593137254901963 0.05603112840466926 0.1053921568627451
4 0.5079766536964981 0.3963235294117647 0.05875486381322958 0.10245098039215686
4 0.5762645914396888 0.4024509803921569 0.06070038910505837 0.10392156862745097
4 0.646887159533074 0.553186274509804 0.07042801556420233 0.08284313725490196
3 0.4062256809338522 0.5389705882352941 0.05603112840466926 0.12205882352941176
3 0.4511673151750973 0.49754901960784315 0.05486381322957199 0.10882352941176471
3 0.5019455252918288 0.49289215686274507 0.04202334630350195 0.12990196078431374
3 0.561284046692607 0.5041666666666667 0.05719844357976654 0.13284313725490196
2 0.5785992217898833 0.6438725490196079 0.07548638132295721 0.09950980392156862
1 0.42354085603112845 0.7840686274509804 0.06108949416342413 0.10833333333333334
0 0.4937743190661479 0.7811274509803922 0.08249027237354087 0.13578431372549019
