0 0.44121532364597094 0.836839530332681 0.18361955085865259 0.13356164383561642
1 0.31935270805812416 0.798679060665362 0.09709379128137384 0.12573385518590996
2 0.6443196829590488 0.7128180039138943 0.15918097754293262 0.13405088062622308
3 0.6142668428005285 0.5425636007827789 0.11096433289299867 0.16144814090019569
3 0.5069352708058125 0.5212818003913894 0.09445178335535007 0.1296477495107632
3 0.41149273447820345 0.5364481409001957 0.08586525759577279 0.1316046966731898
3 0.3345442536327609 0.5584637964774951 0.09445178335535007 0.12769080234833657
4 0.7559445178335535 0.5799902152641878 0.11294583883751651 0.10812133072407044
4 0.6390356671070013 0.4307729941291585 0.10501981505944517 0.12769080234833657
4 0.500330250990753 0.42049902152641877 0.11294583883751651 0.12377690802348336
4 0.3939894319682959 0.4346868884540117 0.11030383091149273 0.12377690802348336
4 0.3048216644649934 0.4774951076320939 0.11030383091149273 0.10176125244618395
6 0.7959048877146632 0.4674657534246575 0.13210039630118892 0.13747553816046965
6 0.7040951122853368 0.23776908023483365 0.11096433289299867 0.1095890410958904
6 0.49372523117569356 0.17685909980430528 0.10501981505944517 0.1159491193737769
6 0.30779392338177014 0.21404109589041095 0.12681638044914134 0.11007827788649706
6 0.1998018494055482 0.32069471624266144 0.09973579920739763 0.10812133072407044
5 0.25 0.40777886497064575 0.09709379128137384 0.07387475538160469
5 0.36129458388375163 0.3287671232876712 0.13210039630118892 0.08414872798434442
5 0.5204755614266843 0.300880626223092 0.142668428005284 0.09980430528375733
5 0.6822985468956407 0.34491193737769077 0.12681638044914134 0.0958904109589041
