1 0.6029411764705882 0.9276264591439689 0.15 0.16653696498054477
0 0.7338235294117647 0.8519455252918289 0.20980392156862746 0.1793774319066148
2 0.7311274509803921 0.6466926070038911 0.12794117647058822 0.14085603112840467
3 0.4125 0.6326848249027238 0.12794117647058822 0.14241245136186773
3 0.4627450980392157 0.5731517509727627 0.11470588235294117 0.11906614785992219
3 0.5159313725490196 0.5256809338521401 0.10049019607843138 0.1105058365758755
3 0.6110294117647058 0.4953307392996109 0.11715686274509804 0.1276264591439689
4 0.7147058823529412 0.5019455252918288 0.10588235294117647 0.1058365758754864
4 0.3428921568627451 0.5698443579766538 0.13088235294117648 0.0906614785992218
4 0.40269607843137256 0.4974708171206226 0.1142156862745098 0.11011673151750974
4 0.47230392156862744 0.44785992217898835 0.12794117647058822 0.12295719844357977
4 0.5620098039215686 0.4208171206225681 0.10637254901960784 0.1038910505836576
6 0.6955882352941176 0.3889105058365759 0.11666666666666667 0.13190661478599222
6 0.4232843137254902 0.24571984435797667 0.12794117647058822 0.08677042801556421
6 0.28431372549019607 0.25544747081712066 0.12254901960784313 0.10155642023346305
6 0.22034313725490196 0.3190661478599222 0.1142156862745098 0.11673151750972763
6 0.15220588235294116 0.47704280155642026 0.1142156862745098 0.08638132295719846
5 0.2627450980392157 0.5260700389105059 0.12254901960784313 0.06926070038910506
5 0.31299019607843137 0.4077821011673152 0.10931372549019608 0.07782101167315175
5 0.38112745098039214 0.34610894941634246 0.1034313725490196 0.08443579766536966
5 0.48995098039215684 0.3256809338521401 0.10931372549019608 0.08249027237354087
