5 0.6737120211360634 0.27617416829745595 0.12285336856010567 0.08463796477495107
5 0.5343461030383091 0.2592954990215264 0.1202113606340819 0.10469667318982387
5 0.417107001321004 0.30039138943248533 0.1142668428005284 0.08023483365949119
5 0.33883751651254956 0.38600782778864967 0.10171730515191546 0.07338551859099804
6 0.3282694848084544 0.2925636007827789 0.09907529722589167 0.11350293542074363
6 0.3972919418758256 0.18175146771037182 0.11690885072655217 0.11790606653620352
6 0.5326948480845443 0.14359099804305284 0.1287978863936592 0.11790606653620352
6 0.678335535006605 0.1761252446183953 0.1083223249669749 0.10665362035225048
6 0.8659180977542933 0.3972602739726027 0.14398943196829592 0.13992172211350293
4 0.6677675033025099 0.3762230919765166 0.11096433289299867 0.12426614481409001
4 0.5432628797886394 0.3762230919765166 0.1142668428005284 0.12035225048923678
4 0.4455085865257596 0.4038649706457925 0.10501981505944517 0.11790606653620352
4 0.3642668428005284 0.4518101761252446 0.09313077939233817 0.1022504892367906
3 0.38408190224570676 0.5406066536203522 0.10766182298546896 0.12426614481409001
3 0.4560766182298547 0.4997553816046966 0.09577278731836196 0.1267123287671233
3 0.5386393659180978 0.4828767123287671 0.08652575957727873 0.14677103718199608
3 0.6618229854689565 0.47309197651663404 0.11096433289299867 0.1223091976516634
4 0.8150594451783355 0.5188356164383562 0.13210039630118892 0.1267123287671233
2 0.7341479524438573 0.6568003913894325 0.18031704095112286 0.11790606653620352
0 0.5492073976221928 0.8165362035225049 0.16842800528401586 0.18688845401174167
1 0.4154557463672391 0.8131115459882583 0.11756935270805813 0.18003913894324852
