1 0.32166446499339496 0.7431506849315068 0.10303830911492734 0.14774951076320939
0 0.44914134742404227 0.7553816046966731 0.1571994715984148 0.15264187866927592
2 0.5861955085865258 0.6049412915851272 0.1499339498018494 0.10616438356164383
3 0.5508586525759578 0.4728473581213307 0.07397622192866579 0.14138943248532287
3 0.4715984147952444 0.4569471624266145 0.0845442536327609 0.1360078277886497
3 0.3966314398943197 0.47700587084148727 0.08256274768824307 0.12915851272015655
3 0.3236459709379128 0.49339530332681014 0.08058124174372523 0.10616438356164383
4 0.7097093791281374 0.5293542074363992 0.1142668428005284 0.08806262230919765
4 0.5746367239101717 0.375 0.09379128137384413 0.1012720156555773
4 0.4669749009247028 0.35665362035225046 0.08982826948480846 0.10469667318982387
4 0.36988110964332893 0.39090019569471623 0.0964332892998679 0.10273972602739725
4 0.28797886393659183 0.4312622309197651 0.09379128137384413 0.08463796477495107
6 0.809445178335535 0.4537671232876712 0.14332892998678995 0.08659491193737769
6 0.6486129458388376 0.21330724070450097 0.09379128137384413 0.09295499021526418
6 0.4749009247027741 0.16756360078277885 0.1096433289299868 0.1012720156555773
6 0.29821664464993397 0.20645792563600782 0.09180977542932629 0.09295499021526418
6 0.16149273447820345 0.30699608610567514 0.09577278731836196 0.08463796477495107
5 0.22093791281373845 0.375 0.07595772787318363 0.07093933463796477
5 0.3203434610303831 0.29452054794520544 0.10568031704095113 0.06653620352250489
5 0.4669749009247028 0.25391389432485323 0.10700132100396301 0.07436399217221135
5 0.6172391017173051 0.29623287671232873 0.13011889035667107 0.07974559686888454
