5 0.5696078431372549 0.3217898832684825 0.09509803921568627 0.08015564202334631
5 0.4803921568627451 0.2933852140077821 0.09509803921568627 0.07548638132295721
5 0.3897058823529412 0.32062256809338524 0.10392156862745097 0.08249027237354087
5 0.29754901960784313 0.3912451361867705 0.09803921568627451 0.06809338521400779
6 0.26176470588235295 0.3182879377431907 0.09803921568627451 0.08715953307392997
6 0.38676470588235295 0.21322957198443582 0.09803921568627451 0.09883268482490273
6 0.4745098039215686 0.19319066147859923 0.09509803921568627 0.09221789883268483
6 0.5693627450980392 0.23093385214007783 0.0769607843137255 0.08754863813229573
6 0.7580882352941176 0.43949416342412456 0.14558823529411766 0.12256809338521402
4 0.5678921568627451 0.4124513618677043 0.12205882352941176 0.10116731517509728
4 0.4818627450980392 0.40428015564202335 0.08627450980392157 0.10350194552529184
4 0.4 0.41498054474708174 0.0892156862745098 0.10622568093385215
4 0.32426470588235295 0.45856031128404673 0.07401960784313726 0.09922178988326849
3 0.34215686274509804 0.5375486381322958 0.06862745098039216 0.12023346303501946
3 0.40147058823529413 0.5151750972762646 0.07450980392156863 0.1463035019455253
3 0.4713235294117647 0.5058365758754865 0.07107843137254902 0.1556420233463035
3 0.5514705882352942 0.5093385214007783 0.08333333333333333 0.14863813229571984
4 0.6887254901960784 0.5445525291828794 0.10980392156862745 0.1038910505836576
2 0.6056372549019607 0.6496108949416343 0.16323529411764706 0.1085603112840467
1 0.3377450980392157 0.8062256809338522 0.10686274509803921 0.16731517509727628
0 0.4536764705882353 0.7980544747081713 0.1661764705882353 0.1556420233463035
