0 0.5127450980392156 0.7519455252918289 0.15588235294117647 0.15758754863813232
1 0.3963235294117647 0.7538910505836577 0.1034313725490196 0.1396887159533074
2 0.6551470588235294 0.6095330739299611 0.16323529411764706 0.1217898832684825
3 0.5924019607843137 0.44066147859922183 0.10833333333333334 0.16770428015564204
3 0.5019607843137255 0.4447470817120623 0.09803921568627451 0.1556420233463035
3 0.4340686274509804 0.45661478599221794 0.08774509803921568 0.1396887159533074
3 0.358578431372549 0.48657587548638137 0.08284313725490196 0.13579766536964982
4 0.7659313725490196 0.5044747081712062 0.1230392156862745 0.10778210116731518
4 0.5987745098039216 0.3272373540856031 0.09558823529411764 0.12373540856031129
4 0.5014705882352941 0.3340466926070039 0.09803921568627451 0.12957198443579768
4 0.4215686274509804 0.36206225680933857 0.09313725490196079 0.1217898832684825
4 0.3321078431372549 0.41575875486381325 0.10049019607843138 0.09766536964980545
6 0.8549019607843137 0.4357976653696498 0.15588235294117647 0.10972762645914398
6 0.6389705882352941 0.1445525291828794 0.10049019607843138 0.10155642023346305
6 0.5019607843137255 0.12354085603112841 0.09313725490196079 0.10778210116731518
6 0.37745098039215685 0.1595330739299611 0.12058823529411765 0.1198443579766537
6 0.21004901960784314 0.27354085603112843 0.12107843137254902 0.09961089494163425
5 0.28284313725490196 0.3577821011673152 0.09803921568627451 0.07587548638132297
5 0.4017156862745098 0.2690661478599222 0.08872549019607844 0.07587548638132297
5 0.5053921568627451 0.23365758754863813 0.11372549019607843 0.06342412451361869
5 0.625 0.24085603112840467 0.10686274509803921 0.07782101167315175
