1 0.2563725490196078 0.704863813229572 0.09607843137254901 0.14747081712062257
0 0.3610294117647059 0.721206225680934 0.16323529411764706 0.16692607003891052
2 0.5186274509803922 0.617704280155642 0.16372549019607843 0.10544747081712064
3 0.5348039215686274 0.48171206225680935 0.09803921568627451 0.14085603112840467
3 0.45269607843137255 0.4587548638132296 0.08774509803921568 0.13463035019455255
3 0.3821078431372549 0.453307392996109 0.08186274509803922 0.12295719844357977
3 0.2995098039215686 0.459727626459144 0.07941176470588235 0.12645914396887162
4 0.6526960784313726 0.5556420233463035 0.11715686274509804 0.09805447470817122
4 0.5629901960784314 0.39260700389105063 0.08774509803921568 0.11206225680933853
4 0.471078431372549 0.3618677042801557 0.07941176470588235 0.11828793774319067
4 0.3862745098039216 0.36322957198443584 0.07352941176470588 0.1085603112840467
4 0.2872549019607843 0.3780155642023347 0.07549019607843137 0.09221789883268483
5 0.6313725490196078 0.309727626459144 0.08137254901960785 0.0793774319066148
5 0.5191176470588236 0.2587548638132296 0.09803921568627451 0.07159533073929962
5 0.4137254901960784 0.2587548638132296 0.09607843137254901 0.0840466926070039
5 0.2678921568627451 0.3066147859922179 0.09362745098039216 0.07315175097276265
6 0.7651960784313725 0.49046692607003894 0.1284313725490196 0.10700389105058367
6 0.6938725490196078 0.23365758754863813 0.10833333333333334 0.09221789883268483
6 0.5446078431372549 0.15836575875486383 0.09215686274509804 0.09727626459143969
6 0.44656862745098036 0.16478599221789886 0.08333333333333333 0.10077821011673152
6 0.23823529411764705 0.2321011673151751 0.08823529411764705 0.08910505836575876
