6 0.6387254901960784 0.16926070038910507 0.08039215686274509 0.09182879377431907
6 0.5144607843137254 0.14649805447470818 0.08774509803921568 0.09766536964980545
6 0.3975490196078431 0.177431906614786 0.10098039215686275 0.09961089494163425
6 0.30637254901960786 0.27801556420233464 0.08039215686274509 0.09377431906614786
6 0.7644607843137254 0.3850194552529183 0.1053921568627451 0.11556420233463036
5 0.628921568627451 0.266147859922179 0.11568627450980393 0.07782101167315175
5 0.513235294117647 0.25233463035019454 0.10588235294117647 0.08988326848249027
5 0.40637254901960784 0.28326848249027237 0.09313725490196079 0.08793774319066149
5 0.32230392156862747 0.3540856031128405 0.1053921568627451 0.07003891050583658
4 0.6183823529411765 0.36050583657587554 0.11127450980392156 0.10622568093385215
4 0.5134803921568627 0.36128404669260705 0.08676470588235294 0.10155642023346305
4 0.42573529411764705 0.3867704280155642 0.08088235294117647 0.1019455252918288
4 0.35049019607843135 0.4256809338521401 0.08823529411764705 0.09883268482490273
3 0.6078431372549019 0.45038910505836577 0.09019607843137255 0.14202334630350197
3 0.5125 0.4517509727626459 0.08088235294117647 0.12996108949416343
3 0.4360294117647059 0.4692607003891051 0.08480392156862746 0.12140077821011674
3 0.3674019607843137 0.5033073929961089 0.08480392156862746 0.11089494163424125
4 0.7230392156862745 0.4900778210116732 0.09803921568627451 0.08988326848249027
2 0.658578431372549 0.6031128404669261 0.1338235294117647 0.11673151750972763
1 0.4004901960784314 0.7406614785992218 0.09411764705882353 0.10933852140077822
0 0.5078431372549019 0.7480544747081712 0.15098039215686274 0.10933852140077822
