1 0.3980392156862745 0.7402723735408561 0.09215686274509804 0.13657587548638134
0 0.4968137254901961 0.7214007782101168 0.14558823529411766 0.16498054474708174
2 0.5968137254901961 0.5527237354085603 0.14558823529411766 0.11322957198443581
3 0.5235294117647059 0.44435797665369653 0.08627450980392157 0.14163424124513618
3 0.44901960784313727 0.44435797665369653 0.08627450980392157 0.13229571984435798
3 0.38235294117647056 0.4643968871595331 0.0892156862745098 0.12023346303501946
3 0.3318627450980392 0.4998054474708172 0.08333333333333333 0.11556420233463036
4 0.6480392156862745 0.4501945525291829 0.09215686274509804 0.08715953307392997
4 0.5362745098039216 0.3523346303501946 0.09803921568627451 0.10155642023346305
4 0.4504901960784314 0.3476653696498055 0.07745098039215687 0.10311284046692608
4 0.3674019607843137 0.375875486381323 0.07990196078431372 0.09416342412451363
4 0.2931372549019608 0.42918287937743194 0.07745098039215687 0.07392996108949416
6 0.667156862745098 0.3513618677042802 0.09117647058823529 0.09571984435797666
6 0.5700980392156862 0.18657587548638133 0.09803921568627451 0.09221789883268483
6 0.45416666666666666 0.16400778210116732 0.08872549019607844 0.10155642023346305
6 0.3517156862745098 0.20155642023346304 0.08186274509803922 0.11206225680933853
6 0.21348039215686274 0.309727626459144 0.10049019607843138 0.09571984435797666
5 0.25735294117647056 0.37568093385214013 0.07549019607843137 0.061867704280155644
5 0.36176470588235293 0.2980544747081712 0.08627450980392157 0.06147859922178989
5 0.4517156862745098 0.2579766536964981 0.075 0.07237354085603113
5 0.5534313725490196 0.26459143968871596 0.09117647058823529 0.0669260700389105
