1 0.36988110964332893 0.7377690802348336 0.12945838837516513 0.1634050880626223
0 0.4986789960369881 0.738013698630137 0.1928665785997358 0.17954990215264188
2 0.6677675033025099 0.5907534246575342 0.20343461030383092 0.10518590998043052
3 0.6007265521796565 0.4278375733855186 0.10766182298546896 0.1453033268101761
3 0.4907529722589168 0.43052837573385516 0.11756935270805813 0.1506849315068493
3 0.41149273447820345 0.44960861056751467 0.10039630118890357 0.14090019569471623
3 0.32694848084544254 0.48043052837573386 0.10303830911492734 0.13405088062622308
4 0.761889035667107 0.49902152641878667 0.13672391017173052 0.09980430528375733
4 0.6142668428005285 0.33268101761252444 0.1096433289299868 0.11448140900195694
4 0.49438573315719947 0.33170254403131116 0.11030383091149273 0.11252446183953033
4 0.38077939233817704 0.3544520547945205 0.10766182298546896 0.11399217221135029
4 0.2843461030383091 0.4158512720156555 0.12483487450462351 0.08512720156555773
6 0.8490752972258917 0.412426614481409 0.15389696169088507 0.11741682974559686
6 0.6816380449141347 0.1560665362035225 0.11228533685601057 0.1086105675146771
6 0.476221928665786 0.10616438356164383 0.11756935270805813 0.11741682974559686
6 0.3143989431968296 0.1560665362035225 0.0977542932628798 0.10176125244618395
6 0.14101717305151915 0.2957436399217221 0.1023778071334214 0.09050880626223091
5 0.21301188903566712 0.3625244618395303 0.11030383091149273 0.08317025440313111
5 0.3467635402906209 0.2583170254403131 0.13210039630118892 0.08512720156555773
5 0.48645970937912814 0.21795499021526418 0.12483487450462351 0.09931506849315068
5 0.6680977542932629 0.2411937377690802 0.13011889035667107 0.08708414872798434
