5 0.6327608982826949 0.2382583170254403 0.10171730515191546 0.08414872798434442
5 0.4894319682959049 0.21428571428571427 0.11624834874504623 0.08414872798434442
5 0.3381770145310436 0.2526908023483366 0.10568031704095113 0.07974559686888454
5 0.20904887714663145 0.33977495107632094 0.09180977542932629 0.07974559686888454
6 0.15620871862615587 0.25415851272015655 0.1155878467635403 0.11007827788649706
6 0.32100396301188905 0.13820939334637963 0.14002642007926025 0.1159491193737769
6 0.511889035667107 0.0931996086105675 0.12813738441215325 0.11007827788649706
6 0.6482826948480845 0.14579256360078277 0.10766182298546896 0.10371819960861056
6 0.8563408190224571 0.4009295499021526 0.1499339498018494 0.12084148727984344
4 0.5931307793923382 0.3431996086105675 0.11228533685601057 0.11888454011741682
4 0.47225891677675036 0.33830724070450097 0.11360634081902246 0.11888454011741682
4 0.369550858652576 0.3639921722113503 0.09973579920739763 0.12524461839530332
4 0.26585204755614267 0.4107142857142857 0.11955085865257596 0.1159491193737769
4 0.7473579920739762 0.4860567514677103 0.1261558784676354 0.09931506849315068
3 0.3035006605019815 0.49877690802348335 0.09709379128137384 0.13258317025440314
3 0.38077939233817704 0.45425636007827785 0.1010568031704095 0.11007827788649706
3 0.4600396301188904 0.4408023483365949 0.09709379128137384 0.13992172211350293
3 0.5789299867899603 0.4500978473581213 0.11162483487450463 0.14090019569471623
2 0.6377146631439894 0.6049412915851272 0.16842800528401586 0.1012720156555773
1 0.40224570673712023 0.7825342465753424 0.1202113606340819 0.14628180039138944
0 0.5079260237780714 0.7522015655577299 0.15852047556142668 0.17759295499021527
