0 0.5629901960784314 0.8046692607003891 0.1661764705882353 0.14474708171206227
1 0.47009803921568627 0.822762645914397 0.07549019607843137 0.11556420233463036
2 0.6615196078431372 0.6418287937743191 0.12990196078431374 0.11245136186770428
3 0.5872549019607843 0.516147859922179 0.10490196078431373 0.14280155642023348
3 0.5031862745098039 0.52431906614786 0.07303921568627451 0.1303501945525292
3 0.446078431372549 0.5585603112840467 0.07745098039215687 0.13735408560311285
3 0.3911764705882353 0.585603112840467 0.10490196078431373 0.133852140077821
4 0.7058823529411764 0.5151750972762646 0.10490196078431373 0.10116731517509728
4 0.595343137254902 0.41108949416342416 0.10735294117647058 0.10700389105058367
4 0.4963235294117647 0.42120622568093385 0.10049019607843138 0.11945525291828794
4 0.42083333333333334 0.46284046692607006 0.10049019607843138 0.11945525291828794
4 0.3526960784313725 0.5079766536964981 0.10049019607843138 0.08677042801556421
6 0.7492647058823529 0.4064202334630351 0.1230392156862745 0.11945525291828794
6 0.5909313725490196 0.2254863813229572 0.09362745098039216 0.0906614785992218
6 0.458578431372549 0.20933852140077822 0.10245098039215686 0.10505836575875487
6 0.3514705882352941 0.2643968871595331 0.0892156862745098 0.10311284046692608
6 0.24558823529411763 0.36673151750972766 0.07745098039215687 0.0906614785992218
5 0.3014705882352941 0.4445525291828794 0.09803921568627451 0.07587548638132297
5 0.38431372549019605 0.37217898832684826 0.10490196078431373 0.0688715953307393
5 0.471078431372549 0.32607003891050584 0.09607843137254901 0.07392996108949416
5 0.5897058823529412 0.3134241245136187 0.10490196078431373 0.08521400778210117
