5 0.5595588235294118 0.29319066147859923 0.11323529411764706 0.07976653696498055
5 0.4458333333333333 0.2813229571984436 0.08774509803921568 0.07782101167315175
5 0.35245098039215683 0.3190661478599222 0.08529411764705883 0.08015564202334631
5 0.27181372549019606 0.38093385214007786 0.09068627450980392 0.07159533073929962
6 0.2428921568627451 0.3060311284046693 0.08774509803921568 0.08599221789883268
6 0.3272058823529412 0.21828793774319066 0.11029411764705882 0.1019455252918288
6 0.4267156862745098 0.18424124513618678 0.11813725490196078 0.08988326848249027
6 0.571078431372549 0.20525291828793776 0.09019607843137255 0.08365758754863814
6 0.7068627450980393 0.4058365758754864 0.09019607843137255 0.11750972762645916
4 0.5433823529411764 0.38190661478599225 0.10049019607843138 0.10155642023346305
4 0.4553921568627451 0.3859922178988327 0.08529411764705883 0.1019455252918288
4 0.383578431372549 0.4077821011673152 0.07794117647058824 0.1019455252918288
4 0.31470588235294117 0.4398832684824903 0.07058823529411765 0.08599221789883268
3 0.3321078431372549 0.5196498054474709 0.06519607843137255 0.12568093385214008
4 0.6703431372549019 0.5105058365758756 0.10833333333333334 0.09182879377431907
3 0.39509803921568626 0.4955252918287938 0.07058823529411765 0.1217898832684825
3 0.45416666666666666 0.4766536964980545 0.08284313725490196 0.1276264591439689
3 0.5333333333333333 0.46284046692607006 0.08039215686274509 0.10778210116731518
2 0.5926470588235294 0.6157587548638133 0.13529411764705881 0.11245136186770428
1 0.3838235294117647 0.7799610894941634 0.09803921568627451 0.14747081712062257
0 0.47941176470588237 0.7700389105058366 0.13823529411764707 0.15175097276264593
