1 0.3536764705882353 0.8379377431906615 0.1034313725490196 0.1342412451361868
0 0.478921568627451 0.8412451361867704 0.18529411764705883 0.14085603112840467
2 0.6029411764705882 0.6739299610894942 0.14313725490196078 0.1330739299610895
3 0.5446078431372549 0.4963035019455253 0.1 0.1443579766536965
3 0.4411764705882353 0.4996108949416343 0.09019607843137255 0.1377431906614786
3 0.3526960784313725 0.5198443579766537 0.0838235294117647 0.1198443579766537
3 0.2801470588235294 0.5587548638132296 0.0857843137254902 0.12295719844357977
4 0.696813725490196 0.5536964980544747 0.1142156862745098 0.09727626459143969
4 0.5426470588235294 0.3910505836575876 0.1 0.11828793774319067
4 0.4372549019607843 0.4070038910505837 0.09803921568627451 0.11828793774319067
4 0.3463235294117647 0.42976653696498057 0.11225490196078432 0.12490272373540857
4 0.254656862745098 0.48326848249027243 0.09166666666666666 0.1019455252918288
6 0.7436274509803922 0.4330739299610895 0.1264705882352941 0.14085603112840467
6 0.5352941176470588 0.19630350194552532 0.09803921568627451 0.11167315175097277
6 0.39558823529411763 0.1737354085603113 0.10392156862745097 0.12801556420233465
6 0.2892156862745098 0.21750972762645915 0.09215686274509804 0.11206225680933853
6 0.1892156862745098 0.3317120622568094 0.09215686274509804 0.1038910505836576
5 0.21470588235294116 0.4136186770428016 0.10588235294117647 0.07626459143968872
5 0.31176470588235294 0.31789883268482494 0.1 0.08249027237354087
5 0.42083333333333334 0.28560311284046697 0.11029411764705882 0.08249027237354087
5 0.5455882352941176 0.2945525291828794 0.09803921568627451 0.07782101167315175
