2 0.6029411764705882 0.5922178988326848 0.13627450980392156 0.13618677042801558
3 0.34681372549019607 0.4998054474708172 0.07892156862745098 0.13190661478599222
3 0.41911764705882354 0.47821011673151753 0.07647058823529412 0.14474708171206227
3 0.48848039215686273 0.4391050583657588 0.07892156862745098 0.12334630350194553
3 0.5784313725490196 0.44241245136186774 0.09019607843137255 0.12140077821011674
4 0.6752450980392157 0.4900778210116732 0.1034313725490196 0.0906614785992218
4 0.5906862745098039 0.35817120622568094 0.09803921568627451 0.1038910505836576
4 0.5063725490196078 0.354863813229572 0.08725490196078431 0.1019455252918288
4 0.4245098039215686 0.3840466926070039 0.08725490196078431 0.08638132295719846
4 0.3482843137254902 0.4198443579766537 0.08186274509803922 0.088715953307393
6 0.7105392156862745 0.3830739299610895 0.1034313725490196 0.11011673151750974
6 0.6178921568627451 0.17762645914396888 0.06519607843137255 0.10622568093385215
6 0.5401960784313725 0.1453307392996109 0.08431372549019608 0.10155642023346305
6 0.458578431372549 0.18210116731517512 0.07892156862745098 0.09727626459143969
6 0.35637254901960785 0.25544747081712066 0.08725490196078431 0.07976653696498055
5 0.3428921568627451 0.3418287937743191 0.08186274509803922 0.07587548638132297
5 0.43676470588235294 0.269455252918288 0.08431372549019608 0.06031128404669261
5 0.529656862745098 0.25 0.07892156862745098 0.07354085603112841
5 0.6166666666666667 0.2739299610894942 0.09019607843137255 0.07782101167315175
1 0.38088235294117645 0.7503891050583658 0.10882352941176471 0.1622568093385214
0 0.4843137254901961 0.7461089494163424 0.14705882352941177 0.166147859922179
