1 0.4431968295904888 0.8011252446183953 0.10039630118890357 0.13062622309197652
0 0.5501981505944518 0.8028375733855185 0.14927344782034346 0.18101761252446183
2 0.6558784676354029 0.6345401174168297 0.11492734478203434 0.09784735812133072
3 0.6112945838837517 0.5070939334637965 0.09577278731836196 0.1159491193737769
3 0.5224570673712021 0.5092954990215264 0.07793923381770146 0.11937377690802348
3 0.464002642007926 0.5229941291585127 0.1023778071334214 0.11056751467710371
3 0.3821003963011889 0.5364481409001957 0.0904887714663144 0.09050880626223091
4 0.7787318361955086 0.5481898238747553 0.08850726552179657 0.09637964774951076
4 0.6106340819022457 0.4180528375733855 0.1023778071334214 0.10322896281800391
4 0.5191545574636725 0.41976516634050876 0.08058124174372523 0.09980430528375733
4 0.4431968295904888 0.44691780821917804 0.095112285336856 0.0885518590998043
4 0.36360634081902243 0.48043052837573386 0.09313077939233817 0.07240704500978473
6 0.8596433289299868 0.4735812133072407 0.12219286657859973 0.0958904109589041
6 0.6387054161162483 0.2512230919765166 0.10039630118890357 0.07778864970645792
6 0.5042932628797886 0.21306262230919765 0.11030383091149273 0.09246575342465753
6 0.39068692206076616 0.24681996086105673 0.09313077939233817 0.07974559686888454
6 0.2754293262879789 0.34980430528375733 0.09247027741083223 0.08708414872798434
5 0.6169088507265522 0.32999021526418787 0.11492734478203434 0.06506849315068493
5 0.5128797886393659 0.312866927592955 0.09313077939233817 0.06311154598825831
5 0.4134742404227213 0.34099804305283754 0.10039630118890357 0.07632093933463796
5 0.3035006605019815 0.4187866927592955 0.10501981505944517 0.0684931506849315
