3 0.2968956406869221 0.571917808219178 0.10766182298546896 0.1643835616438356
3 0.40686922060766184 0.5200587084148728 0.0964332892998679 0.12915851272015655
3 0.5056142668428005 0.4963307240704501 0.11162483487450463 0.15117416829745595
3 0.6271466314398944 0.49730919765166337 0.1023778071334214 0.15802348336594912
4 0.7830250990752973 0.5547945205479452 0.15918097754293262 0.11350293542074363
2 0.6842800528401586 0.7003424657534246 0.22192866578599735 0.11986301369863013
6 0.8715323645970938 0.44129158512720157 0.21598414795244386 0.162426614481409
6 0.6809775429326288 0.16046966731898238 0.13210039630118892 0.13307240704500978
6 0.5056142668428005 0.11276908023483365 0.12351387054161163 0.13551859099804303
6 0.3632760898282695 0.1560665362035225 0.13210039630118892 0.14677103718199608
6 0.19616908850726553 0.2683463796477495 0.09907529722589167 0.11790606653620352
5 0.22324966974900926 0.3705968688845401 0.11096433289299867 0.08659491193737769
5 0.38110964332893 0.29500978473581213 0.13210039630118892 0.09980430528375733
5 0.5175033025099075 0.25048923679060664 0.12351387054161163 0.1086105675146771
5 0.6766842800528402 0.28277886497064575 0.1406869220607662 0.10665362035225048
4 0.27443857331571997 0.4637964774951076 0.11690885072655217 0.11350293542074363
4 0.39299867899603697 0.42049902152641877 0.11360634081902246 0.11986301369863013
4 0.5175033025099075 0.3884540117416829 0.11690885072655217 0.1223091976516634
4 0.6542272126816381 0.39603718199608606 0.1142668428005284 0.12475538160469667
1 0.3345442536327609 0.8664383561643835 0.12351387054161163 0.17123287671232876
0 0.4844782034346103 0.8798923679060665 0.21334214002642007 0.18933463796477495
