0 0.5651960784313725 0.7239299610894943 0.11470588235294117 0.11867704280155643
1 0.48161764705882354 0.7392996108949417 0.07794117647058824 0.10739299610894942
2 0.6448529411764706 0.5768482490272374 0.0965686274509804 0.09143968871595332
3 0.3977941176470588 0.5270428015564202 0.062254901960784315 0.10233463035019456
3 0.44754901960784316 0.4906614785992218 0.061764705882352944 0.11361867704280157
3 0.5112745098039215 0.4560311284046693 0.08431372549019608 0.11595330739299611
3 0.580392156862745 0.44961089494163425 0.07941176470588235 0.10622568093385215
4 0.7068627450980393 0.4659533073929961 0.07941176470588235 0.07898832684824904
4 0.5789215686274509 0.37062256809338523 0.07941176470588235 0.08132295719844358
4 0.4965686274509804 0.37490272373540856 0.07647058823529412 0.08754863813229573
4 0.432843137254902 0.41322957198443583 0.07941176470588235 0.09027237354085604
4 0.3698529411764706 0.46381322957198445 0.0838235294117647 0.07782101167315175
6 0.7470588235294118 0.3922178988326849 0.07941176470588235 0.10505836575875487
6 0.5443627450980392 0.22568093385214008 0.07303921568627451 0.07159533073929962
6 0.4536764705882353 0.19591439688715956 0.07794117647058824 0.08054474708171207
6 0.3781862745098039 0.23852140077821013 0.06715686274509804 0.0840466926070039
6 0.27475490196078434 0.34299610894941635 0.07794117647058824 0.08521400778210117
5 0.5612745098039216 0.2879377431906615 0.07156862745098039 0.056809338521400785
5 0.47941176470588237 0.2830739299610895 0.08529411764705883 0.0642023346303502
5 0.40098039215686276 0.3293774319066148 0.07450980392156863 0.06809338521400779
5 0.3191176470588235 0.4058365758754864 0.060784313725490195 0.06070038910505837
