5 0.6340819022457067 0.2632093933463796 0.14795244385733158 0.08610567514677103
5 0.4914134742404227 0.2455968688845401 0.14795244385733158 0.0821917808219178
5 0.3619550858652576 0.2906066536203522 0.13210039630118892 0.07827788649706457
5 0.22985468956406868 0.38062622309197647 0.1215323645970938 0.08610567514677103
6 0.20079260237780713 0.29452054794520544 0.12681638044914134 0.13307240704500978
6 0.3368560105680317 0.16903131115459882 0.1215323645970938 0.11888454011741682
6 0.48348745046235136 0.13209393346379647 0.13606340819022458 0.11350293542074363
6 0.6459709379128138 0.1597358121330724 0.11756935270805813 0.10616438356164383
6 0.8870541611624835 0.4584148727984344 0.1571994715984148 0.13209393346379647
4 0.5941215323645971 0.3593444227005871 0.13540290620871862 0.11888454011741682
4 0.48348745046235136 0.36497064579256355 0.13210039630118892 0.11643835616438356
4 0.3781373844121532 0.39652641878669276 0.11030383091149273 0.11399217221135029
4 0.2747688243064729 0.43884540117416826 0.0964332892998679 0.1086105675146771
3 0.31406869220607664 0.512720156555773 0.1036988110964333 0.11350293542074363
3 0.38870541611624837 0.4823874755381604 0.0891677675033025 0.12720156555772993
3 0.4709379128137384 0.4545009784735812 0.10303830911492734 0.1350293542074364
3 0.5726552179656539 0.44936399217221135 0.10700132100396301 0.1296477495107632
4 0.7886393659180978 0.5432974559686888 0.13210039630118892 0.10029354207436399
2 0.6463011889035667 0.6081213307240704 0.17899603698811098 0.12426614481409001
1 0.3996036988110964 0.7996575342465753 0.11756935270805813 0.14823874755381605
0 0.51221928665786 0.7769080234833659 0.1750330250990753 0.17416829745596868
