5 0.5602941176470588 0.3124513618677043 0.09117647058823529 0.06848249027237355
5 0.4392156862745098 0.32587548638132297 0.06862745098039216 0.06342412451361869
5 0.38088235294117645 0.37217898832684826 0.08431372549019608 0.05797665369649806
5 0.3399509803921569 0.43015564202334633 0.0661764705882353 0.05797665369649806
6 0.30563725490196075 0.36225680933852145 0.0661764705882353 0.08171206225680934
6 0.7004901960784313 0.37840466926070043 0.09803921568627451 0.11400778210116733
6 0.5441176470588235 0.23093385214007783 0.08627450980392157 0.07587548638132297
6 0.403921568627451 0.23190661478599223 0.08431372549019608 0.09571984435797666
6 0.3355392156862745 0.28346303501945525 0.075 0.0906614785992218
4 0.37083333333333335 0.47801556420233465 0.07303921568627451 0.07431906614785992
4 0.4279411764705882 0.4544747081712063 0.06372549019607843 0.07782101167315175
4 0.4781862745098039 0.41653696498054477 0.07303921568627451 0.08521400778210117
4 0.5497549019607844 0.3929961089494164 0.0661764705882353 0.07782101167315175
4 0.6808823529411765 0.47996108949416344 0.07254901960784313 0.07042801556420233
3 0.3992647058823529 0.5459143968871596 0.0661764705882353 0.10505836575875487
3 0.4426470588235294 0.5142023346303503 0.061764705882352944 0.09610894941634242
3 0.48823529411764705 0.4889105058365759 0.06568627450980392 0.11400778210116733
3 0.5566176470588236 0.4643968871595331 0.07107843137254902 0.09766536964980545
2 0.6365196078431372 0.5974708171206226 0.08872549019607844 0.09221789883268483
1 0.49754901960784315 0.7486381322957198 0.07058823529411765 0.12295719844357977
0 0.582843137254902 0.7431906614785992 0.12745098039215685 0.1377431906614786
