6 0.6887323943661973 0.20786767992847566 0.09408450704225353 0.09655789003129191
6 0.5067605633802817 0.21725525257040681 0.09633802816901409 0.0929816718819848
6 0.3563380281690141 0.2972731336611533 0.12450704225352113 0.09655789003129191
6 0.2673239436619718 0.4669199821189093 0.10535211267605635 0.07465355386678588
6 0.9185915492957747 0.42489941886455074 0.10309859154929578 0.09879302637460885
5 0.6943661971830987 0.3039785426911042 0.09633802816901409 0.06884219937416182
5 0.5430985915492959 0.315824765310684 0.10816901408450705 0.07465355386678588
5 0.4292957746478874 0.3848904783191775 0.09577464788732395 0.07063030844881538
5 0.35887323943661975 0.5060348681269558 0.06760563380281691 0.06705409029950828
4 0.4307042253521127 0.5413500223513634 0.09859154929577466 0.07420652659812249
4 0.49605633802816906 0.47049620026821637 0.09408450704225353 0.09342869915064819
4 0.5738028169014084 0.4204291461779169 0.09408450704225353 0.10058113544926241
4 0.6887323943661973 0.39696021457308894 0.09408450704225353 0.08761734465802415
4 0.8554929577464789 0.5122932498882432 0.09859154929577466 0.09119356280733125
3 0.6946478873239437 0.48725972284309343 0.08225352112676057 0.13410818059901655
3 0.5923943661971831 0.5116227089852481 0.0895774647887324 0.12650871703173894
3 0.5338028169014085 0.5422440768886903 0.07492957746478873 0.09834599910594546
3 0.4819718309859155 0.5849351810460438 0.10084507042253521 0.09521680822530175
2 0.7873239436619719 0.6164506034868127 0.12901408450704227 0.09119356280733125
1 0.6430985915492958 0.8140366562360304 0.12450704225352113 0.1546714349575324
0 0.7507042253521127 0.7746982565936522 0.15492957746478875 0.17702279839070184
