5 0.553921568627451 0.4143968871595331 0.07745098039215687 0.06147859922178989
5 0.4588235294117647 0.39007782101167315 0.08333333333333333 0.06498054474708172
5 0.3730392156862745 0.4070038910505837 0.08823529411764705 0.05992217898832685
5 0.2872549019607843 0.46381322957198445 0.07156862745098039 0.056809338521400785
6 0.25245098039215685 0.4031128404669261 0.07549019607843137 0.07782101167315175
6 0.37107843137254903 0.31789883268482494 0.07549019607843137 0.07315175097276265
6 0.47230392156862744 0.2953307392996109 0.0857843137254902 0.08249027237354087
6 0.571078431372549 0.34396887159533074 0.09607843137254901 0.07626459143968872
6 0.7110294117647059 0.5449416342412452 0.11029411764705882 0.09922178988326849
4 0.528921568627451 0.482295719844358 0.07745098039215687 0.08754863813229573
4 0.4536764705882353 0.469455252918288 0.06911764705882353 0.08443579766536966
4 0.3801470588235294 0.48579766536964986 0.06911764705882353 0.08132295719844358
4 0.3137254901960784 0.5093385214007783 0.054901960784313725 0.06303501945525292
3 0.3272058823529412 0.5717898832684826 0.061274509803921566 0.08754863813229573
3 0.3816176470588235 0.5519455252918288 0.057352941176470586 0.08754863813229573
3 0.4455882352941176 0.5449416342412452 0.06568627450980392 0.0953307392996109
3 0.5191176470588236 0.5515564202334631 0.07352941176470588 0.08599221789883268
4 0.6345588235294117 0.601750972762646 0.08774509803921568 0.07276264591439689
2 0.5517156862745098 0.6723735408560312 0.1142156862745098 0.07782101167315175
1 0.35073529411764703 0.7686770428015565 0.08774509803921568 0.11478599221789884
0 0.4340686274509804 0.7690661478599222 0.13284313725490196 0.11011673151750974
