1 0.5056372549019608 0.8972762645914397 0.1338235294117647 0.1556420233463035
0 0.6308823529411764 0.8784046692607005 0.19019607843137254 0.19105058365758756
2 0.7431372549019608 0.6801556420233463 0.1696078431372549 0.1276264591439689
3 0.6259803921568627 0.5068093385214009 0.10686274509803921 0.18171206225680936
3 0.5232843137254902 0.521011673151751 0.12205882352941176 0.1813229571984436
3 0.4549019607843137 0.5494163424124514 0.10980392156862745 0.15330739299610896
3 0.38529411764705884 0.5918287937743191 0.10098039215686275 0.14863813229571984
2 0.8279411764705882 0.5303501945525292 0.1303921568627451 0.12996108949416343
6 0.8620098039215686 0.40428015564202335 0.13970588235294118 0.15097276264591442
6 0.6406862745098039 0.16011673151750974 0.10098039215686275 0.1342412451361868
6 0.4950980392156863 0.12587548638132295 0.12450980392156863 0.11789883268482491
6 0.3553921568627451 0.18735408560311284 0.10686274509803921 0.11789883268482491
6 0.25 0.3075875486381323 0.09803921568627451 0.12256809338521402
5 0.6497549019607843 0.27801556420233464 0.1661764705882353 0.09221789883268483
5 0.5041666666666667 0.26750972762645914 0.13088235294117648 0.08988326848249027
5 0.3977941176470588 0.332295719844358 0.13970588235294118 0.08715953307392997
5 0.29901960784313725 0.41478599221789886 0.11862745098039215 0.07315175097276265
4 0.34877450980392155 0.5021400778210117 0.14558823529411766 0.11556420233463036
4 0.42401960784313725 0.45389105058365764 0.11274509803921569 0.12256809338521402
4 0.5144607843137254 0.40175097276264593 0.11029411764705882 0.11789883268482491
4 0.6267156862745098 0.3912451361867705 0.13970588235294118 0.12256809338521402
