4 0.6023778071334214 0.4170743639921722 0.11889035667107001 0.1296477495107632
4 0.4844782034346103 0.42147749510763205 0.1023778071334214 0.11790606653620352
4 0.3953104359313078 0.4584148727984344 0.1023778071334214 0.10763209393346379
4 0.31737120211360637 0.5092954990215264 0.09180977542932629 0.10176125244618395
4 0.7846763540290621 0.5562622309197651 0.12681638044914134 0.09980430528375733
6 0.8632760898282695 0.4584148727984344 0.13738441215323646 0.1360078277886497
6 0.6027080581241744 0.2189334637964775 0.1023778071334214 0.1159491193737769
6 0.4610303830911493 0.1780821917808219 0.13210039630118892 0.1379647749510763
6 0.3157199471598415 0.24877690802348335 0.1215323645970938 0.1159491193737769
6 0.22424042272126818 0.35469667318982384 0.09973579920739763 0.10763209393346379
5 0.26254953764861294 0.4390900195694716 0.11822985468956407 0.08170254403131115
5 0.3510568031704095 0.35347358121330724 0.10501981505944517 0.07387475538160469
5 0.4831571994715984 0.3079745596868884 0.10501981505944517 0.07778864970645792
5 0.6149273447820344 0.3231409001956947 0.13738441215323646 0.07778864970645792
3 0.3441215323645971 0.5924657534246575 0.08586525759577279 0.14383561643835616
3 0.41974900924702774 0.5484344422700587 0.09180977542932629 0.10763209393346379
3 0.4924042272126816 0.5203033268101761 0.09709379128137384 0.12377690802348336
3 0.5974240422721269 0.5193248532289628 0.1023778071334214 0.12573385518590996
2 0.6614927344782034 0.6900684931506849 0.14597093791281374 0.1159491193737769
1 0.40918097754293264 0.847358121330724 0.11030383091149273 0.14383561643835616
0 0.5313738441215323 0.8478473581213307 0.15918097754293262 0.14383561643835616
