0 0.33850726552179655 0.7480430528375733 0.1499339498018494 0.14090019569471623
1 0.22655217965653898 0.711839530332681 0.09379128137384413 0.11252446183953033
1 0.5013210039630119 0.6323385518590998 0.13210039630118892 0.11301369863013698
4 0.6505944517833554 0.5873287671232876 0.11624834874504623 0.087573385518591
4 0.547225891677675 0.4038649706457925 0.10501981505944517 0.1012720156555773
4 0.4587186261558785 0.3796477495107632 0.09577278731836196 0.10763209393346379
4 0.35634081902245707 0.38576320939334635 0.0785997357992074 0.09246575342465753
4 0.25 0.4207436399217221 0.09445178335535007 0.08610567514677103
3 0.27443857331571997 0.49168297455968685 0.07595772787318363 0.11937377690802348
3 0.34841479524438573 0.4721135029354207 0.07199471598414796 0.11252446183953033
3 0.42800528401585203 0.46868884540117417 0.08718626155878467 0.10567514677103718
3 0.5142007926023778 0.47700587084148727 0.0891677675033025 0.10273972602739725
6 0.7556142668428005 0.5386497064579256 0.14134742404227213 0.1095890410958904
6 0.6720607661822986 0.2463307240704501 0.1010568031704095 0.09637964774951076
6 0.5521796565389696 0.18737769080234834 0.09907529722589167 0.09784735812133072
6 0.38408190224570676 0.19006849315068491 0.09841479524438573 0.09246575342465753
6 0.14365918097754293 0.28791585127201563 0.1010568031704095 0.08268101761252446
5 0.19848084544253633 0.35665362035225046 0.08520475561426684 0.06457925636007827
5 0.3718626155878468 0.2920743639921722 0.11889035667107001 0.07436399217221135
5 0.5006605019815059 0.28620352250489234 0.11228533685601057 0.07632093933463796
5 0.619220607661823 0.32754403131115456 0.0891677675033025 0.06311154598825831
