5 0.6529062087186261 0.32069471624266144 0.11030383091149273 0.087573385518591
5 0.5208058124174373 0.2928082191780822 0.1155878467635403 0.07583170254403131
5 0.39332892998679 0.31433463796477495 0.09445178335535007 0.08365949119373776
5 0.2820343461030383 0.3816046966731898 0.11360634081902246 0.06555772994129158
6 0.2605680317040951 0.2957436399217221 0.09709379128137384 0.08170254403131115
6 0.417107001321004 0.20499021526418787 0.09709379128137384 0.10371819960861056
6 0.547886393659181 0.18297455968688844 0.09973579920739763 0.09980430528375733
6 0.678335535006605 0.24070450097847357 0.11360634081902246 0.09197651663405088
6 0.8371862615587847 0.5352250489236791 0.1618229854689564 0.09784735812133072
4 0.5855350066050198 0.40582191780821913 0.10501981505944517 0.12181996086105674
4 0.47886393659180976 0.3955479452054794 0.1083223249669749 0.11399217221135029
4 0.38177014531043596 0.4104696673189824 0.08586525759577279 0.10371819960861056
4 0.2820343461030383 0.4464285714285714 0.08586525759577279 0.08365949119373776
4 0.7232496697490093 0.5768101761252445 0.13474240422721268 0.09001956947162426
3 0.29029062087186264 0.5254403131115459 0.08652575957727873 0.1095890410958904
3 0.3682298546895641 0.4926614481409002 0.08124174372523117 0.10371819960861056
3 0.45079260237780716 0.4875244618395303 0.0891677675033025 0.12181996086105674
3 0.5558124174372523 0.49070450097847357 0.09973579920739763 0.0958904109589041
2 0.5743064729194187 0.6572896281800391 0.16974900924702774 0.11007827788649706
1 0.29029062087186264 0.7918297455968688 0.09709379128137384 0.11986301369863013
0 0.40455746367239104 0.7862035225048923 0.15918097754293262 0.14383561643835616
