0 0.48745046235138706 0.9163405088062622 0.2430647291941876 0.15557729941291584
1 0.33322324966974903 0.9009295499021526 0.1380449141347424 0.15117416829745595
2 0.6733817701453104 0.7113502935420744 0.1737120211360634 0.14677103718199608
3 0.6046895640686922 0.5073385518590998 0.1406869220607662 0.1780821917808219
3 0.4725891677675033 0.5039138943248532 0.1287978863936592 0.17123287671232876
3 0.35700132100396303 0.5393835616438356 0.1023778071334214 0.16682974559686886
3 0.2760898282694848 0.6005381604696672 0.1083223249669749 0.19129158512720157
4 0.762549537648613 0.5472113502935421 0.1380449141347424 0.13356164383561642
4 0.6017173051519155 0.39261252446183953 0.15323645970937913 0.1267123287671233
4 0.46202113606340817 0.3918786692759295 0.1380449141347424 0.1379647749510763
4 0.35237780713342143 0.4317514677103718 0.12351387054161163 0.15117416829745595
4 0.24900924702774108 0.4929060665362035 0.1202113606340819 0.1267123287671233
6 0.7922721268163805 0.4072896281800391 0.1618229854689564 0.16878669275929548
6 0.6136063408190224 0.15949119373776907 0.12285336856010567 0.13111545988258316
6 0.4560766182298547 0.10812133072407044 0.1261558784676354 0.13111545988258316
6 0.33751651254953763 0.17367906066536204 0.11096433289299867 0.1379647749510763
6 0.18890356671070013 0.29721135029354206 0.0964332892998679 0.10909980430528375
5 0.21301188903566712 0.4016634050880626 0.1142668428005284 0.0821917808219178
5 0.3299207397622193 0.30381604696673187 0.11955085865257596 0.08708414872798434
5 0.45442536327608984 0.25048923679060664 0.13474240422721268 0.08708414872798434
5 0.6122853368560106 0.2805772994129158 0.14398943196829592 0.09344422700587084
