5 0.6208333333333333 0.2749027237354086 0.09264705882352942 0.07587548638132297
5 0.4860294117647059 0.2575875486381323 0.10637254901960784 0.0669260700389105
5 0.39338235294117646 0.28677042801556424 0.10637254901960784 0.07315175097276265
5 0.2857843137254902 0.35175097276264594 0.08725490196078431 0.06926070038910506
6 0.28308823529411764 0.275875486381323 0.08186274509803922 0.08638132295719846
6 0.39338235294117646 0.1916342412451362 0.09558823529411764 0.0953307392996109
6 0.5117647058823529 0.15700389105058365 0.09215686274509804 0.0953307392996109
6 0.6507352941176471 0.21070038910505837 0.11715686274509804 0.0906614785992218
6 0.7813725490196078 0.4293774319066148 0.12254901960784313 0.1342412451361868
4 0.5691176470588235 0.36031128404669266 0.10882352941176471 0.10817120622568094
4 0.4696078431372549 0.3538910505836576 0.09019607843137255 0.1038910505836576
4 0.38235294117647056 0.38735408560311285 0.08431372549019608 0.10155642023346305
4 0.30220588235294116 0.41770428015564204 0.09264705882352942 0.09299610894941635
4 0.7200980392156863 0.5052529182879377 0.10098039215686275 0.0821011673151751
3 0.5526960784313726 0.44785992217898835 0.08186274509803922 0.13618677042801558
3 0.4504901960784314 0.459727626459144 0.09019607843137255 0.15136186770428017
3 0.38235294117647056 0.4642023346303502 0.08431372549019608 0.11673151750972763
3 0.3156862745098039 0.4974708171206226 0.08725490196078431 0.13190661478599222
2 0.6139705882352942 0.5970817120622568 0.1769607843137255 0.10155642023346305
1 0.3411764705882353 0.7437743190661479 0.10588235294117647 0.18015564202334633
0 0.4598039215686274 0.7521400778210118 0.19019607843137254 0.18365758754863815
