0 0.6532364597093792 0.7945205479452054 0.16380449141347425 0.14677103718199608
1 0.5554821664464994 0.8038160469667318 0.10039630118890357 0.11448140900195694
2 0.7417437252311757 0.6020058708414873 0.13474240422721268 0.1159491193737769
3 0.41842800528401586 0.5856164383561644 0.10501981505944517 0.11937377690802348
3 0.46268163804491413 0.5237279843444227 0.08520475561426684 0.09050880626223091
3 0.5287318361955086 0.4892367906066536 0.10501981505944517 0.09784735812133072
3 0.6205416116248349 0.4740704500978473 0.10766182298546896 0.11741682974559686
4 0.8200132100396301 0.48312133072407043 0.11030383091149273 0.08561643835616438
6 0.9002642007926024 0.3943248532289628 0.14927344782034346 0.13209393346379647
6 0.5785997357992074 0.19324853228962818 0.11756935270805813 0.10665362035225048
6 0.33652575957727876 0.20865949119373775 0.12747688243064728 0.1267123287671233
6 0.22291941875825627 0.2937866927592955 0.13011889035667107 0.11203522504892367
6 0.14960369881109645 0.43590998043052837 0.11955085865257596 0.08904109589041095
5 0.26585204755614267 0.485812133072407 0.10766182298546896 0.06555772994129158
5 0.3157199471598415 0.37720156555772993 0.11492734478203434 0.07632093933463796
5 0.41611624834874505 0.31555772994129155 0.1202113606340819 0.08708414872798434
5 0.5885072655217966 0.2847358121330724 0.11228533685601057 0.06164383561643835
4 0.6046895640686922 0.3762230919765166 0.12483487450462351 0.11056751467710371
4 0.4857992073976222 0.4006849315068493 0.11294583883751651 0.11252446183953033
4 0.40158520475561427 0.45572407045009783 0.13474240422721268 0.10322896281800391
4 0.35237780713342143 0.5229941291585127 0.12483487450462351 0.07436399217221135
