5 0.7097093791281374 0.2884050880626223 0.12351387054161163 0.07778864970645792
5 0.5459048877146632 0.25611545988258316 0.1261558784676354 0.09344422700587084
5 0.38243064729194187 0.2837573385518591 0.09907529722589167 0.07338551859099804
5 0.2473579920739762 0.37842465753424653 0.10501981505944517 0.07583170254403131
6 0.17073976221928666 0.3050391389432485 0.1142668428005284 0.08463796477495107
6 0.37219286657859973 0.17588062622309197 0.1142668428005284 0.1022504892367906
6 0.5670409511228534 0.1470156555772994 0.10766182298546896 0.11986301369863013
6 0.7384412153236459 0.19275929549902152 0.13210039630118892 0.09980430528375733
6 0.9019154557463672 0.48997064579256355 0.1499339498018494 0.11986301369863013
4 0.6390356671070013 0.375 0.1023778071334214 0.11790606653620352
4 0.5217965653896962 0.36374755381604695 0.09907529722589167 0.11790606653620352
4 0.4108322324966975 0.3950587084148728 0.1083223249669749 0.10420743639921722
4 0.3011889035667107 0.4383561643835616 0.11096433289299867 0.08414872798434442
3 0.34346103038309117 0.5195694716242661 0.07529722589167767 0.11741682974559686
3 0.42305151915455746 0.4882583170254403 0.08388375165125496 0.1223091976516634
3 0.5102377807133421 0.4740704500978473 0.09577278731836196 0.1379647749510763
3 0.6165785997357992 0.47162426614481406 0.10501981505944517 0.12915851272015655
4 0.7807133421400264 0.5604207436399217 0.14134742404227213 0.09344422700587084
2 0.6390356671070013 0.6396771037181995 0.1618229854689564 0.10909980430528375
1 0.31935270805812416 0.7651663405088063 0.12351387054161163 0.1643835616438356
0 0.4514531043593131 0.7798434442270058 0.18295904887714665 0.15362035225048923
