0 0.5320343461030383 0.6974070450097847 0.1763540290620872 0.17759295499021527
1 0.4187582562747688 0.7159980430528375 0.11492734478203434 0.13747553816046965
2 0.6601717305151915 0.5190802348336595 0.13408190224570674 0.12133072407045009
3 0.5815719947159842 0.38600782778864967 0.10766182298546896 0.1487279843444227
3 0.4808454425363276 0.3979941291585127 0.0977542932628798 0.13943248532289626
3 0.40752972258916775 0.4224559686888454 0.08850726552179657 0.1267123287671233
3 0.33652575957727876 0.46501956947162426 0.09313077939233817 0.12475538160469667
4 0.76221928665786 0.4160958904109589 0.11228533685601057 0.09637964774951076
4 0.5736459709379128 0.2776418786692759 0.10766182298546896 0.10518590998043052
4 0.464002642007926 0.2928082191780822 0.10766182298546896 0.11399217221135029
4 0.3758256274768824 0.33806262230919765 0.09247027741083223 0.11056751467710371
4 0.2965653896961691 0.3979941291585127 0.10039630118890357 0.08170254403131115
6 0.8424702774108322 0.32607632093933464 0.12747688243064728 0.1159491193737769
6 0.5663804491413474 0.10616438356164383 0.10766182298546896 0.0958904109589041
6 0.4322985468956407 0.10445205479452055 0.10766182298546896 0.10322896281800391
6 0.29359313077939236 0.16316046966731898 0.0904887714663144 0.09442270058708414
6 0.17998678996036988 0.273972602739726 0.09313077939233817 0.08708414872798434
5 0.22886393659180979 0.33635029354207435 0.09313077939233817 0.06702544031311154
5 0.3236459709379128 0.2526908023483366 0.10303830911492734 0.08365949119373776
5 0.44914134742404227 0.19496086105675145 0.12285336856010567 0.07778864970645792
5 0.5643989431968296 0.1925146771037182 0.11955085865257596 0.07778864970645792
