5 0.542156862745098 0.3282101167315175 0.08333333333333333 0.061867704280155644
5 0.43039215686274507 0.3239299610894942 0.07549019607843137 0.061867704280155644
5 0.3497549019607843 0.36789883268482493 0.07009803921568628 0.061867704280155644
5 0.2857843137254902 0.4568093385214008 0.06274509803921569 0.052140077821011675
6 0.24166666666666667 0.4019455252918288 0.07549019607843137 0.07003891050583658
6 0.3196078431372549 0.29416342412451363 0.07549019607843137 0.08560311284046693
6 0.416421568627451 0.2453307392996109 0.07794117647058824 0.08365758754863814
6 0.5448529411764705 0.2562256809338522 0.07794117647058824 0.0821011673151751
6 0.6916666666666667 0.404863813229572 0.09019607843137255 0.08365758754863814
4 0.33725490196078434 0.49766536964980546 0.07058823529411765 0.06147859922178989
4 0.39877450980392154 0.4398832684824903 0.07303921568627451 0.08599221789883268
4 0.4566176470588235 0.4077821011673152 0.07794117647058824 0.08171206225680934
4 0.5333333333333333 0.4 0.06568627450980392 0.07392996108949416
4 0.6509803921568628 0.47879377431906617 0.08529411764705883 0.07587548638132297
3 0.538235294117647 0.47159533073929966 0.08039215686274509 0.09961089494163425
3 0.46691176470588236 0.4846303501945526 0.07794117647058824 0.1038910505836576
3 0.4176470588235294 0.5005836575875486 0.06568627450980392 0.07587548638132297
3 0.3737745098039216 0.5406614785992219 0.08284313725490196 0.07587548638132297
2 0.6056372549019607 0.5715953307392997 0.10049019607843138 0.08793774319066149
1 0.4767156862745098 0.7301556420233464 0.08774509803921568 0.11945525291828794
0 0.5502450980392157 0.6902723735408561 0.11029411764705882 0.1058365758754864
