0 0.4875 0.7035019455252919 0.14558823529411766 0.16731517509727628
1 0.3926470588235294 0.7178988326848249 0.10392156862745097 0.13229571984435798
2 0.6139705882352942 0.5387159533073931 0.1426470588235294 0.12256809338521402
3 0.5558823529411765 0.40428015564202335 0.09803921568627451 0.15097276264591442
3 0.46838235294117647 0.3972762645914397 0.08284313725490196 0.13929961089494164
3 0.4105392156862745 0.42431906614785997 0.07401960784313726 0.12957198443579768
3 0.3568627450980392 0.4501945525291829 0.09215686274509804 0.13929961089494164
4 0.6823529411764706 0.4054474708171206 0.11274509803921569 0.09182879377431907
4 0.5634803921568627 0.3005836575875487 0.08872549019607844 0.1085603112840467
4 0.4730392156862745 0.3040856031128405 0.09215686274509804 0.10622568093385215
4 0.40612745098039216 0.332295719844358 0.0769607843137255 0.10116731517509728
4 0.346078431372549 0.36031128404669266 0.08333333333333333 0.10817120622568094
6 0.734313725490196 0.3087548638132296 0.11568627450980393 0.12023346303501946
6 0.5740196078431372 0.13190661478599222 0.08627450980392157 0.09649805447470818
6 0.4877450980392157 0.0953307392996109 0.09803921568627451 0.10817120622568094
6 0.3897058823529412 0.13910505836575876 0.09215686274509804 0.11089494163424125
6 0.296078431372549 0.21206225680933855 0.09509803921568627 0.09182879377431907
5 0.3208333333333333 0.29105058365758757 0.11029411764705882 0.08015564202334631
5 0.38529411764705884 0.23326848249027238 0.07745098039215687 0.06809338521400779
5 0.478921568627451 0.19669260700389107 0.08039215686274509 0.06108949416342413
5 0.571078431372549 0.21322957198443582 0.09803921568627451 0.08015564202334631
