5 0.5749669749009247 0.34271037181996084 0.11030383091149273 0.07974559686888454
5 0.4395640686922061 0.33268101761252444 0.12219286657859973 0.08512720156555773
5 0.2998678996036988 0.3833170254403131 0.10303830911492734 0.0885518590998043
5 0.20079260237780713 0.48312133072407043 0.10039630118890357 0.06017612524461839
6 0.13011889035667107 0.41682974559686886 0.11492734478203434 0.08317025440313111
6 0.2509907529722589 0.2803326810176125 0.12285336856010567 0.11056751467710371
6 0.41248348745046237 0.20963796477495106 0.12219286657859973 0.11399217221135029
6 0.583883751651255 0.2529354207436399 0.11228533685601057 0.09980430528375733
6 0.845442536327609 0.49926614481409 0.15191545574636725 0.1286692759295499
4 0.5739762219286658 0.4432485322896281 0.13738441215323646 0.11448140900195694
4 0.45277410832232495 0.44789628180039137 0.11955085865257596 0.1159491193737769
4 0.3536988110964333 0.4838551859099804 0.1023778071334214 0.1086105675146771
4 0.26948480845442535 0.5447651663405088 0.10039630118890357 0.08170254403131115
4 0.7513210039630119 0.5856164383561644 0.11955085865257596 0.08708414872798434
3 0.5667107001321005 0.5410958904109588 0.11228533685601057 0.13992172211350293
3 0.45541611624834877 0.5447651663405088 0.11030383091149273 0.1286692759295499
3 0.3794583883751651 0.5611545988258316 0.08520475561426684 0.11056751467710371
3 0.3157199471598415 0.6027397260273972 0.10039630118890357 0.11448140900195694
2 0.6264861294583883 0.6942270058708414 0.15918097754293262 0.12720156555772993
1 0.36459709379128136 0.860812133072407 0.11492734478203434 0.11986301369863013
0 0.47919418758256277 0.8539628180039138 0.1737120211360634 0.11790606653620352
