1 0.5735294117647058 0.8029182879377432 0.08529411764705883 0.10155642023346305
0 0.6561274509803922 0.7700389105058366 0.13578431372549019 0.14163424124513618
2 0.6666666666666666 0.6122568093385214 0.08529411764705883 0.09377431906614786
3 0.567156862745098 0.5544747081712063 0.09313725490196079 0.1276264591439689
3 0.5164215686274509 0.569455252918288 0.11323529411764706 0.11167315175097277
3 0.4642156862745098 0.5984435797665371 0.09313725490196079 0.06381322957198445
3 0.44166666666666665 0.6523346303501946 0.10294117647058823 0.06809338521400779
4 0.7144607843137255 0.5387159533073931 0.09558823529411764 0.07976653696498055
4 0.5272058823529412 0.47062256809338526 0.08284313725490196 0.08365758754863814
4 0.45906862745098037 0.5046692607003891 0.08774509803921568 0.07159533073929962
4 0.40637254901960784 0.5525291828793775 0.08333333333333333 0.07159533073929962
4 0.38504901960784316 0.6134241245136187 0.09068627450980392 0.05408560311284047
6 0.763235294117647 0.4747081712062257 0.10294117647058823 0.09182879377431907
6 0.4553921568627451 0.35797665369649806 0.10098039215686275 0.08560311284046693
6 0.3512254901960784 0.3889105058365759 0.08284313725490196 0.06809338521400779
6 0.30073529411764705 0.4517509727626459 0.07794117647058824 0.06614785992217899
6 0.28308823529411764 0.5544747081712063 0.07303921568627451 0.05992217898832685
5 0.3352941176470588 0.593579766536965 0.06764705882352941 0.04785992217898833
5 0.3497549019607843 0.5035019455252918 0.07009803921568628 0.045914396887159536
5 0.3924019607843137 0.43774319066147865 0.060294117647058824 0.049805447470817124
5 0.4808823529411765 0.41381322957198446 0.06274509803921569 0.05408560311284047
