5 0.6330882352941176 0.3601167315175097 0.08970588235294118 0.07354085603112841
5 0.5063725490196078 0.3418287937743191 0.07647058823529412 0.07120622568093386
5 0.4083333333333333 0.38190661478599225 0.08137254901960785 0.0688715953307393
5 0.3144607843137255 0.4445525291828794 0.06813725490196078 0.05175097276264592
6 0.27622549019607845 0.37548638132295725 0.07892156862745098 0.08638132295719846
6 0.38088235294117645 0.2739299610894942 0.09803921568627451 0.08638132295719846
6 0.4887254901960784 0.2445525291828794 0.09509803921568627 0.07976653696498055
6 0.6384803921568627 0.27801556420233464 0.08970588235294118 0.07354085603112841
6 0.7598039215686274 0.4749027237354086 0.09803921568627451 0.09922178988326849
4 0.6154411764705883 0.443579766536965 0.09264705882352942 0.1058365758754864
4 0.5198529411764706 0.443579766536965 0.09264705882352942 0.1058365758754864
4 0.442156862745098 0.459727626459144 0.08431372549019608 0.1038910505836576
4 0.3676470588235294 0.5083657587548639 0.09803921568627451 0.08832684824902724
4 0.7215686274509804 0.5653696498054475 0.10098039215686275 0.09105058365758756
3 0.3906862745098039 0.5795719844357977 0.07352941176470588 0.13190661478599222
3 0.45612745098039215 0.5494163424124514 0.06813725490196078 0.11439688715953308
3 0.5159313725490196 0.535408560311284 0.07892156862745098 0.133852140077821
3 0.6110294117647058 0.5375486381322958 0.08970588235294118 0.14280155642023348
2 0.6573529411764706 0.6768482490272374 0.15 0.10155642023346305
1 0.4068627450980392 0.7873540856031129 0.09509803921568627 0.1404669260700389
0 0.5144607843137254 0.7926070038910507 0.15833333333333333 0.10817120622568094
