0 0.4369220607661823 0.7830234833659491 0.14729194187582562 0.13747553816046965
1 0.33784676354029064 0.773972602739726 0.09973579920739763 0.13013698630136986
2 0.583223249669749 0.6051859099804305 0.13210039630118892 0.12720156555772993
3 0.5399603698811096 0.4586594911937377 0.10766182298546896 0.15215264187866928
3 0.4441875825627477 0.4721135029354207 0.09313077939233817 0.16144814090019569
3 0.369550858652576 0.48312133072407043 0.07595772787318363 0.12475538160469667
3 0.30250990752972257 0.514921722113503 0.07793923381770146 0.1267123287671233
4 0.6822985468956407 0.46624266144814086 0.10568031704095113 0.0958904109589041
4 0.5409511228533685 0.34809197651663404 0.10568031704095113 0.10518590998043052
4 0.440554821664465 0.3454011741682974 0.095112285336856 0.11741682974559686
4 0.35865257595772787 0.37720156555772993 0.08850726552179657 0.11252446183953033
4 0.28401585204755614 0.4224559686888454 0.08586525759577279 0.1012720156555773
6 0.7466974900924703 0.34344422700587085 0.12483487450462351 0.12133072407045009
6 0.5435931307793923 0.11619373776908024 0.08058124174372523 0.1012720156555773
6 0.4369220607661823 0.09711350293542073 0.08784676354029063 0.11399217221135029
6 0.3391677675033025 0.1352739726027397 0.09313077939233817 0.10714285714285714
6 0.2093791281373844 0.23850293542074363 0.0977542932628798 0.10322896281800391
5 0.24009247027741085 0.3253424657534246 0.10501981505944517 0.06360078277886497
5 0.3414795244385733 0.2629647749510763 0.09247027741083223 0.06898238747553816
5 0.4395640686922061 0.22578277886497064 0.09313077939233817 0.07093933463796477
5 0.547225891677675 0.23043052837573386 0.08784676354029063 0.07240704500978473
