5 0.6350726552179656 0.25073385518590996 0.09445178335535007 0.06800391389432485
5 0.5214663143989432 0.23972602739726026 0.08256274768824307 0.07632093933463796
5 0.4256935270805812 0.27470645792563597 0.08256274768824307 0.06311154598825831
5 0.32166446499339496 0.3458904109589041 0.08058124174372523 0.06653620352250489
6 0.30713342140026423 0.25391389432485323 0.08718626155878467 0.10078277886497064
6 0.40752972258916775 0.1651174168297456 0.0964332892998679 0.09637964774951076
6 0.5254293262879789 0.12622309197651663 0.09841479524438573 0.09784735812133072
6 0.642668428005284 0.1560665362035225 0.07397622192866579 0.10078277886497064
6 0.7714663143989432 0.37084148727984345 0.10303830911492734 0.13894324853228962
4 0.3371862615587847 0.4263698630136986 0.0891677675033025 0.087573385518591
4 0.42800528401585203 0.3830724070450098 0.083223249669749 0.11448140900195694
4 0.5165125495376486 0.3542074363992172 0.09379128137384413 0.11643835616438356
4 0.6202113606340819 0.36179060665362034 0.0964332892998679 0.11105675146771037
4 0.7301849405548216 0.4877690802348336 0.09577278731836196 0.09784735812133072
3 0.3550198150594452 0.514921722113503 0.08520475561426684 0.12279843444227005
3 0.4299867899603699 0.473825831702544 0.083223249669749 0.1159491193737769
3 0.5132100396301189 0.4586594911937377 0.0964332892998679 0.12279843444227005
3 0.6050198150594451 0.46624266144814086 0.08718626155878467 0.13111545988258316
2 0.6453104359313078 0.6247553816046967 0.13210039630118892 0.11937377690802348
1 0.3821003963011889 0.7969667318982387 0.0891677675033025 0.1360078277886497
0 0.4914134742404227 0.8028375733855185 0.16116248348745046 0.16046966731898238
