0 0.4968137254901961 0.7095330739299611 0.11029411764705882 0.12334630350194553
1 0.40588235294117647 0.7159533073929961 0.08529411764705883 0.133852140077821
2 0.6102941176470588 0.5986381322957199 0.09803921568627451 0.09377431906614786
4 0.6985294117647058 0.5332684824902724 0.07156862745098039 0.06498054474708172
4 0.6078431372549019 0.41284046692607007 0.07156862745098039 0.0747081712062257
4 0.5215686274509804 0.4114785992217899 0.07156862745098039 0.07276264591439689
4 0.44779411764705884 0.42976653696498057 0.061274509803921566 0.07276264591439689
4 0.37916666666666665 0.46128404669260703 0.059313725490196076 0.048638132295719845
3 0.3975490196078431 0.5149805447470818 0.054901960784313725 0.08754863813229573
3 0.4549019607843137 0.4883268482490273 0.050980392156862744 0.0793774319066148
3 0.5178921568627451 0.47607003891050587 0.06323529411764706 0.08132295719844358
3 0.5906862745098039 0.4791828793774319 0.0696078431372549 0.08754863813229573
6 0.7642156862745098 0.48657587548638137 0.10588235294117647 0.07276264591439689
6 0.6487745098039216 0.28151750972762646 0.07598039215686274 0.08132295719844358
6 0.5355392156862745 0.25058365758754864 0.057352941176470586 0.0747081712062257
6 0.43848039215686274 0.277431906614786 0.06323529411764706 0.07626459143968872
6 0.31495098039215685 0.35525291828793776 0.057352941176470586 0.05992217898832685
5 0.3394607843137255 0.41284046692607007 0.061274509803921566 0.052140077821011675
5 0.4394607843137255 0.3496108949416343 0.06911764705882353 0.05175097276264592
5 0.5303921568627451 0.32704280155642024 0.07549019607843137 0.048638132295719845
5 0.6323529411764706 0.34299610894941635 0.07156862745098039 0.048638132295719845
