5 0.704656862745098 0.3042801556420234 0.07990196078431372 0.08171206225680934
5 0.5703431372549019 0.26634241245136187 0.09362745098039216 0.08132295719844358
5 0.45931372549019606 0.29902723735408565 0.09117647058823529 0.08287937743190663
5 0.3480392156862745 0.36575875486381326 0.07745098039215687 0.05603112840466926
6 0.30245098039215684 0.31070038910505837 0.08235294117647059 0.07976653696498055
6 0.4230392156862745 0.20564202334630352 0.10490196078431373 0.10155642023346305
6 0.5669117647058823 0.17042801556420234 0.07303921568627451 0.088715953307393
6 0.7289215686274509 0.2217898832684825 0.09117647058823529 0.08326848249027238
6 0.8622549019607842 0.4852140077821012 0.12058823529411765 0.09961089494163425
4 0.391421568627451 0.42373540856031133 0.08676470588235294 0.07782101167315175
4 0.4732843137254902 0.38754863813229573 0.08676470588235294 0.09260700389105059
4 0.5588235294117647 0.36770428015564205 0.08431372549019608 0.09961089494163425
4 0.6593137254901961 0.38482490272373543 0.0892156862745098 0.09805447470817122
4 0.7691176470588236 0.5439688715953308 0.09117647058823529 0.08326848249027238
3 0.4198529411764706 0.4906614785992218 0.075 0.10661478599221791
3 0.48161764705882354 0.46186770428015567 0.0661764705882353 0.09961089494163425
3 0.557843137254902 0.4509727626459144 0.07745098039215687 0.10661478599221791
3 0.6352941176470588 0.4608949416342413 0.06372549019607843 0.09766536964980545
2 0.6406862745098039 0.6192607003891051 0.12549019607843137 0.09610894941634242
1 0.38112745098039214 0.6824902723735409 0.09362745098039216 0.1105058365758755
0 0.4745098039215686 0.7169260700389105 0.1392156862745098 0.12101167315175099
