5 0.5789215686274509 0.27529182879377434 0.09313725490196079 0.07431906614785992
5 0.44950980392156864 0.2680933852140078 0.10294117647058823 0.07392996108949416
5 0.33897058823529413 0.3198443579766537 0.08186274509803922 0.07237354085603113
5 0.2529411764705882 0.39961089494163426 0.07549019607843137 0.07392996108949416
6 0.5794117647058823 0.18112840466926072 0.0892156862745098 0.09221789883268483
6 0.4311274509803921 0.15680933852140078 0.10735294117647058 0.09805447470817122
6 0.31176470588235294 0.21206225680933855 0.09117647058823529 0.10661478599221791
6 0.20098039215686275 0.32140077821011676 0.09803921568627451 0.08326848249027238
6 0.7870098039215686 0.3912451361867705 0.12990196078431374 0.11400778210116733
4 0.5678921568627451 0.36400778210116735 0.09362745098039216 0.09922178988326849
4 0.471078431372549 0.37490272373540856 0.09117647058823529 0.09610894941634242
4 0.38553921568627453 0.41284046692607007 0.08872549019607844 0.09961089494163425
4 0.3105392156862745 0.4626459143968872 0.07990196078431372 0.08326848249027238
3 0.3446078431372549 0.5305447470817121 0.08431372549019608 0.11011673151750974
3 0.4071078431372549 0.4834630350194553 0.07303921568627451 0.09922178988326849
3 0.471078431372549 0.4626459143968872 0.08235294117647059 0.11595330739299611
3 0.5634803921568627 0.4509727626459144 0.07990196078431372 0.1105058365758755
4 0.7355392156862745 0.4926070038910506 0.1142156862745098 0.088715953307393
2 0.6602941176470588 0.5929961089494163 0.16862745098039217 0.09805447470817122
1 0.43676470588235294 0.7612840466926071 0.09117647058823529 0.12645914396887162
0 0.5419117647058823 0.7482490272373541 0.1730392156862745 0.14863813229571984
