0 0.43361955085865256 0.8412426614481409 0.16842800528401586 0.20205479452054792
1 0.32100396301188905 0.8476027397260274 0.1202113606340819 0.1560665362035225
2 0.5700132100396301 0.6663405088062622 0.15587846763540292 0.11350293542074363
3 0.5250990752972259 0.48850293542074363 0.1083223249669749 0.14921722113502933
3 0.42305151915455746 0.48507827788649704 0.0904887714663144 0.15117416829745595
3 0.3358652575957728 0.5061154598825831 0.0904887714663144 0.1267123287671233
3 0.25495376486129456 0.5349804305283757 0.08982826948480846 0.1267123287671233
4 0.7097093791281374 0.5494129158512719 0.1525759577278732 0.09784735812133072
4 0.5445838837516512 0.38405088062622306 0.10501981505944517 0.1223091976516634
4 0.42602377807133424 0.3816046966731898 0.1202113606340819 0.1223091976516634
4 0.31935270805812416 0.40826810176125244 0.11690885072655217 0.11790606653620352
4 0.22192866578599735 0.4571917808219178 0.11360634081902246 0.10029354207436399
6 0.8117569352708058 0.46061643835616434 0.16512549537648613 0.11986301369863013
6 0.5924702774108322 0.1915362035225049 0.09907529722589167 0.11105675146771037
6 0.4154557463672391 0.14921722113502933 0.11096433289299867 0.12035225048923678
6 0.2906208718626156 0.187133072407045 0.13210039630118892 0.11986301369863013
6 0.13936591809775428 0.29500978473581213 0.14663143989431968 0.1086105675146771
5 0.18428005284015853 0.38943248532289626 0.12285336856010567 0.08414872798434442
5 0.29557463672391016 0.299412915851272 0.1287978863936592 0.07827788649706457
5 0.43031704095112283 0.2683463796477495 0.11690885072655217 0.07778864970645792
5 0.5640686922060766 0.29158512720156554 0.11360634081902246 0.07534246575342465
