5 0.5575980392156863 0.21828793774319066 0.07303921568627451 0.06147859922178989
5 0.4642156862745098 0.2075875486381323 0.06862745098039216 0.06498054474708172
5 0.38112745098039214 0.24007782101167316 0.07107843137254902 0.06147859922178989
5 0.3014705882352941 0.2943579766536965 0.07058823529411765 0.061867704280155644
6 0.2875 0.23190661478599223 0.075 0.07782101167315175
6 0.38112745098039214 0.15505836575875487 0.075 0.07587548638132297
6 0.4745098039215686 0.12529182879377432 0.07549019607843137 0.07782101167315175
6 0.5678921568627451 0.14688715953307394 0.0661764705882353 0.07042801556420233
6 0.6865196078431373 0.32859922178988327 0.07990196078431372 0.08677042801556421
4 0.5311274509803922 0.2908560311284047 0.0661764705882353 0.07587548638132297
4 0.45416666666666666 0.2918287937743191 0.0661764705882353 0.07782101167315175
4 0.3857843137254902 0.31517509727626464 0.061764705882352944 0.07782101167315175
4 0.32303921568627453 0.3494163424124514 0.06372549019607843 0.0669260700389105
3 0.34019607843137256 0.41653696498054477 0.056862745098039215 0.09610894941634242
3 0.3926470588235294 0.3776264591439689 0.048039215686274506 0.07587548638132297
3 0.4485294117647059 0.36964980544747084 0.051960784313725486 0.10116731517509728
3 0.5247549019607843 0.36147859922178993 0.061274509803921566 0.09416342412451363
4 0.6365196078431372 0.3994163424124514 0.07990196078431372 0.0688715953307393
2 0.5458333333333333 0.4828793774319067 0.10931372549019608 0.09571984435797666
1 0.3492647058823529 0.5803501945525292 0.07990196078431372 0.1085603112840467
0 0.4311274509803921 0.5830739299610895 0.10735294117647058 0.09221789883268483
