0 0.4409313725490196 0.7657587548638133 0.12696078431372548 0.1556420233463035
1 0.35 0.7643968871595331 0.09803921568627451 0.14124513618677043
2 0.5825980392156863 0.6221789883268483 0.17401960784313725 0.10661478599221791
3 0.31200980392156863 0.5482490272373541 0.06519607843137255 0.10661478599221791
3 0.3573529411764706 0.5077821011673153 0.061764705882352944 0.10116731517509728
3 0.4301470588235294 0.4933852140077821 0.06911764705882353 0.11206225680933853
3 0.504656862745098 0.492023346303502 0.07990196078431372 0.12101167315175099
4 0.6698529411764705 0.5410505836575876 0.10931372549019608 0.06342412451361869
4 0.5134803921568627 0.4054474708171206 0.07598039215686274 0.09805447470817122
4 0.4227941176470588 0.409727626459144 0.0838235294117647 0.09494163424124515
4 0.3482843137254902 0.43715953307393 0.07990196078431372 0.09221789883268483
4 0.2757352941176471 0.4803501945525292 0.07990196078431372 0.07509727626459145
6 0.7605392156862745 0.4846303501945526 0.11225490196078432 0.08365758754863814
6 0.5225490196078432 0.2426070038910506 0.09411764705882353 0.10077821011673152
6 0.3992647058823529 0.22392996108949417 0.0946078431372549 0.08677042801556421
6 0.27377450980392154 0.26575875486381323 0.09068627450980392 0.09494163424124515
6 0.16495098039215686 0.37237354085603114 0.0838235294117647 0.07782101167315175
5 0.2193627450980392 0.43871595330739305 0.06911764705882353 0.06031128404669261
5 0.30098039215686273 0.35077821011673155 0.08725490196078431 0.06342412451361869
5 0.40808823529411764 0.3147859922178989 0.09068627450980392 0.06614785992217899
5 0.5154411764705882 0.3217898832684825 0.10147058823529412 0.0575875486381323
