5 0.5990196078431372 0.3797665369649806 0.08725490196078431 0.07782101167315175
5 0.4776960784313725 0.34299610894941635 0.07892156862745098 0.06498054474708172
5 0.3973039215686274 0.364591439688716 0.09264705882352942 0.06926070038910506
5 0.29926470588235293 0.4219844357976654 0.08186274509803922 0.05408560311284047
6 0.28995098039215683 0.3494163424124514 0.07892156862745098 0.08638132295719846
6 0.40269607843137256 0.2739299610894942 0.08186274509803922 0.08638132295719846
6 0.4926470588235294 0.25116731517509727 0.08137254901960785 0.09299610894941635
6 0.6181372549019608 0.30077821011673156 0.08725490196078431 0.0840466926070039
6 0.7308823529411764 0.513035019455253 0.12254901960784313 0.09922178988326849
4 0.3142156862745098 0.4879377431906615 0.08431372549019608 0.08638132295719846
4 0.39877450980392154 0.45856031128404673 0.07892156862745098 0.08443579766536966
4 0.4642156862745098 0.44143968871595335 0.07352941176470588 0.08443579766536966
4 0.5553921568627451 0.45856031128404673 0.08725490196078431 0.09299610894941635
4 0.6399509803921568 0.579182879377432 0.09558823529411764 0.07976653696498055
3 0.3306372549019608 0.5601167315175097 0.07892156862745098 0.11011673151750974
3 0.3931372549019608 0.5472762645914397 0.06274509803921569 0.12723735408560313
3 0.4531862745098039 0.5299610894941634 0.06813725490196078 0.13151750972762646
3 0.5362745098039216 0.5287937743190662 0.08137254901960785 0.10817120622568094
2 0.5514705882352942 0.6764591439688716 0.13627450980392156 0.11011673151750974
1 0.3318627450980392 0.8196498054474709 0.08725490196078431 0.14513618677042803
0 0.41911764705882354 0.8060311284046693 0.14411764705882352 0.15758754863813232
