0 0.4002450980392157 0.7579766536964981 0.1426470588235294 0.16498054474708174
1 0.29901960784313725 0.7321011673151752 0.09509803921568627 0.14124513618677043
2 0.5240196078431373 0.6035019455252919 0.1303921568627451 0.12062256809338522
3 0.29901960784313725 0.5398832684824904 0.06568627450980392 0.12023346303501946
3 0.3458333333333333 0.5138132295719845 0.06519607843137255 0.11789883268482491
3 0.4134803921568627 0.48326848249027243 0.06813725490196078 0.1058365758754864
3 0.48480392156862745 0.4844357976653697 0.08039215686274509 0.10350194552529184
4 0.5882352941176471 0.5091439688715954 0.08039215686274509 0.08754863813229573
4 0.5041666666666667 0.4124513618677043 0.0769607843137255 0.07782101167315175
4 0.41127450980392155 0.41011673151750977 0.0892156862745098 0.08482490272373541
4 0.3333333333333333 0.4315175097276265 0.07450980392156863 0.07782101167315175
4 0.2678921568627451 0.4714007782101168 0.06813725490196078 0.06342412451361869
6 0.6333333333333333 0.4303501945525292 0.09803921568627451 0.08015564202334631
6 0.5455882352941176 0.25914396887159535 0.0892156862745098 0.09182879377431907
6 0.3735294117647059 0.2379377431906615 0.10098039215686275 0.09688715953307393
6 0.2857843137254902 0.27704280155642025 0.08627450980392157 0.08482490272373541
6 0.1818627450980392 0.37120622568093387 0.09215686274509804 0.08482490272373541
5 0.23063725490196077 0.4348249027237354 0.06519607843137255 0.05642023346303502
5 0.3093137254901961 0.35350194552529185 0.08627450980392157 0.05408560311284047
5 0.3926470588235294 0.32412451361867706 0.09215686274509804 0.07081712062256809
5 0.5279411764705882 0.33929961089494165 0.10098039215686275 0.06848249027237355
