5 0.6147058823529412 0.32062256809338524 0.07745098039215687 0.0669260700389105
5 0.5247549019607843 0.3087548638132296 0.09362745098039216 0.07587548638132297
5 0.4232843137254902 0.33852140077821014 0.07794117647058824 0.07782101167315175
5 0.32745098039215687 0.4021400778210117 0.07745098039215687 0.06342412451361869
6 0.30808823529411766 0.33949416342412453 0.07990196078431372 0.08677042801556421
6 0.421078431372549 0.24105058365758755 0.07745098039215687 0.09610894941634242
6 0.5223039215686275 0.21478599221789885 0.07990196078431372 0.09416342412451363
6 0.629656862745098 0.2445525291828794 0.09362745098039216 0.08521400778210117
6 0.8223039215686274 0.47529182879377435 0.1230392156862745 0.1085603112840467
4 0.5987745098039216 0.4091439688715954 0.09558823529411764 0.10311284046692608
4 0.5098039215686274 0.41108949416342416 0.07745098039215687 0.08832684824902724
4 0.4323529411764706 0.43015564202334633 0.07254901960784313 0.07587548638132297
4 0.36151960784313725 0.4599221789883269 0.07303921568627451 0.07081712062256809
3 0.38235294117647056 0.5233463035019456 0.06372549019607843 0.09571984435797666
3 0.44730392156862747 0.501556420233463 0.061274509803921566 0.09571984435797666
3 0.5029411764705882 0.4908560311284047 0.06862745098039216 0.11400778210116733
3 0.582843137254902 0.4879377431906615 0.07254901960784313 0.10505836575875487
4 0.7333333333333333 0.5441634241245137 0.08627450980392157 0.07587548638132297
2 0.6330882352941176 0.6319066147859923 0.1730392156862745 0.088715953307393
1 0.403921568627451 0.7521400778210118 0.09313725490196079 0.1377431906614786
0 0.49730392156862746 0.7476653696498055 0.13872549019607844 0.13190661478599222
