5 0.6522403258655803 0.2760060744115414 0.12118126272912423 0.07820804859529233
5 0.4974541751527494 0.26765375854214124 0.12118126272912423 0.09035687167805619
5 0.3711812627291242 0.2984054669703873 0.0865580448065173 0.07289293849658315
5 0.2841140529531568 0.3940774487471526 0.09368635437881873 0.07289293849658315
6 0.2296334012219959 0.3223234624145786 0.1130346232179226 0.0812452543659833
6 0.34674134419551933 0.19438116932422173 0.09063136456211812 0.1017463933181473
6 0.4842158859470468 0.13705391040242978 0.10896130346232179 0.10402429764616554
6 0.6537678207739307 0.18602885345482156 0.12423625254582484 0.1017463933181473
6 0.895112016293279 0.4658314350797267 0.15478615071283094 0.12680334092634776
4 0.6201629327902239 0.384206529992407 0.10183299389002036 0.10933940774487472
4 0.4959266802443991 0.3815489749430524 0.10183299389002036 0.10402429764616554
4 0.3991853360488798 0.4164768413059985 0.09775967413441955 0.10098709187547457
4 0.3217922606924643 0.4631738800303721 0.10183299389002036 0.09263477600607442
4 0.8177189409368635 0.5558086560364465 0.15071283095723012 0.0865603644646925
3 0.6048879837067209 0.4768413059984814 0.09368635437881873 0.14882308276385725
3 0.49949083503054986 0.4806378132118451 0.09063136456211812 0.1457858769931663
3 0.420061099796334 0.49658314350797267 0.09470468431771893 0.1381928625664389
3 0.35234215885947046 0.5425208807896735 0.10590631364562117 0.14047076689445712
2 0.6578411405295315 0.6499620349278664 0.1731160896130346 0.10630220197418376
1 0.390020366598778 0.7904328018223234 0.12423625254582484 0.17463933181473046
0 0.5162932790224032 0.791951404707669 0.15885947046843177 0.17767653758542143
