0 0.508 0.8209355828220859 0.18171428571428572 0.14033742331288343
1 0.39542857142857146 0.8197852760736196 0.10742857142857144 0.1303680981595092
2 0.6685714285714286 0.6495398773006135 0.17142857142857143 0.1334355828220859
3 0.6165714285714287 0.49003067484662577 0.13371428571428573 0.14570552147239263
3 0.5062857142857143 0.4881134969325153 0.0982857142857143 0.1418711656441718
3 0.41085714285714287 0.5180214723926381 0.10400000000000001 0.1357361963190184
3 0.3228571428571429 0.549079754601227 0.09485714285714286 0.1441717791411043
4 0.7577142857142858 0.49846625766871167 0.1325714285714286 0.10889570552147239
4 0.6394285714285715 0.38765337423312884 0.11771428571428573 0.12039877300613497
4 0.512 0.3888036809815951 0.10971428571428572 0.11809815950920245
4 0.4125714285714286 0.4217791411042945 0.11885714285714287 0.11503067484662577
4 0.31142857142857144 0.45475460122699385 0.10171428571428572 0.0950920245398773
5 0.2948571428571429 0.3715490797546012 0.0982857142857143 0.0682515337423313
5 0.42514285714285716 0.31326687116564417 0.0982857142857143 0.07131901840490798
5 0.5468571428571429 0.27338957055214724 0.12228571428571429 0.08205521472392638
5 0.66 0.2837423312883436 0.09257142857142858 0.07975460122699386
6 0.8028571428571429 0.3773006134969325 0.136 0.13803680981595093
6 0.6902857142857144 0.1794478527607362 0.10742857142857144 0.10276073619631902
6 0.5760000000000001 0.1491564417177914 0.10514285714285715 0.10506134969325154
6 0.43828571428571433 0.1851993865030675 0.11314285714285716 0.10659509202453989
6 0.308 0.28105828220858897 0.11314285714285716 0.10506134969325154
