6 0.7181372549019608 0.13073929961089495 0.10686274509803921 0.1276264591439689
6 0.5441176470588235 0.10486381322957199 0.11568627450980393 0.11322957198443581
6 0.40588235294117647 0.12821011673151753 0.09509803921568627 0.11789883268482491
6 0.2678921568627451 0.22509727626459144 0.09166666666666666 0.09922178988326849
5 0.3110294117647059 0.3147859922178989 0.08284313725490196 0.07548638132295721
5 0.4196078431372549 0.24163424124513622 0.09803921568627451 0.07548638132295721
5 0.5441176470588235 0.20505836575875488 0.09215686274509804 0.07782101167315175
5 0.6720588235294117 0.22607003891050587 0.11568627450980393 0.07782101167315175
6 0.8487745098039216 0.37840466926070043 0.13676470588235293 0.1085603112840467
4 0.6262254901960784 0.30836575875486383 0.10833333333333334 0.1085603112840467
4 0.524264705882353 0.30894941634241246 0.09166666666666666 0.09727626459143969
4 0.43529411764705883 0.33657587548638135 0.09411764705882353 0.10350194552529184
4 0.3536764705882353 0.3803501945525292 0.08970588235294118 0.10700389105058367
4 0.7693627450980393 0.45155642023346304 0.10833333333333334 0.10700389105058367
3 0.6120098039215687 0.4013618677042802 0.07990196078431372 0.12334630350194553
3 0.5200980392156863 0.4079766536964981 0.08823529411764705 0.13268482490272374
3 0.4485294117647059 0.42976653696498057 0.07941176470588235 0.11167315175097277
3 0.38529411764705884 0.45914396887159536 0.08823529411764705 0.1151750972762646
2 0.6556372549019608 0.558171206225681 0.12696078431372548 0.11322957198443581
0 0.5534313725490196 0.6682879377431907 0.15098039215686274 0.13268482490272374
1 0.44534313725490193 0.6795719844357977 0.11029411764705882 0.1217898832684825
