5 0.6044117647058823 0.20797665369649806 0.08137254901960785 0.06731517509727628
5 0.4980392156862745 0.20428015564202337 0.08823529411764705 0.07003891050583658
5 0.39852941176470585 0.24319066147859925 0.09509803921568627 0.07003891050583658
5 0.32009803921568625 0.3130350194552529 0.06862745098039216 0.06498054474708172
4 0.37401960784313726 0.3688715953307393 0.09803921568627451 0.07237354085603113
4 0.4409313725490196 0.32217898832684827 0.08186274509803922 0.0933852140077821
4 0.5210784313725491 0.3001945525291829 0.09117647058823529 0.08054474708171207
4 0.609313725490196 0.2924124513618677 0.08529411764705883 0.0906614785992218
4 0.7237745098039216 0.3857976653696498 0.08480392156862746 0.08054474708171207
6 0.7252450980392157 0.2963035019455253 0.0946078431372549 0.1038910505836576
6 0.596078431372549 0.13540856031128407 0.0784313725490196 0.07782101167315175
6 0.48848039215686273 0.11089494163424125 0.10441176470588236 0.08560311284046693
6 0.38700980392156864 0.16264591439688716 0.09166666666666666 0.09105058365758756
6 0.29068627450980394 0.24435797665369652 0.08823529411764705 0.08326848249027238
3 0.4068627450980392 0.4311284046692607 0.0784313725490196 0.10350194552529184
3 0.4622549019607843 0.40505836575875487 0.07156862745098039 0.10894941634241245
3 0.5227941176470589 0.3780155642023347 0.08186274509803922 0.11167315175097277
3 0.6061274509803921 0.37023346303501947 0.07205882352941176 0.10622568093385215
2 0.6747549019607844 0.49396887159533076 0.12401960784313726 0.11167315175097277
1 0.45906862745098037 0.690466926070039 0.09166666666666666 0.166147859922179
0 0.5651960784313725 0.6787937743190662 0.14705882352941177 0.16848249027237355
