0 0.414375 0.8588748787584869 0.14875 0.1697381183317168
1 0.2925 0.8612997090203686 0.115 0.15518913676042678
2 0.538125 0.6910766246362755 0.16375 0.11930164888457809
3 0.52125 0.521823472356935 0.1075 0.15324927255092144
3 0.41125 0.5174587778855481 0.0925 0.14451988360814744
3 0.335625 0.5470417070805044 0.08875 0.14161008729388944
3 0.261875 0.5703200775945684 0.08625000000000001 0.14354995150339475
4 0.6950000000000001 0.6071774975751697 0.11750000000000001 0.10281280310378274
4 0.534375 0.4296799224054316 0.11375 0.11251212415130941
4 0.400625 0.4122211445198836 0.10875 0.11445198836081474
4 0.315625 0.44422890397672166 0.09875 0.12221144519883609
4 0.2275 0.49466537342386036 0.09 0.09311348205625607
6 0.805 0.550921435499515 0.17 0.12415130940834142
6 0.584375 0.2289039767216295 0.12375 0.11251212415130941
6 0.380625 0.18913676042677013 0.12375 0.1008729388942774
6 0.268125 0.23714839961202716 0.10875 0.09990300678952474
6 0.12 0.3627546071774976 0.095 0.10281280310378274
5 0.16 0.43840931134820565 0.095 0.06789524733268672
5 0.276875 0.34966052376333656 0.11375 0.07662463627546072
5 0.401875 0.29922405431619786 0.12375 0.0863239573229874
5 0.56375 0.32250242483026187 0.12 0.08826382153249272
