5 0.6440349175557711 0.21576898118105126 0.12221144519883609 0.10317975340687864
5 0.49903006789524734 0.20927968851395196 0.11542192046556742 0.09928617780661907
5 0.3530552861299709 0.2498377676833225 0.12415130940834142 0.09214795587280986
5 0.17701260911736177 0.3510707332900714 0.09602327837051407 0.07916937053861128
6 0.12754607177497576 0.27839065541855934 0.12124151309408342 0.08825438027255028
6 0.8690591658583899 0.3621025308241401 0.16488845780795344 0.136275146009085
6 0.6551891367604268 0.11453601557430239 0.1251212415130941 0.09928617780661907
6 0.5208535402521823 0.09377027903958468 0.13773035887487875 0.10577547047371835
6 0.34966052376333656 0.13205710577547047 0.10572259941804074 0.10317975340687864
4 0.2594568380213385 0.4094743672939649 0.13482056256062075 0.09474367293964957
4 0.3777885548011639 0.3598312783906554 0.11542192046556742 0.09279688513951978
4 0.48351115421920465 0.33971447112264763 0.11736178467507274 0.0953926022063595
4 0.6096023278370514 0.3380921479558728 0.10572259941804074 0.10123296560674885
4 0.7521823472356935 0.4523036988968202 0.13482056256062075 0.11031797534068785
3 0.31668283220174587 0.47306943543153795 0.0921435499515034 0.12070084360804671
3 0.39379243452958296 0.4412719013627514 0.0950533462657614 0.10123296560674885
3 0.4713870029097963 0.4325113562621674 0.09893307468477207 0.1226476314081765
3 0.593113482056256 0.4214795587280986 0.0979631425800194 0.1226476314081765
2 0.6474296799224054 0.5830629461388708 0.16779825412221144 0.11615833874107721
1 0.41367604267701263 0.7371836469824788 0.11542192046556742 0.12589227774172615
0 0.5324927255092143 0.7255029201817002 0.17070805043646944 0.1518494484101233
