1 0.31004901960784315 0.7348249027237355 0.10147058823529412 0.17003891050583658
0 0.4154411764705882 0.721206225680934 0.12696078431372548 0.15836575875486383
2 0.5262254901960784 0.5819066147859923 0.14558823529411766 0.10933852140077822
3 0.30098039215686273 0.5007782101167315 0.05784313725490196 0.12373540856031129
3 0.36446078431372547 0.47879377431906617 0.060294117647058824 0.12568093385214008
3 0.43651960784313726 0.4577821011673152 0.06813725490196078 0.11789883268482491
3 0.5031862745098039 0.45661478599221794 0.07009803921568628 0.11167315175097277
4 0.6080882352941176 0.49669260700389106 0.09068627450980392 0.08988326848249027
4 0.5220588235294118 0.38287937743190664 0.08333333333333333 0.09182879377431907
4 0.4377450980392157 0.375875486381323 0.09019607843137255 0.08560311284046693
4 0.3622549019607843 0.3939688715953308 0.07058823529411765 0.08988326848249027
4 0.27181372549019606 0.43287937743190663 0.0857843137254902 0.07587548638132297
6 0.6889705882352941 0.4278210116731518 0.13578431372549019 0.11011673151750974
6 0.5985294117647059 0.21926070038910508 0.08039215686274509 0.1
6 0.4605392156862745 0.17237354085603113 0.09068627450980392 0.1019455252918288
6 0.3411764705882353 0.1933852140077821 0.09803921568627451 0.10350194552529184
6 0.17892156862745098 0.29416342412451363 0.07549019607843137 0.1019455252918288
5 0.2227941176470588 0.3719844357976654 0.08774509803921568 0.07003891050583658
5 0.34852941176470587 0.29221789883268484 0.10294117647058823 0.07782101167315175
5 0.45269607843137255 0.2702334630350195 0.09558823529411764 0.07354085603112841
5 0.5693627450980392 0.3021400778210117 0.11813725490196078 0.08365758754863814
