5 0.6346476510067114 0.3854166666666667 0.11828859060402684 0.08700980392156862
5 0.5092281879194631 0.3587622549019608 0.10067114093959731 0.06066176470588235
5 0.39093959731543626 0.40042892156862747 0.09563758389261745 0.07536764705882353
5 0.26552013422818793 0.4644607843137255 0.08808724832214765 0.056372549019607844
6 0.2046979865771812 0.3832720588235294 0.10570469798657718 0.09252450980392157
6 0.35570469798657717 0.30330882352941174 0.10067114093959731 0.09803921568627451
6 0.510486577181208 0.2647058823529412 0.10318791946308725 0.1090686274509804
6 0.6476510067114094 0.29105392156862747 0.087248322147651 0.09803921568627451
6 0.7906879194630873 0.4831495098039216 0.11661073825503356 0.12438725490196079
4 0.5985738255033557 0.46629901960784315 0.11157718120805368 0.11642156862745098
4 0.49412751677852346 0.4653799019607843 0.09563758389261745 0.09620098039215687
4 0.401006711409396 0.4889705882352941 0.09060402684563758 0.09436274509803921
4 0.3187919463087248 0.5220588235294118 0.10067114093959731 0.08455882352941177
4 0.7185402684563759 0.5784313725490196 0.09815436241610738 0.09436274509803921
3 0.5813758389261745 0.5474877450980392 0.09563758389261745 0.1133578431372549
3 0.4848993288590604 0.5474877450980392 0.08221476510067113 0.1170343137254902
3 0.41778523489932884 0.5569852941176471 0.0721476510067114 0.09436274509803921
3 0.3414429530201342 0.5824142156862745 0.08557046979865772 0.09620098039215687
2 0.6308724832214765 0.6856617647058824 0.16610738255033558 0.1090686274509804
1 0.3351510067114094 0.7971813725490196 0.11325503355704698 0.11519607843137254
0 0.45763422818791943 0.8333333333333334 0.18540268456375839 0.14338235294117646
