0 0.47195442594215603 0.8668341708542714 0.15337423312883436 0.18090452261306533
1 0.3558282208588957 0.8500837520938024 0.10517090271691498 0.1624790619765494
2 0.5885188431200701 0.664572864321608 0.13759859772129712 0.14154103852596314
3 0.5258545135845749 0.46733668341708545 0.09465381244522349 0.1541038525963149
3 0.4316389132340053 0.48911222780569513 0.09377738825591586 0.16750418760469013
3 0.3628396143733567 0.5175879396984925 0.07011393514460999 0.152428810720268
3 0.2971078001752848 0.5678391959798995 0.09991235758106924 0.16415410385259632
4 0.6858019281332165 0.5217755443886097 0.10780017528483786 0.12897822445561138
4 0.535056967572305 0.35510887772194305 0.09027169149868537 0.13400335008375208
4 0.42287467134092904 0.3630653266331658 0.08501314636283962 0.13819095477386936
4 0.3413672217353199 0.4036850921273032 0.09027169149868537 0.12227805695142378
4 0.26468010517090274 0.4794807370184255 0.0876424189307625 0.10301507537688442
6 0.7445223488168273 0.3999162479061977 0.12182296231375986 0.14824120603015076
6 0.5495179666958808 0.14489112227805695 0.1016652059596845 0.1306532663316583
6 0.3834355828220859 0.11264656616415411 0.09202453987730061 0.11641541038525963
6 0.2843996494303243 0.1788107202680067 0.09377738825591586 0.10971524288107203
6 0.16432953549517967 0.3157453936348409 0.09377738825591586 0.09547738693467336
5 0.22129710780017528 0.4028475711892797 0.10254163014899212 0.07370184254606366
5 0.31507449605609117 0.30067001675041877 0.09377738825591586 0.07202680067001675
5 0.40885188431200703 0.24120603015075376 0.10254163014899212 0.08207705192629816
5 0.5455740578439965 0.24790619765494137 0.13058720420683612 0.07537688442211056
