5 0.6471264367816092 0.339622641509434 0.08045977011494253 0.10500410172272355
5 0.5429118773946361 0.27973748974569324 0.08045977011494253 0.0918785890073831
5 0.4134099616858238 0.300656275635767 0.09118773946360154 0.08285479901558655
5 0.3111111111111111 0.3613617719442166 0.10114942528735632 0.081214109926169
6 0.3003831417624521 0.24897456931911405 0.08275862068965517 0.1140278917145201
6 0.43409961685823756 0.169811320754717 0.09118773946360154 0.13289581624282198
6 0.5651340996168582 0.17022149302707137 0.0835249042145594 0.10582444626743233
6 0.6808429118773947 0.24241181296144382 0.10191570881226054 0.12223133716160789
6 0.7850574712643679 0.6173092698933552 0.14022988505747128 0.13371616078753076
4 0.33793103448275863 0.4343724364232978 0.09042145593869733 0.10582444626743233
4 0.41839080459770117 0.3982772764561116 0.07049808429118774 0.12223133716160789
4 0.5026819923371648 0.39376538146021334 0.07816091954022988 0.12469237079573421
4 0.5923371647509579 0.42698933552091883 0.08582375478927204 0.125512715340443
3 0.3455938697318008 0.5246103363412634 0.07509578544061303 0.125512715340443
3 0.4095785440613027 0.5049220672682527 0.05747126436781609 0.13043478260869565
3 0.4781609195402299 0.49958982772764565 0.06436781609195402 0.12469237079573421
3 0.5613026819923372 0.5159967186218212 0.07586206896551724 0.11977030352748155
4 0.6754789272030651 0.6648892534864643 0.09578544061302682 0.09433962264150944
2 0.5402298850574713 0.7046759639048401 0.12720306513409962 0.1361771944216571
1 0.30191570881226054 0.8137817883511075 0.09348659003831418 0.16078753076292043
0 0.41226053639846744 0.847005742411813 0.14559386973180077 0.15340442986054142
