0 0.5286935286935287 0.8324764353041988 0.19536019536019536 0.16880891173950302
1 0.4010989010989011 0.8586118251928021 0.12332112332112333 0.14738646101113967
2 0.6691086691086691 0.6598114824335904 0.20024420024420025 0.13024850042844902
3 0.5628815628815629 0.4944301628106256 0.11721611721611722 0.14224507283633248
3 0.442002442002442 0.5042844901456727 0.10256410256410256 0.1379605826906598
3 0.35836385836385837 0.5372750642673522 0.09645909645909646 0.1319622964867181
3 0.27167277167277165 0.5861182519280206 0.13797313797313798 0.12510711225364182
4 0.7551892551892552 0.5364181662382177 0.13064713064713065 0.1062553556126821
4 0.5732600732600732 0.38946015424164526 0.12332112332112333 0.12082262210796915
4 0.43223443223443225 0.40145672664952875 0.11721611721611722 0.11053984575835477
4 0.32051282051282054 0.44601542416452444 0.11355311355311355 0.1036846615252785
4 0.22405372405372406 0.5025706940874036 0.12087912087912088 0.09168808911739504
6 0.8070818070818071 0.4374464438731791 0.15873015873015872 0.13967437874892888
6 0.6367521367521367 0.19494430162810628 0.14774114774114774 0.1139674378748929
6 0.40476190476190477 0.1700942587832048 0.13064713064713065 0.12082262210796915
6 0.21184371184371184 0.2420736932305056 0.1452991452991453 0.11053984575835477
6 0.09157509157509157 0.3556126820908312 0.12454212454212454 0.11139674378748929
5 0.17032967032967034 0.4378748928877464 0.13064713064713065 0.07197943444730077
5 0.2619047619047619 0.3461868037703513 0.12087912087912088 0.08226221079691518
5 0.4267399267399267 0.2904884318766067 0.14774114774114774 0.07712082262210797
5 0.612942612942613 0.2952013710368466 0.1343101343101343 0.09168808911739504
