5 0.6092843326885881 0.35451505016722407 0.11218568665377177 0.12207357859531773
5 0.4796905222437137 0.34908026755852845 0.11411992263056094 0.11622073578595317
5 0.3554158607350097 0.382943143812709 0.11508704061895551 0.09866220735785954
5 0.2195357833655706 0.48035117056856186 0.0851063829787234 0.0794314381270903
6 0.17988394584139264 0.3812709030100334 0.11798839458413926 0.11371237458193979
6 0.34332688588007737 0.24122073578595318 0.11798839458413926 0.13294314381270902
6 0.4995164410058027 0.1931438127090301 0.11508704061895551 0.13879598662207357
6 0.620889748549323 0.24414715719063546 0.09477756286266925 0.10535117056856187
6 0.8965183752417795 0.5852842809364548 0.15087040618955513 0.17558528428093645
4 0.59284332688588 0.4778428093645485 0.11218568665377177 0.112876254180602
4 0.47147001934235977 0.4736622073578595 0.11121856866537717 0.11120401337792642
4 0.37475822050290136 0.5033444816053512 0.10154738878143134 0.13043478260869565
4 0.27949709864603484 0.5589464882943144 0.09477756286266925 0.11622073578595317
3 0.31576402321083175 0.6551003344481605 0.08800773694390716 0.16137123745819398
3 0.38152804642166344 0.6141304347826086 0.08220502901353965 0.14130434782608695
3 0.4647001934235977 0.5714882943143813 0.09187620889748549 0.1362876254180602
3 0.5599613152804642 0.5656354515050167 0.0851063829787234 0.1362876254180602
4 0.77321083172147 0.6676421404682275 0.13829787234042554 0.11956521739130435
2 0.6532882011605415 0.770066889632107 0.22920696324951645 0.15551839464882944
1 0.32736943907156674 0.9397993311036789 0.13829787234042554 0.1471571906354515
0 0.46808510638297873 0.9385451505016722 0.18375241779497098 0.13294314381270902
