0 0.48497854077253216 0.8531775018261505 0.13218884120171673 0.14317019722425128
1 0.37939914163090127 0.8586559532505479 0.08927038626609442 0.13221329437545654
2 0.5772532188841202 0.7056245434623813 0.11931330472103004 0.10810810810810811
3 0.5454935622317596 0.5745069393718042 0.08497854077253218 0.13951789627465302
3 0.4721030042918455 0.5712198685171658 0.06866952789699571 0.1329437545653762
3 0.4098712446351931 0.5891161431701972 0.07124463519313304 0.11468224981738495
3 0.35536480686695276 0.6161431701972243 0.06866952789699571 0.11029948867786706
4 0.6896995708154506 0.6285609934258582 0.09184549356223176 0.07669831994156319
4 0.5721030042918455 0.4799123447772097 0.08497854077253218 0.10372534696859022
4 0.4678111587982832 0.47224251278305335 0.08240343347639484 0.09715120525931337
4 0.38969957081545065 0.5069393718042366 0.06866952789699571 0.09934258582907232
4 0.31072961373390556 0.5507669831994156 0.07896995708154506 0.07012417823228634
6 0.7695278969957081 0.5613586559532505 0.11587982832618025 0.11468224981738495
6 0.6446351931330472 0.32615047479912346 0.0927038626609442 0.09715120525931337
6 0.47167381974248923 0.2914536157779401 0.08497854077253218 0.10372534696859022
6 0.3278969957081545 0.3294375456537619 0.08755364806866953 0.10372534696859022
6 0.20729613733905577 0.4554419284149014 0.10042918454935622 0.08108108108108109
5 0.26995708154506437 0.5116873630387144 0.07639484978540773 0.0723155588020453
5 0.35150214592274676 0.4225712198685172 0.09699570815450644 0.06939371804236669
5 0.4695278969957081 0.38093498904309714 0.10300429184549356 0.08108108108108109
5 0.6064377682403433 0.4002921840759679 0.09012875536480686 0.06574141709276844
