0 0.4202401372212693 0.7772096420745069 0.1320754716981132 0.1329437545653762
1 0.3216123499142367 0.7607742878013148 0.08404802744425385 0.12052593133674215
2 0.5716123499142367 0.6705624543462382 0.14150943396226415 0.10664718772826881
3 0.35763293310463123 0.5252008765522279 0.06174957118353345 0.1139517896274653
3 0.41638078902229847 0.5164353542731921 0.0711835334476844 0.1168736303871439
3 0.48456260720411665 0.4956172388604821 0.07375643224699828 0.10299488677867057
3 0.5698970840480274 0.5087655222790358 0.0711835334476844 0.09130752373995617
4 0.6968267581475128 0.6059167275383491 0.09176672384219554 0.06939371804236669
4 0.5917667238421955 0.43425858290723157 0.08747855917667238 0.10153396639883126
4 0.5038593481989708 0.414536157779401 0.0797598627787307 0.10007304601899197
4 0.41638078902229847 0.42658875091307524 0.0797598627787307 0.10372534696859022
4 0.33662092624356776 0.44850255661066474 0.0711835334476844 0.08327246165084003
5 0.6346483704974271 0.3550036523009496 0.08576329331046312 0.07012417823228634
5 0.5201543739279588 0.30825420014609206 0.09519725557461406 0.07158509861212564
5 0.4073756432246998 0.3294375456537619 0.09777015437392796 0.07304601899196494
5 0.297598627787307 0.39079620160701245 0.07375643224699828 0.04967129291453616
6 0.25986277873070324 0.32468955441928415 0.09433962264150943 0.09715120525931337
6 0.3893653516295026 0.23703433162892623 0.08919382504288165 0.09130752373995617
6 0.5300171526586621 0.2081811541271001 0.08404802744425385 0.08765522279035792
6 0.6535162950257289 0.2677136596055515 0.08404802744425385 0.08838568298027757
6 0.7993138936535162 0.5489408327246165 0.1269296740994854 0.09715120525931337
