6 0.4888316151202749 0.5474106491611962 0.11683848797250859 0.10867979576951131
6 0.37671821305841924 0.34208606856309265 0.09536082474226804 0.09919766593727207
6 0.2804982817869416 0.3063457330415755 0.10223367697594501 0.0962800875273523
6 0.19329896907216496 0.3398978847556528 0.09621993127147765 0.08898614150255288
6 0.10008591065292095 0.4099197665937272 0.09536082474226804 0.08169219547775347
5 0.10438144329896908 0.4890590809628009 0.0936426116838488 0.06637490882567469
5 0.18298969072164947 0.4259664478482859 0.08762886597938144 0.06418672501823487
5 0.2701890034364261 0.40663749088256745 0.10223367697594501 0.07221006564551423
5 0.36082474226804123 0.4285193289569657 0.09278350515463918 0.06637490882567469
4 0.3371993127147766 0.5080233406272794 0.08161512027491409 0.09409190371991247
4 0.25601374570446733 0.5102115244347192 0.08762886597938144 0.08388037928519329
4 0.18170103092783504 0.5277169948942377 0.08505154639175258 0.08388037928519329
4 0.10867697594501718 0.563092633114515 0.0781786941580756 0.08169219547775347
4 0.45575601374570446 0.6218088986141502 0.08161512027491409 0.07221006564551423
3 0.1211340206185567 0.6353026987600292 0.06013745704467354 0.11670313639679067
3 0.1791237113402062 0.6108679795769512 0.0627147766323024 0.1101385849744712
3 0.2422680412371134 0.5984682713347921 0.06701030927835051 0.13202042304886943
3 0.3238831615120275 0.5886214442013129 0.07388316151202749 0.11232676878191102
2 0.3702749140893471 0.7148067104303428 0.13745704467353953 0.1137855579868709
1 0.20532646048109965 0.8913202042304887 0.1013745704467354 0.08460977388767323
0 0.30369415807560135 0.862144420131291 0.12457044673539519 0.13566739606126915
