3 0.6150320806599451 0.471395881006865 0.07882676443629698 0.10221205186880244
3 0.5384967919340056 0.4569031273836766 0.06324472960586618 0.12051868802440885
3 0.4738771769019249 0.4553775743707094 0.07149404216315307 0.11594202898550725
3 0.41017415215398717 0.477116704805492 0.06324472960586618 0.11823035850495806
2 0.5980751604032998 0.5980167810831427 0.12557286892758937 0.09000762776506484
4 0.7204399633363887 0.5541571319603357 0.1008249312557287 0.07551487414187644
4 0.654903758020165 0.39435545385202136 0.08890925756186985 0.09610983981693365
4 0.5591200733272228 0.3695652173913044 0.07882676443629698 0.10144927536231885
4 0.4692942254812099 0.3718535469107552 0.076993583868011 0.09687261632341725
4 0.38863428047662696 0.4038901601830664 0.06599450045829515 0.07704042715484363
5 0.7039413382218149 0.332189168573608 0.07882676443629698 0.07856598016781084
5 0.5829514207149404 0.2734553775743707 0.09715857011915674 0.07704042715484363
5 0.46654445462878097 0.29938977879481316 0.07882676443629698 0.06788710907704043
5 0.3593033913840513 0.34630053394355453 0.08432630614115491 0.06102212051868803
6 0.32768102658111825 0.28718535469107553 0.09074243813015583 0.07856598016781084
6 0.4692942254812099 0.2151029748283753 0.08432630614115491 0.08543096872616324
6 0.6090742438130156 0.2013729977116705 0.10357470210815765 0.09305873379099924
6 0.7470210815765354 0.2745995423340961 0.11182401466544455 0.09153318077803205
6 0.8120989917506874 0.4992372234935164 0.12098991750687443 0.10144927536231885
1 0.3400549954170486 0.6552250190694127 0.1008249312557287 0.11441647597254005
0 0.42438130155820347 0.6998474446987033 0.14298808432630614 0.13806254767353165
