0 0.3745603751465416 0.8566493955094991 0.16529894490035169 0.153713298791019
1 0.24267291910902694 0.8367875647668394 0.13364595545134816 0.16753022452504318
2 0.5586166471277842 0.71286701208981 0.19812426729191088 0.1407599309153713
3 0.26436107854630714 0.5975820379965457 0.09730363423212192 0.15198618307426598
3 0.34349355216881594 0.5734024179620034 0.08675263774912075 0.1312607944732297
3 0.43141852286049237 0.5587219343696027 0.08909730363423211 0.14162348877374784
3 0.5422039859320047 0.5548359240069084 0.10433763188745603 0.12003454231433505
4 0.6905041031652989 0.6265112262521588 0.12426729191090269 0.08203799654576856
4 0.563305978898007 0.4667530224525043 0.11606096131301288 0.11139896373056994
4 0.45720984759671746 0.4559585492227979 0.10082063305978897 0.1070811744386874
4 0.34759671746776083 0.4667530224525043 0.10433763188745603 0.114853195164076
4 0.2450175849941383 0.5142487046632124 0.10082063305978897 0.0924006908462867
6 0.768464243845252 0.544041450777202 0.15123094958968347 0.1312607944732297
6 0.6635404454865181 0.28842832469775476 0.10785463071512309 0.09671848013816925
6 0.5216881594372802 0.2469775474956822 0.10082063305978897 0.1070811744386874
6 0.3645955451348183 0.2759067357512953 0.10785463071512309 0.09930915371329879
6 0.17995310668229775 0.35664939550949915 0.123094958968347 0.11226252158894645
5 0.1957796014067995 0.44473229706390327 0.11019929660023446 0.07081174438687392
5 0.3558030480656506 0.37348877374784106 0.11137162954279015 0.08721934369602763
5 0.49296600234466587 0.3501727115716753 0.10433763188745603 0.08549222797927461
5 0.6324736225087925 0.3855785837651122 0.1254396248534584 0.08721934369602763
