1 0.4169642857142857 0.8755656108597285 0.10714285714285714 0.1191553544494721
0 0.5290178571428571 0.8687782805429864 0.16339285714285715 0.15384615384615385
2 0.6558035714285714 0.6990950226244345 0.15982142857142856 0.13423831070889894
3 0.32410714285714287 0.5901206636500754 0.08214285714285714 0.15309200603318251
3 0.396875 0.5478883861236803 0.0919642857142857 0.1425339366515837
3 0.47812499999999997 0.5282805429864253 0.08839285714285713 0.18174962292609353
3 0.5830357142857142 0.5169683257918553 0.09464285714285714 0.15761689291101055
4 0.7424107142857143 0.5535444947209653 0.11339285714285714 0.11161387631975868
4 0.5834821428571428 0.4061085972850679 0.10982142857142857 0.10935143288084465
4 0.4803571428571428 0.40384615384615385 0.09285714285714286 0.1138763197586727
4 0.40401785714285715 0.44343891402714936 0.09017857142857143 0.12066365007541478
4 0.31651785714285713 0.48265460030165913 0.0919642857142857 0.110105580693816
6 0.8254464285714286 0.4068627450980392 0.13482142857142856 0.1546003016591252
6 0.6053571428571428 0.15233785822021118 0.09464285714285714 0.11764705882352941
6 0.48482142857142857 0.11538461538461539 0.09285714285714286 0.12066365007541478
6 0.37857142857142856 0.17119155354449472 0.09464285714285714 0.1191553544494721
6 0.2767857142857143 0.27526395173454 0.11071428571428571 0.12066365007541478
5 0.29464285714285715 0.385369532428356 0.10357142857142856 0.07692307692307693
5 0.3875 0.3103318250377074 0.09464285714285714 0.06711915535444947
5 0.4919642857142857 0.2579185520361991 0.09464285714285714 0.06636500754147813
5 0.6017857142857143 0.2684766214177979 0.10714285714285714 0.09049773755656108
