5 0.588125 0.2859941234084231 0.12375 0.0881488736532811
5 0.43062500000000004 0.2742409402546523 0.11625 0.0940254652301665
5 0.289375 0.3256611165523996 0.12375 0.10088148873653281
5 0.17250000000000001 0.4407443682664055 0.115 0.07443682664054849
6 0.13125 0.33692458374143 0.1075 0.10969637610186092
6 0.27625 0.20176297747306562 0.1125 0.12144955925563174
6 0.4175 0.1356513222331048 0.12 0.12438785504407444
6 0.589375 0.16356513222331048 0.11125 0.10969637610186092
6 0.83375 0.40352595494613125 0.135 0.14887365328109697
4 0.568125 0.4049951028403526 0.13625 0.13222331047992164
4 0.43375 0.41332027424094026 0.115 0.13712047012732614
4 0.32875 0.4583741429970617 0.115 0.14299706170421156
4 0.224375 0.5269343780607249 0.12125 0.11557296767874634
4 0.766875 0.5239960822722821 0.12125 0.13124387855044076
3 0.55875 0.5470127326150833 0.135 0.20274240940254654
3 0.440625 0.5499510284035259 0.11875000000000001 0.1792360430950049
3 0.354375 0.5861900097943193 0.12875 0.1792360430950049
3 0.27 0.6332027424094026 0.14250000000000002 0.15572967678746327
2 0.6775 0.7110675808031343 0.1825 0.13712047012732614
1 0.385 0.9255631733594516 0.1325 0.17042115572967678
0 0.530625 0.9172380019588638 0.23125 0.1772771792360431
