0 0.5250990752972259 0.6763698630136986 0.154557463672391 0.17465753424657532
1 0.4095112285336856 0.6763698630136986 0.10568031704095113 0.14138943248532287
2 0.6763540290620872 0.5325342465753424 0.17305151915455746 0.1159491193737769
3 0.6003963011889035 0.38062622309197647 0.10171730515191546 0.136986301369863
3 0.4986789960369881 0.38380626223091974 0.09379128137384413 0.15215264187866928
3 0.4223910171730515 0.3979941291585127 0.09577278731836196 0.1296477495107632
3 0.3560105680317041 0.4346868884540117 0.09114927344782034 0.13551859099804303
4 0.7364597093791282 0.4016634050880626 0.10171730515191546 0.10371819960861056
4 0.6162483487450462 0.2759295499021526 0.10171730515191546 0.11741682974559686
4 0.5036327608982827 0.2820450097847358 0.09577278731836196 0.11399217221135029
4 0.40918097754293264 0.299412915851272 0.09709379128137384 0.1095890410958904
4 0.3177014531043593 0.3512720156555773 0.0977542932628798 0.08708414872798434
6 0.8074636723910171 0.3111545988258317 0.13408190224570674 0.11741682974559686
6 0.6631439894319683 0.10885518590998042 0.08982826948480846 0.087573385518591
6 0.535336856010568 0.0711839530332681 0.08520475561426684 0.09344422700587084
6 0.4134742404227213 0.09686888454011741 0.11360634081902246 0.10273972602739725
6 0.22721268163804492 0.20376712328767121 0.09114927344782034 0.09931506849315068
5 0.2760898282694848 0.28253424657534243 0.10171730515191546 0.06604696673189824
5 0.4095112285336856 0.20596868884540115 0.10568031704095113 0.0675146771037182
5 0.5201453104359313 0.1797945205479452 0.09973579920739763 0.06311154598825831
5 0.6479524438573315 0.1917808219178082 0.09114927344782034 0.0812133072407045
