5 0.626875 0.3125594671741199 0.12375 0.0960989533777355
5 0.435 0.285442435775452 0.1375 0.09134157944814462
5 0.3025 0.36013320647002856 0.10250000000000001 0.07706945765937202
5 0.19062500000000002 0.4414843006660324 0.10375000000000001 0.08372978116079924
6 0.15375 0.3510941960038059 0.105 0.1065651760228354
6 0.250625 0.24643196955280686 0.13375 0.11607992388201713
6 0.410625 0.16270218839200762 0.11375 0.11417697431018078
6 0.634375 0.20789724072312085 0.10875 0.11322549952426261
6 0.834375 0.4609895337773549 0.17875 0.13415794481446242
4 0.26125 0.5028544243577545 0.10250000000000001 0.09990485252140818
4 0.35375 0.4519505233111323 0.0975 0.11988582302568983
4 0.44375000000000003 0.4048525214081827 0.1075 0.10371075166508088
4 0.5806250000000001 0.4039010466222645 0.10875 0.10561370123691723
4 0.743125 0.5485252140818269 0.11125 0.09419600380589915
3 0.30625 0.5794481446241675 0.095 0.1313035204567079
3 0.378125 0.5475737392959087 0.09375 0.13225499524262607
3 0.45937500000000003 0.5228353948620362 0.10375000000000001 0.15128449096098953
3 0.5625 0.5014272121788773 0.0925 0.12749762131303521
2 0.615 0.6679352997145576 0.17 0.12559467174119887
1 0.384375 0.8701236917221694 0.10875 0.170313986679353
0 0.5125 0.8610846812559467 0.1825 0.17697431018078022
