0 0.5634803921568627 0.8145914396887161 0.1818627450980392 0.2190661478599222
1 0.4487745098039216 0.8548638132295721 0.10833333333333334 0.15797665369649808
2 0.6629901960784313 0.6431906614785993 0.20735294117647057 0.14552529182879378
3 0.579656862745098 0.475875486381323 0.11813725490196078 0.17354085603112843
3 0.48504901960784313 0.48073929961089495 0.10049019607843138 0.18949416342412453
3 0.403921568627451 0.5017509727626459 0.09803921568627451 0.15758754863813232
3 0.34215686274509804 0.5305447470817121 0.08039215686274509 0.143579766536965
4 0.7666666666666666 0.5235408560311284 0.12058823529411765 0.11789883268482491
4 0.5936274509803922 0.35797665369649806 0.11568627450980393 0.11361867704280157
4 0.4779411764705882 0.35894941634241245 0.10588235294117647 0.13579766536964982
4 0.3838235294117647 0.3929961089494164 0.10294117647058823 0.1276264591439689
4 0.30073529411764705 0.4558365758754864 0.11323529411764706 0.09766536964980545
6 0.8450980392156863 0.4287937743190662 0.16568627450980392 0.12373540856031129
6 0.6615196078431372 0.14552529182879378 0.10049019607843138 0.09961089494163425
6 0.44534313725490193 0.10350194552529184 0.11519607843137254 0.1198443579766537
6 0.2867647058823529 0.16750972762645916 0.11568627450980393 0.11167315175097277
6 0.16862745098039217 0.3021400778210117 0.12058823529411765 0.09766536964980545
5 0.24534313725490195 0.3869649805447471 0.11323529411764706 0.07587548638132297
5 0.3348039215686274 0.2811284046692607 0.10588235294117647 0.07976653696498055
5 0.45416666666666666 0.2352140077821012 0.1034313725490196 0.06809338521400779
5 0.6313725490196078 0.2540856031128405 0.10098039215686275 0.08171206225680934
