5 0.6367713004484304 0.24119127516778524 0.10762331838565023 0.07634228187919463
5 0.48150224215246634 0.23154362416107382 0.12219730941704035 0.07885906040268456
5 0.34977578475336324 0.2827181208053691 0.13004484304932734 0.087248322147651
5 0.25504484304932734 0.3825503355704698 0.10426008968609865 0.06208053691275168
6 0.2006726457399103 0.3049496644295302 0.11659192825112108 0.10151006711409395
6 0.3189461883408072 0.1837248322147651 0.1132286995515695 0.09731543624161074
6 0.4803811659192825 0.11870805369127517 0.11995515695067265 0.10822147651006711
6 0.6294843049327354 0.14219798657718122 0.1109865470852018 0.09983221476510067
6 0.8693946188340808 0.36661073825503354 0.13565022421524664 0.1442953020134228
4 0.6278026905829597 0.3376677852348993 0.10762331838565023 0.125
4 0.5033632286995515 0.34018456375838924 0.12556053811659193 0.125
4 0.4080717488789238 0.38338926174496646 0.11659192825112108 0.12751677852348994
4 0.32062780269058294 0.44630872483221473 0.12780269058295965 0.1040268456375839
4 0.8054932735426009 0.46895973154362414 0.11547085201793722 0.09563758389261745
3 0.632286995515695 0.4375 0.11659192825112108 0.13003355704697986
3 0.5201793721973094 0.4526006711409396 0.10762331838565023 0.14681208053691275
3 0.4310538116591928 0.4823825503355705 0.09977578475336323 0.13758389261744966
3 0.36434977578475336 0.5226510067114094 0.10762331838565023 0.12919463087248323
2 0.725896860986547 0.5947986577181208 0.17376681614349776 0.11241610738255034
1 0.4579596412556054 0.8062080536912751 0.1647982062780269 0.16946308724832215
0 0.5908071748878924 0.8078859060402684 0.18161434977578475 0.19966442953020133
