0 0.5529801324503312 0.8501517450682853 0.18984547461368653 0.17526555386949924
1 0.41721854304635764 0.8592564491654021 0.13024282560706402 0.14946889226100152
2 0.7251655629139073 0.6707132018209409 0.22737306843267108 0.1456752655538695
3 0.3405077262693157 0.5891502276176025 0.10927152317880795 0.1646433990895296
3 0.4260485651214128 0.545144157814871 0.09933774834437085 0.13732928679817907
3 0.5182119205298014 0.5140364188163885 0.1335540838852097 0.15553869499241274
3 0.6280353200883002 0.5045523520485584 0.13024282560706402 0.1411229135053111
4 0.7880794701986755 0.5333839150227617 0.13245033112582782 0.10622154779969652
4 0.6330022075055187 0.3933990895295903 0.1335540838852097 0.13277693474962063
4 0.510485651214128 0.4017450682852807 0.12472406181015452 0.13277693474962063
4 0.4045253863134658 0.44157814871016693 0.11810154525386314 0.125948406676783
4 0.2924944812362031 0.49165402124430957 0.13024282560706402 0.11077389984825493
6 0.8669977924944813 0.42526555386949927 0.1490066225165563 0.15402124430955993
6 0.673289183222958 0.18057663125948406 0.12141280353200883 0.10015174506828528
6 0.5066225165562914 0.15098634294385432 0.10596026490066225 0.10015174506828528
6 0.33002207505518766 0.20751138088012142 0.1368653421633554 0.11153262518968134
6 0.16666666666666666 0.34104704097116845 0.10816777041942605 0.10546282245827011
5 0.2378587196467991 0.42336874051593326 0.10264900662251655 0.07283763277693475
5 0.36368653421633557 0.32056145675265557 0.11810154525386314 0.07663125948406677
5 0.510485651214128 0.28110773899848257 0.12472406181015452 0.07056145675265554
5 0.6611479028697572 0.2898330804248862 0.1280353200883002 0.07435508345978756
