5 0.6770126091173618 0.3130081300813008 0.12027158098933075 0.08455284552845528
5 0.5169738118331717 0.27154471544715447 0.11639185257032007 0.07804878048780488
5 0.3947623666343356 0.30528455284552847 0.10475266731328807 0.08536585365853659
5 0.30698351115421924 0.38414634146341464 0.09602327837051407 0.06747967479674796
6 0.25315227934044615 0.2991869918699187 0.1066925315227934 0.1073170731707317
6 0.36372453928225024 0.18536585365853658 0.1066925315227934 0.11056910569105691
6 0.49515033947623666 0.1475609756097561 0.11348205625606207 0.1048780487804878
6 0.7080504364694471 0.21788617886178863 0.1280310378273521 0.10569105691056911
6 0.8564500484966052 0.4443089430894309 0.14936954413191078 0.13739837398373983
4 0.6348205625606208 0.40447154471544716 0.11930164888457809 0.11788617886178862
4 0.521823472356935 0.390650406504065 0.1066925315227934 0.1
4 0.4354995150339476 0.41300813008130083 0.0892337536372454 0.11056910569105691
4 0.35935984481086325 0.45691056910569106 0.0921435499515034 0.09268292682926829
4 0.7546071774975752 0.5373983739837398 0.1066925315227934 0.08943089430894309
3 0.39088263821532493 0.5430894308943089 0.07759456838021339 0.15934959349593497
3 0.4515033947623666 0.49552845528455286 0.08050436469447139 0.11951219512195121
3 0.5247332686711931 0.4869918699186992 0.0950533462657614 0.15284552845528454
3 0.623666343355965 0.5020325203252033 0.09893307468477207 0.16991869918699187
2 0.6547041707080504 0.651219512195122 0.15518913676042678 0.11219512195121951
1 0.4219204655674103 0.8447154471544716 0.10475266731328807 0.15284552845528454
0 0.5271580989330746 0.8345528455284553 0.1697381183317168 0.2008130081300813
