0 0.5140949554896143 0.7237883283877349 0.09347181008902077 0.15380811078140455
1 0.44708209693372897 0.6980712166172106 0.07319485657764589 0.1172106824925816
2 0.5996538081107814 0.5855588526211671 0.08259149357072205 0.0850642927794263
3 0.5949554896142433 0.47131552917903063 0.06231454005934718 0.10385756676557863
3 0.5388229475766567 0.4658753709198813 0.05687438180019782 0.09891196834817012
3 0.496538081107814 0.4794757665677547 0.04846686449060336 0.08753709198813056
3 0.45202769535113746 0.5009891196834817 0.04549950544015826 0.10286844708209693
4 0.6565281899109792 0.509891196834817 0.05687438180019782 0.06627101879327399
4 0.602373887240356 0.40084075173095945 0.05934718100890207 0.07962413452027695
4 0.5410484668644906 0.39638971315529176 0.05341246290801187 0.07863501483679525
4 0.4876360039564787 0.40974282888229474 0.05539070227497527 0.08259149357072205
4 0.43892185954500496 0.4433728981206726 0.05687438180019782 0.06083086053412463
6 0.7049950544015826 0.44708209693372897 0.07467853610286844 0.0820969337289812
6 0.6100395647873392 0.2725024727992087 0.05489614243323442 0.06726013847675569
6 0.536597428288823 0.2363996043521266 0.05934718100890207 0.076162215628091
6 0.4718100890207715 0.2618694362017804 0.04945598417408506 0.07368941641938674
6 0.3837784371909001 0.3400098911968348 0.050445103857566766 0.05984174085064293
5 0.40059347181008903 0.39540059347181006 0.058358061325420374 0.04599406528189911
5 0.47898120672601385 0.336053412462908 0.05588526211671612 0.05192878338278931
5 0.5390702274975272 0.3137982195845697 0.04945598417408506 0.050939663699307615
5 0.6095450049455984 0.3363006923837784 0.06577645895153314 0.04945598417408506
