5 0.6716604244694132 0.37200660611065234 0.12734082397003746 0.08835672997522707
5 0.5118601747815231 0.338150289017341 0.13982521847690388 0.07514450867052022
5 0.3408239700374532 0.37530966143682903 0.1223470661672909 0.07679603633360858
5 0.19538077403245943 0.4669694467382328 0.12109862671660425 0.06688687035507844
6 0.12734082397003746 0.39719240297274977 0.12983770287141075 0.08257638315441783
6 0.317103620474407 0.2654830718414533 0.12983770287141075 0.10982658959537572
6 0.5349563046192259 0.23534269199009084 0.1285892634207241 0.10734929810074319
6 0.6991260923845194 0.27580511973575556 0.1198501872659176 0.08092485549132948
6 0.8876404494382023 0.5511973575557391 0.14731585518102372 0.10982658959537572
4 0.6136079900124844 0.4549958711808423 0.13857677902621723 0.10569777043765483
4 0.484394506866417 0.44756399669694463 0.10736579275905118 0.10569777043765483
4 0.3739076154806492 0.4764657308009909 0.09612983770287141 0.09744013212221304
4 0.264669163545568 0.5272502064409579 0.1223470661672909 0.0800990916597853
3 0.3021223470661673 0.6085879438480595 0.11235955056179775 0.12716763005780346
3 0.3838951310861423 0.5677126341866225 0.09363295880149813 0.12799339388934763
3 0.48564294631710364 0.5619322873658134 0.10986267166042447 0.13790255986787778
3 0.5855181023720349 0.5615194054500413 0.10736579275905118 0.15359207266721717
4 0.7865168539325843 0.6329479768786127 0.12484394506866417 0.08505367464905036
2 0.6198501872659176 0.6936416184971098 0.19101123595505617 0.10734929810074319
1 0.3945068664169788 0.8691164327002476 0.14232209737827717 0.13790255986787778
0 0.5287141073657927 0.8526011560693642 0.20848938826466917 0.1709331131296449
