0 0.5654761904761905 0.7413911845730028 0.16025641025641027 0.18663911845730027
1 0.4574175824175824 0.759641873278237 0.09065934065934066 0.15151515151515152
2 0.706959706959707 0.6019283746556474 0.19230769230769232 0.10192837465564739
3 0.6524725274725275 0.4369834710743802 0.09065934065934066 0.12741046831955924
3 0.554945054945055 0.42906336088154273 0.09523809523809523 0.12947658402203857
3 0.4816849816849817 0.4473140495867769 0.07875457875457875 0.12741046831955924
3 0.40293040293040294 0.47865013774104687 0.08424908424908426 0.11294765840220386
4 0.7925824175824175 0.4913911845730028 0.10897435897435898 0.08195592286501377
4 0.6721611721611722 0.3515840220385675 0.09706959706959707 0.10261707988980717
4 0.5627289377289377 0.33402203856749313 0.1108058608058608 0.10330578512396695
4 0.4757326007326007 0.3560606060606061 0.1163003663003663 0.11294765840220386
4 0.375 0.4011707988980716 0.10714285714285714 0.09022038567493113
6 0.8315018315018315 0.38842975206611574 0.10805860805860806 0.12258953168044077
6 0.722985347985348 0.16735537190082644 0.10164835164835165 0.1046831955922865
6 0.5732600732600732 0.12052341597796143 0.1043956043956044 0.09779614325068871
6 0.43635531135531136 0.15358126721763085 0.09981684981684982 0.1046831955922865
6 0.27793040293040294 0.2582644628099174 0.10714285714285714 0.08677685950413223
5 0.32783882783882784 0.32885674931129477 0.09523809523809523 0.05440771349862259
5 0.4468864468864469 0.2596418732782369 0.10622710622710622 0.06611570247933884
5 0.5654761904761905 0.23106060606060608 0.10164835164835165 0.06404958677685951
5 0.7032967032967032 0.25998622589531684 0.1227106227106227 0.06267217630853994
