5 0.6638755980861244 0.27773037542662116 0.10287081339712918 0.08276450511945392
5 0.5657894736842105 0.25426621160409557 0.10526315789473684 0.06484641638225257
5 0.4354066985645933 0.2854095563139932 0.08851674641148324 0.07081911262798635
5 0.31399521531100477 0.37372013651877134 0.10645933014354067 0.06655290102389079
6 0.2595693779904306 0.29138225255972694 0.1124401913875598 0.09300341296928327
6 0.423444976076555 0.17960750853242322 0.1124401913875598 0.09300341296928327
6 0.5645933014354066 0.1416382252559727 0.10287081339712918 0.09556313993174062
6 0.6447368421052632 0.19027303754266212 0.08133971291866028 0.08020477815699659
6 0.8833732057416268 0.41680887372013653 0.1303827751196172 0.1356655290102389
4 0.6656698564593301 0.36945392491467577 0.11124401913875598 0.11092150170648464
4 0.562799043062201 0.3643344709897611 0.0992822966507177 0.11262798634812286
4 0.4659090909090909 0.39419795221843 0.0992822966507177 0.1075085324232082
4 0.3630382775119617 0.4398464163822526 0.0992822966507177 0.08617747440273038
3 0.41148325358851673 0.5238907849829352 0.10526315789473684 0.11604095563139932
3 0.48564593301435405 0.48720136518771334 0.09090909090909091 0.12116040955631399
3 0.5657894736842105 0.4645904436860068 0.10047846889952153 0.11860068259385666
3 0.6704545454545454 0.4611774744027304 0.09688995215311004 0.12542662116040956
4 0.81877990430622 0.5098122866894198 0.10885167464114832 0.09300341296928327
2 0.7159090909090908 0.6198805460750854 0.15430622009569378 0.11006825938566553
1 0.409688995215311 0.7534129692832765 0.1303827751196172 0.14675767918088736
0 0.5382775119617225 0.7657849829351536 0.17224880382775118 0.1680887372013652
