0 0.508363201911589 0.8851819757365684 0.24253285543608122 0.19324090121317156
1 0.3440860215053763 0.8440207972270364 0.13381123058542413 0.14384748700173308
2 0.7072879330943846 0.6780762564991334 0.20549581839904418 0.13778162911611785
3 0.6021505376344085 0.494367417677643 0.12903225806451613 0.17590987868284227
3 0.48028673835125446 0.5121317157712305 0.12186379928315412 0.16464471403812825
3 0.39904420549581837 0.5485268630849219 0.12186379928315412 0.18197573656845753
3 0.3082437275985663 0.5736568457538994 0.1099163679808841 0.15251299826689774
4 0.7921146953405017 0.5415944540727903 0.16248506571087215 0.12305025996533794
4 0.6081242532855435 0.3830155979202773 0.13381123058542413 0.13518197573656845
4 0.48267622461170845 0.39471403812824957 0.11708482676224612 0.1412478336221837
4 0.37873357228195936 0.4224436741767764 0.12186379928315412 0.13778162911611785
4 0.2843488649940263 0.481369150779896 0.13381123058542413 0.12045060658578856
6 0.8243727598566307 0.4051126516464471 0.16248506571087215 0.14991334488734834
6 0.6541218637992832 0.14341421143847485 0.15412186379928314 0.12564991334488734
6 0.4498207885304659 0.11395147313691507 0.14934289127837513 0.13258232235701906
6 0.3267622461170848 0.17417677642980936 0.1135005973715651 0.12305025996533794
6 0.2048984468339307 0.30069324090121313 0.1063321385902031 0.10571923743500866
5 0.23715651135005972 0.3916811091854419 0.13739545997610514 0.07625649913344887
5 0.35663082437275984 0.3019930675909879 0.14217443249701314 0.07365684575389947
5 0.48028673835125446 0.2551993067590988 0.12903225806451613 0.07885615251299827
5 0.6338112305854241 0.2621317157712305 0.13739545997610514 0.08232235701906412
