5 0.61 0.33263946711074105 0.12 0.09075770191507078
5 0.4925 0.3268109908409659 0.1225 0.09408825978351375
5 0.395625 0.376353039134055 0.11875000000000001 0.07993338884263114
5 0.274375 0.4604496253122398 0.11625 0.0749375520399667
6 0.29 0.3680266444629475 0.105 0.09658617818484597
6 0.39375 0.24354704412989175 0.11 0.10574521232306412
6 0.49062500000000003 0.17901748542880933 0.09875 0.10324729392173189
6 0.5906250000000001 0.21273938384679433 0.10875 0.10074937552039967
6 0.788125 0.44171523730224815 0.15125 0.13072439633638636
4 0.6125 0.4604496253122398 0.13 0.1215653621981682
4 0.48875 0.4825145711906745 0.1375 0.10574521232306412
4 0.374375 0.52248126561199 0.11375 0.10574521232306412
4 0.27625 0.5670274771024146 0.1125 0.09159034138218151
4 0.758125 0.5811823480432973 0.11875000000000001 0.10491257285595337
3 0.6125 0.5907577019150708 0.13 0.17568692756036636
3 0.4875 0.601165695253955 0.1125 0.1881765195670275
3 0.388125 0.626977518734388 0.09875 0.1498751040799334
3 0.29812500000000003 0.6631973355537053 0.11625 0.14737718567860117
2 0.6793750000000001 0.7581182348043297 0.16875 0.13405495420482932
1 0.355 0.9375520399666945 0.1575 0.11990008326394672
0 0.516875 0.9425478767693589 0.22125 0.11490424646128226
