0 0.5216519647153167 0.7660891089108911 0.15637530072173217 0.1485148514851485
1 0.41820368885324777 0.7611386138613861 0.0954290296712109 0.12376237623762376
2 0.6663993584603047 0.5872524752475248 0.14434643143544507 0.125
3 0.6050521251002405 0.46008663366336633 0.10344827586206896 0.12066831683168316
3 0.5140336808340016 0.4619430693069307 0.07538091419406576 0.11943069306930693
3 0.4366479550922213 0.47679455445544555 0.07939053728949479 0.10952970297029703
3 0.3624699278267843 0.5126856435643564 0.07698476343223737 0.10952970297029703
4 0.7365677626303128 0.47741336633663367 0.09382518043303929 0.08725247524752475
4 0.6130713712910987 0.37097772277227725 0.11146752205292702 0.10210396039603961
4 0.5136327185244587 0.37407178217821785 0.0954290296712109 0.10457920792079207
4 0.42662389735364875 0.39511138613861385 0.09141940657578188 0.10334158415841584
4 0.3368083400160385 0.4390470297029703 0.09943865276663993 0.09715346534653466
6 0.8171611868484362 0.38830445544554454 0.12991178829190056 0.10210396039603961
6 0.6684041700080192 0.18316831683168316 0.0954290296712109 0.1051980198019802
6 0.5068163592622293 0.15872524752475248 0.09783480352846832 0.08725247524752475
6 0.3941459502806736 0.19461633663366337 0.0954290296712109 0.09096534653465346
6 0.2690457097032879 0.2849628712871287 0.08901363271852446 0.08601485148514852
5 0.30874097834803527 0.35767326732673266 0.10425020048115477 0.05693069306930693
5 0.40577385725741777 0.2939356435643564 0.09943865276663993 0.07054455445544555
5 0.5156375300721732 0.2660891089108911 0.09141940657578188 0.06064356435643564
5 0.6519647153167603 0.27382425742574257 0.107457898957498 0.07982673267326733
