5 0.7199471598414795 0.2756849315068493 0.09379128137384413 0.06800391389432485
5 0.6291281373844122 0.21673189823874756 0.09180977542932629 0.05968688845401174
5 0.5399603698811096 0.18419765166340507 0.1010568031704095 0.0611545988258317
5 0.4187582562747688 0.19740704500978473 0.08718626155878467 0.05821917808219178
6 0.2546235138705416 0.2756849315068493 0.12087186261558784 0.11105675146771037
6 0.4187582562747688 0.11203522504892367 0.0964332892998679 0.09980430528375733
6 0.5389696169088507 0.07729941291585127 0.10303830911492734 0.09980430528375733
6 0.6631439894319683 0.11472602739726026 0.0964332892998679 0.09442270058708414
6 0.7443857331571995 0.19838551859099804 0.08058124174372523 0.07974559686888454
4 0.42668428005284015 0.28449119373776904 0.09379128137384413 0.08953033268101761
4 0.5151915455746368 0.2771526418786693 0.0964332892998679 0.09442270058708414
4 0.5980845442536328 0.30039138943248533 0.08784676354029063 0.10763209393346379
4 0.678335535006605 0.33292563600782776 0.08718626155878467 0.09442270058708414
4 0.30250990752972257 0.3642367906066536 0.08718626155878467 0.08659491193737769
3 0.42932628797886396 0.36374755381604695 0.0964332892998679 0.10616438356164383
3 0.524108322324967 0.37010763209393344 0.0785997357992074 0.11790606653620352
3 0.5901585204755614 0.39236790606653615 0.07199471598414796 0.11252446183953033
3 0.6595112285336856 0.41316046966731895 0.07595772787318363 0.10812133072407044
2 0.37219286657859973 0.4755381604696673 0.1142668428005284 0.11937377690802348
0 0.488110964332893 0.648238747553816 0.154557463672391 0.149706457925636
1 0.6083223249669749 0.6528864970645792 0.11624834874504623 0.13258317025440314
