1 0.4105691056910569 0.870279146141215 0.14750290360046459 0.180623973727422
0 0.5435540069686411 0.8645320197044335 0.16957026713124274 0.1921182266009852
2 0.6759581881533101 0.6724137931034483 0.20209059233449478 0.11986863711001641
3 0.35365853658536583 0.5915435139573071 0.10569105691056911 0.15517241379310345
3 0.4256678281068525 0.5607553366174056 0.09872241579558652 0.15270935960591134
3 0.5104529616724739 0.534072249589491 0.09872241579558652 0.15517241379310345
3 0.6202090592334495 0.5291461412151067 0.11382113821138211 0.13218390804597702
4 0.7903600464576074 0.5812807881773399 0.12195121951219512 0.09688013136288998
4 0.6265969802555168 0.43226600985221675 0.10801393728222997 0.0993431855500821
4 0.5156794425087108 0.43555008210180624 0.10220673635307781 0.10098522167487685
4 0.42392566782810687 0.45607553366174053 0.10220673635307781 0.11083743842364531
4 0.3321718931475029 0.5004105090311987 0.09523809523809523 0.09277504105090312
6 0.8588850174216028 0.493431855500821 0.140534262485482 0.13464696223316913
6 0.6579558652729385 0.25862068965517243 0.1173054587688734 0.10344827586206896
6 0.5255516840882695 0.22044334975369456 0.10801393728222997 0.11576354679802955
6 0.3832752613240418 0.256568144499179 0.10452961672473868 0.10426929392446634
6 0.25493612078977934 0.35467980295566504 0.12427409988385599 0.10673234811165845
5 0.28281068524970965 0.44006568144499175 0.10801393728222997 0.07389162561576354
5 0.3995354239256678 0.35919540229885055 0.11149825783972125 0.06978653530377668
5 0.5267131242740999 0.33045977011494254 0.1173054587688734 0.07635467980295567
5 0.6498257839721254 0.34072249589490966 0.14750290360046459 0.06403940886699507
