5 0.5843137254901961 0.3180933852140078 0.07745098039215687 0.05875486381322958
5 0.5188725490196079 0.29922178988326853 0.0769607843137255 0.059143968871595336
5 0.43137254901960786 0.3217898832684825 0.08039215686274509 0.07548638132295721
5 0.29901960784313725 0.3947470817120623 0.07156862745098039 0.05175097276264592
6 0.266421568627451 0.34513618677042807 0.0769607843137255 0.07081712062256809
6 0.446078431372549 0.22976653696498056 0.07450980392156863 0.08521400778210117
6 0.5411764705882353 0.2027237354085603 0.06862745098039216 0.08715953307392997
6 0.6026960784313725 0.23579766536964983 0.06813725490196078 0.06381322957198445
6 0.6818627450980392 0.3994163424124514 0.07745098039215687 0.1085603112840467
4 0.4178921568627451 0.4124513618677043 0.07107843137254902 0.08715953307392997
4 0.3465686274509804 0.44785992217898835 0.07745098039215687 0.07315175097276265
4 0.4936274509803921 0.398443579766537 0.06862745098039216 0.07782101167315175
4 0.5683823529411764 0.4054474708171206 0.07107843137254902 0.07782101167315175
4 0.6637254901960784 0.5007782101167315 0.09509803921568627 0.07782101167315175
3 0.3747549019607843 0.5126459143968872 0.06813725490196078 0.11322957198443581
3 0.4284313725490196 0.4928015564202335 0.07450980392156863 0.11089494163424125
3 0.4877450980392157 0.4795719844357977 0.08627450980392157 0.12723735408560313
3 0.5678921568627451 0.4749027237354086 0.07990196078431372 0.1085603112840467
2 0.5887254901960784 0.6023346303501946 0.12745098039215685 0.09416342412451363
1 0.42254901960784313 0.7579766536964981 0.09803921568627451 0.1276264591439689
0 0.5041666666666667 0.745136186770428 0.13088235294117648 0.15797665369649808
