0 0.46971428571428575 0.6702522255192879 0.1782857142857143 0.17729970326409497
1 0.3422857142857143 0.647626112759644 0.10400000000000001 0.13649851632047477
2 0.6371428571428572 0.5181750741839762 0.1862857142857143 0.11201780415430268
3 0.3251428571428572 0.435459940652819 0.09028571428571429 0.11572700296735905
3 0.3982857142857143 0.4009643916913947 0.08800000000000001 0.11201780415430268
3 0.47600000000000003 0.3850148367952522 0.09028571428571429 0.11721068249258161
3 0.5840000000000001 0.37945103857566764 0.0822857142857143 0.11350148367952523
4 0.7554285714285714 0.42618694362017806 0.11885714285714287 0.08086053412462908
4 0.6051428571428572 0.29339762611275966 0.09257142857142858 0.09718100890207715
4 0.48971428571428577 0.28301186943620177 0.10171428571428572 0.10756676557863502
4 0.38171428571428573 0.31379821958456977 0.0982857142857143 0.09643916913946587
4 0.29600000000000004 0.3564540059347181 0.10057142857142858 0.08086053412462908
6 0.8605714285714287 0.3557121661721068 0.15771428571428572 0.10014836795252226
6 0.632 0.11980712166172107 0.10971428571428572 0.08827893175074185
6 0.47485714285714287 0.09606824925816024 0.09257142857142858 0.09124629080118694
6 0.34 0.1287091988130564 0.10400000000000001 0.08827893175074185
6 0.22171428571428572 0.21921364985163205 0.10057142857142858 0.08679525222551929
5 0.24914285714285717 0.2945103857566766 0.0982857142857143 0.06379821958456973
5 0.35942857142857143 0.23293768545994067 0.10628571428571429 0.05489614243323442
5 0.4874285714285715 0.2010385756676558 0.10628571428571429 0.05341246290801187
5 0.6388571428571429 0.21587537091988132 0.14400000000000002 0.06231454005934718
