0 0.476221928665786 0.7059686888454011 0.15191545574636725 0.1761252446183953
1 0.36723910171730517 0.7115949119373777 0.11492734478203434 0.1286692759295499
2 0.6139365918097754 0.5430528375733855 0.15918097754293262 0.11937377690802348
3 0.607001321003963 0.412426614481409 0.10039630118890357 0.13992172211350293
3 0.5079260237780714 0.3889432485322896 0.09247027741083223 0.11741682974559686
3 0.4296565389696169 0.410958904109589 0.07331571994715984 0.1232876712328767
3 0.3550198150594452 0.4334637964774951 0.08520475561426684 0.1232876712328767
4 0.7348084544253632 0.4410469667318982 0.12219286657859973 0.08170254403131115
4 0.6202113606340819 0.3145792563600783 0.083223249669749 0.10371819960861056
4 0.5300528401585205 0.2991682974559687 0.08784676354029063 0.1012720156555773
4 0.4332892998678996 0.31727005870841485 0.08058124174372523 0.09442270058708414
4 0.3404887714663144 0.3473581213307241 0.0904887714663144 0.07436399217221135
6 0.7965653896961691 0.36350293542074363 0.12285336856010567 0.10371819960861056
6 0.6753632760898283 0.13894324853228962 0.08520475561426684 0.09980430528375733
6 0.5653896961690885 0.08537181996086105 0.095112285336856 0.10909980430528375
6 0.4455085865257596 0.11815068493150685 0.0904887714663144 0.09050880626223091
6 0.3305812417437252 0.20205479452054792 0.08124174372523117 0.08512720156555773
5 0.3243064729194188 0.2783757338551859 0.0977542932628798 0.05283757338551859
5 0.43064729194187584 0.21673189823874756 0.10039630118890357 0.05968688845401174
5 0.5459048877146632 0.19667318982387474 0.08520475561426684 0.07045009784735812
5 0.6535667107001321 0.22137964774951074 0.09577278731836196 0.06506849315068493
