5 0.5329218106995885 0.353921568627451 0.08436213991769548 0.09019607843137255
5 0.4068930041152264 0.3529411764705882 0.09567901234567902 0.08431372549019608
5 0.3004115226337449 0.421078431372549 0.08230452674897121 0.06764705882352941
5 0.1939300411522634 0.55 0.07510288065843622 0.06666666666666667
6 0.12448559670781895 0.4852941176470588 0.0925925925925926 0.09019607843137255
6 0.26440329218107 0.31862745098039214 0.10082304526748972 0.10980392156862745
6 0.39248971193415644 0.2338235294117647 0.11008230452674898 0.10294117647058823
6 0.5303497942386832 0.25 0.10596707818930041 0.09411764705882353
6 0.7767489711934157 0.5063725490196078 0.1131687242798354 0.1264705882352941
4 0.5329218106995885 0.46519607843137256 0.09053497942386832 0.10294117647058823
4 0.4197530864197531 0.4696078431372549 0.09053497942386832 0.11176470588235293
4 0.34310699588477367 0.5225490196078432 0.0874485596707819 0.11176470588235293
4 0.26131687242798357 0.6024509803921568 0.10082304526748972 0.08529411764705883
4 0.7093621399176956 0.5985294117647059 0.11008230452674898 0.10882352941176471
3 0.5282921810699589 0.5774509803921568 0.08539094650205763 0.14509803921568626
3 0.4398148148148148 0.5897058823529412 0.0874485596707819 0.15784313725490196
3 0.37294238683127573 0.6215686274509804 0.08333333333333334 0.1196078431372549
3 0.3132716049382716 0.6602941176470588 0.07304526748971193 0.09509803921568627
2 0.6090534979423868 0.7279411764705882 0.1337448559670782 0.11078431372549019
0 0.5308641975308642 0.9098039215686274 0.1522633744855967 0.17058823529411765
1 0.4223251028806585 0.9411764705882353 0.12037037037037038 0.10784313725490197
