0 0.553921568627451 0.7675097276264592 0.20490196078431372 0.20505836575875488
1 0.42377450980392156 0.7640077821011674 0.13676470588235293 0.18871595330739302
2 0.704656862745098 0.5964980544747082 0.21127450980392157 0.13929961089494164
3 0.37058823529411766 0.4961089494163424 0.10098039215686275 0.16498054474708174
3 0.44901960784313727 0.45136186770428016 0.08627450980392157 0.15097276264591442
3 0.525 0.4348249027237354 0.0892156862745098 0.1747081712062257
3 0.6259803921568627 0.4219844357976654 0.09509803921568627 0.13891050583657588
4 0.7647058823529411 0.475875486381323 0.11862745098039215 0.10817120622568094
4 0.6348039215686274 0.32879377431906615 0.10098039215686275 0.10817120622568094
4 0.525 0.3157587548638133 0.10686274509803921 0.10622568093385215
4 0.44166666666666665 0.35000000000000003 0.09509803921568627 0.11322957198443581
4 0.3627450980392157 0.39610894941634245 0.10392156862745097 0.09182879377431907
6 0.836764705882353 0.3747081712062257 0.16078431372549018 0.13929961089494164
6 0.6644607843137255 0.12587548638132295 0.10735294117647058 0.1038910505836576
6 0.5220588235294118 0.08229571984435798 0.11274509803921569 0.11089494163424125
6 0.4073529411764706 0.11653696498054475 0.10980392156862745 0.11322957198443581
6 0.28137254901960784 0.22509727626459144 0.10098039215686275 0.1038910505836576
5 0.3318627450980392 0.3122568093385214 0.11274509803921569 0.06108949416342413
5 0.42549019607843136 0.2284046692607004 0.10980392156862745 0.08249027237354087
5 0.5338235294117647 0.20505836575875488 0.13627450980392156 0.07782101167315175
5 0.6571078431372549 0.22607003891050587 0.11029411764705882 0.06848249027237355
