5 0.6916038751345532 0.29583333333333334 0.1324004305705059 0.10833333333333334
5 0.5021528525296016 0.24458333333333335 0.13670613562970935 0.0975
5 0.3530678148546824 0.2916666666666667 0.13562970936490848 0.1
5 0.21044133476856833 0.3741666666666667 0.10871905274488697 0.085
6 0.15446716899892357 0.2779166666666667 0.1496232508073197 0.10250000000000001
6 0.3051668460710441 0.155 0.11302475780409041 0.12333333333333334
6 0.4973089343379978 0.12000000000000001 0.11194833153928954 0.11
6 0.732508073196986 0.18791666666666668 0.12594187298170073 0.11750000000000001
6 0.8799784714747039 0.4945833333333334 0.1689989235737352 0.13083333333333333
4 0.6399354144241118 0.4083333333333334 0.13885898815931108 0.14333333333333334
4 0.4989235737351991 0.38 0.11517761033369213 0.13333333333333333
4 0.38805166846071043 0.4166666666666667 0.11302475780409041 0.13333333333333333
4 0.2734122712594187 0.45375000000000004 0.116254036598493 0.13083333333333333
4 0.7631862217438105 0.5933333333333334 0.12271259418729816 0.1
3 0.603875134553283 0.5154166666666667 0.10333692142088266 0.14916666666666667
3 0.49407965554359523 0.51125 0.10548977395048438 0.15916666666666668
3 0.4009687836383207 0.5241666666666667 0.10010764262648007 0.13833333333333334
3 0.3083961248654467 0.5470833333333334 0.09364908503767491 0.1275
2 0.6544671689989235 0.7208333333333333 0.19806243272335844 0.115
1 0.3159311087190527 0.8816666666666667 0.15608180839612484 0.195
0 0.46609257265877285 0.8895833333333334 0.20882669537136705 0.20750000000000002
