0 0.5426164519326065 0.7871458189357291 0.18334985133795836 0.16447823082239116
1 0.4226957383548067 0.7885279889426399 0.11199207135777997 0.14512785072563925
2 0.7170465807730426 0.638217000691085 0.18334985133795836 0.10850034554250172
4 0.8156590683845392 0.507256392536282 0.12289395441030723 0.09260539046302695
4 0.6600594648166501 0.36523842432619213 0.1110009910802775 0.10435383552176918
4 0.5485629335976214 0.37180373185901866 0.10802775024777006 0.10089841050449205
4 0.44350842418235875 0.3904630269523151 0.0981169474727453 0.10919143054595715
4 0.34638255698711595 0.4322736696613683 0.09613478691774033 0.09606081548030407
3 0.3726461843409316 0.504837595024188 0.08919722497522299 0.10988251554941257
3 0.4509415262636273 0.46855563234277814 0.08325074331020813 0.1078092605390463
3 0.5455896927651139 0.45749827228749135 0.0981169474727453 0.1354526606772633
3 0.6560951437066402 0.4502418797512094 0.08919722497522299 0.11817553559087768
6 0.8885034687809712 0.4015203870076019 0.14172447968285432 0.14236351071181755
6 0.7031714568880079 0.15411195577055978 0.10009910802775024 0.1050449205252246
6 0.5495540138751239 0.12508638562543192 0.11000991080277503 0.1078092605390463
6 0.40634291377601583 0.1713890808569454 0.11892963330029732 0.110573600552868
6 0.24578790882061446 0.2605390463026952 0.11694747274529237 0.1050449205252246
5 0.28543111992071357 0.34727021423635107 0.12091179385530228 0.07118175535590877
5 0.4241823587710605 0.2850725639253628 0.12289395441030723 0.06979958534899793
5 0.5569871159563925 0.24740843123704215 0.10901883052527254 0.07325501036627505
5 0.6878097125867195 0.2591568762957844 0.11496531219028741 0.07601935038009675
