0 0.409375 0.8070674248578391 0.22125 0.20552396425670186
1 0.260625 0.8090982940698619 0.12625 0.15597075548334688
2 0.606875 0.6380991064175466 0.23125 0.1356620633631194
3 0.53 0.4561332250203087 0.14250000000000002 0.15190901705930138
3 0.40750000000000003 0.4439480097481722 0.1225 0.15840779853777415
3 0.29875 0.4703493095044679 0.105 0.16246953696181965
3 0.20375000000000001 0.49918765231519086 0.095 0.15028432168968317
4 0.731875 0.5235580828594638 0.14125000000000001 0.11779041429731925
4 0.551875 0.34930950446791226 0.15125 0.11372867587327376
4 0.415625 0.3379366368805849 0.12625 0.13160032493907392
4 0.309375 0.3554021121039805 0.12375 0.12916328188464662
4 0.185625 0.409017059301381 0.11375 0.11291632818846466
6 0.855 0.41307879772542644 0.1925 0.1356620633631194
6 0.588125 0.13119415109666938 0.12375 0.10479285134037368
6 0.44125000000000003 0.07351746547522339 0.12 0.11291632818846466
6 0.305 0.11616571892770106 0.145 0.13160032493907392
6 0.11625 0.22258326563769293 0.11 0.10722989439480098
5 0.135625 0.314378554021121 0.14875 0.07148659626320064
5 0.308125 0.23598700243704304 0.15125 0.08042242079610072
5 0.435625 0.20227457351746547 0.13625 0.07798537774167344
5 0.583125 0.24126726238830218 0.15125 0.07798537774167344
