5 0.6351674641148325 0.3021645021645022 0.12200956937799043 0.09523809523809523
5 0.479066985645933 0.2800865800865801 0.14473684210526316 0.09090909090909091
5 0.32177033492822965 0.33116883116883117 0.14832535885167464 0.09090909090909091
5 0.15849282296650716 0.43246753246753245 0.10406698564593302 0.08744588744588745
6 0.1118421052631579 0.341991341991342 0.10406698564593302 0.11255411255411256
6 0.30322966507177035 0.19004329004329004 0.11842105263157894 0.10995670995670996
6 0.4958133971291866 0.15064935064935064 0.1375598086124402 0.11948051948051948
6 0.6555023923444976 0.19090909090909092 0.10765550239234449 0.09264069264069263
6 0.8229665071770335 0.45454545454545453 0.16507177033492823 0.1316017316017316
4 0.59688995215311 0.42034632034632036 0.13875598086124402 0.12207792207792208
4 0.44796650717703346 0.41774891774891776 0.11124401913875598 0.12207792207792208
4 0.3373205741626794 0.4510822510822511 0.11722488038277512 0.11948051948051948
4 0.23086124401913874 0.5082251082251082 0.12200956937799043 0.10735930735930736
4 0.7553827751196172 0.564069264069264 0.14473684210526316 0.10303030303030303
3 0.5729665071770335 0.5103896103896104 0.11722488038277512 0.1341991341991342
3 0.4485645933014354 0.5229437229437229 0.12440191387559808 0.1367965367965368
3 0.36064593301435405 0.5558441558441558 0.11363636363636363 0.141991341991342
3 0.2852870813397129 0.5969696969696969 0.13516746411483252 0.1341991341991342
2 0.65311004784689 0.6861471861471862 0.19617224880382775 0.17056277056277055
1 0.37739234449760767 0.9103896103896104 0.14473684210526316 0.18961038961038962
0 0.5203349282296651 0.8705627705627705 0.21531100478468898 0.17056277056277055
