0 0.488441215323646 0.809931506849315 0.15389696169088507 0.17172211350293543
1 0.3748348745046235 0.7999021526418786 0.09973579920739763 0.15949119373776907
2 0.6380449141347424 0.6340508806262231 0.15059445178335534 0.09980430528375733
3 0.3414795244385733 0.5442759295499021 0.07529722589167767 0.1159491193737769
3 0.40455746367239104 0.5144324853228962 0.0891677675033025 0.1159491193737769
3 0.47886393659180976 0.4943737769080235 0.08058124174372523 0.12377690802348336
3 0.559775429326288 0.4826320939334638 0.08124174372523117 0.11986301369863013
4 0.7189564068692206 0.5305772994129159 0.10766182298546896 0.07974559686888454
4 0.5677014531043593 0.3987279843444227 0.09709379128137384 0.09980430528375733
4 0.47060766182298547 0.3967710371819961 0.09180977542932629 0.10371819960861056
4 0.392668428005284 0.4334637964774951 0.08652575957727873 0.09784735812133072
4 0.321334214002642 0.47137964774951074 0.08388375165125496 0.08170254403131115
6 0.7701453104359313 0.43150684931506844 0.11360634081902246 0.1095890410958904
6 0.5729854689564069 0.22504892367906065 0.09709379128137384 0.09197651663405088
6 0.44121532364597094 0.19593933463796476 0.08586525759577279 0.08953033268101761
6 0.33850726552179655 0.23483365949119372 0.09709379128137384 0.09980430528375733
6 0.24141347424042273 0.3297455968688845 0.09709379128137384 0.09393346379647749
5 0.2807133421400264 0.4055772994129158 0.11096433289299867 0.06555772994129158
5 0.3550198150594452 0.3407534246575342 0.08652575957727873 0.06409001956947162
5 0.4587186261558785 0.29867906066536204 0.09445178335535007 0.07191780821917808
5 0.5772787318361955 0.31066536203522505 0.10568031704095113 0.05968688845401174
