5 0.66746126340882 0.3301617507136061 0.11442193087008343 0.07040913415794482
5 0.5250297973778307 0.3073263558515699 0.10131108462455303 0.08372978116079924
5 0.4237187127532777 0.3453853472882969 0.09415971394517282 0.07992388201712655
5 0.3063170441001192 0.4219790675547098 0.08820023837902265 0.06184586108468126
6 0.26579261025029793 0.35632730732635587 0.10965435041716329 0.0922930542340628
6 0.4082240762812872 0.24262607040913417 0.11561382598331346 0.11798287345385348
6 0.5399284862932062 0.1988582302568982 0.08581644815256256 0.09324452901998097
6 0.6835518474374255 0.22882968601332065 0.09892729439809296 0.09800190294957184
6 0.8575685339690107 0.483349191246432 0.13706793802145412 0.1065651760228354
4 0.3593563766388558 0.49429115128449097 0.09415971394517282 0.09419600380589915
4 0.4374255065554231 0.4481446241674596 0.09296781883194279 0.10466222645099905
4 0.5280095351609058 0.4219790675547098 0.08820023837902265 0.11322549952426261
4 0.6358760429082241 0.42816365366317793 0.09654350417163289 0.10466222645099905
4 0.7693682955899881 0.576593720266413 0.11561382598331346 0.10466222645099905
2 0.6626936829558998 0.6860133206470029 0.1501787842669845 0.10275927687916271
3 0.3903456495828367 0.5732635585156993 0.09177592371871275 0.12844909609895339
3 0.4600715137067938 0.5551855375832541 0.09535160905840286 0.13035204567078973
3 0.5327771156138259 0.5237868696479544 0.08581644815256256 0.12844909609895339
3 0.6221692491060786 0.5185537583254044 0.100119189511323 0.1313035204567079
1 0.4153754469606674 0.845385347288297 0.10131108462455303 0.16460513796384396
0 0.5297973778307509 0.845385347288297 0.14898688915375446 0.18173168411037108
