0 0.5398428731762066 0.8706020328381548 0.20202020202020204 0.16497263487099295
1 0.41863075196408533 0.8862392494136043 0.1324354657687991 0.13682564503518374
2 0.6919191919191919 0.7122752150117279 0.18742985409652077 0.11884284597341672
3 0.632996632996633 0.563721657544957 0.1324354657687991 0.18295543393275995
3 0.5224466891133558 0.5504300234558248 0.12682379349046016 0.16106333072713055
3 0.42929292929292934 0.5754495699765442 0.11784511784511785 0.16262705238467554
3 0.3692480359147026 0.6207974980453479 0.13019079685746354 0.16575449569976544
4 0.8164983164983166 0.5985144644253323 0.15824915824915825 0.12118842845973417
4 0.6582491582491583 0.44956997654417513 0.12906846240179576 0.12978889757623144
4 0.5308641975308642 0.44566067240031276 0.1234567901234568 0.12822517591868648
4 0.415263748597082 0.46755277560594216 0.11447811447811448 0.1235340109460516
4 0.31762065095398434 0.534401876465989 0.1234567901234568 0.1055512118842846
6 0.9051627384960719 0.4906176700547302 0.15824915824915825 0.12587959343236904
6 0.7312008978675646 0.2529319781078968 0.12008978675645343 0.10398749022673964
6 0.5622895622895623 0.2111024237685692 0.11672278338945007 0.10320562939796717
6 0.3546576879910214 0.2560594214229867 0.1234567901234568 0.12118842845973417
6 0.1638608305274972 0.38389366692728694 0.11672278338945007 0.10633307271305707
5 0.24074074074074076 0.4612978889757623 0.12906846240179576 0.08131352619233777
5 0.3866442199775533 0.3717748240813135 0.1335578002244669 0.08209538702111024
5 0.5448933782267116 0.3358092259577795 0.12682379349046016 0.0836591086786552
5 0.7177328843995511 0.3534010946051603 0.13804713804713806 0.1016419077404222
