5 0.6357843137254902 0.328988326848249 0.08431372549019608 0.07976653696498055
5 0.5485294117647058 0.3029182879377432 0.07941176470588235 0.07120622568093386
5 0.4531862745098039 0.3105058365758755 0.08970588235294118 0.06926070038910506
5 0.7200980392156863 0.39260700389105063 0.06274509803921569 0.05603112840466926
6 0.7431372549019608 0.31692607003891055 0.07058823529411765 0.07354085603112841
6 0.6450980392156863 0.23910505836575877 0.08725490196078431 0.0821011673151751
6 0.5526960784313726 0.20233463035019456 0.08186274509803922 0.07782101167315175
6 0.4355392156862745 0.23054474708171208 0.07107843137254902 0.0821011673151751
6 0.3144607843137255 0.44241245136186774 0.10637254901960784 0.08638132295719846
4 0.3674019607843137 0.5126459143968872 0.07598039215686274 0.07587548638132297
4 0.46691176470588236 0.39688715953307396 0.08970588235294118 0.08638132295719846
4 0.5649509803921569 0.39260700389105063 0.07892156862745098 0.08638132295719846
4 0.628921568627451 0.4142023346303502 0.05980392156862745 0.0906614785992218
4 0.7012254901960784 0.4509727626459144 0.09264705882352942 0.07782101167315175
3 0.4860294117647059 0.4712062256809339 0.07892156862745098 0.11906614785992219
3 0.5647058823529412 0.47062256809338526 0.07352941176470588 0.1038910505836576
3 0.6274509803921569 0.49766536964980546 0.07352941176470588 0.1058365758754864
3 0.6848039215686275 0.5262645914396887 0.08725490196078431 0.11245136186770428
2 0.44362745098039214 0.6099221789883269 0.1196078431372549 0.10622568093385215
0 0.5676470588235294 0.7429961089494164 0.14411764705882352 0.14280155642023348
1 0.6573529411764706 0.745136186770428 0.08431372549019608 0.12529182879377432
