0 0.45955882352941174 0.7896887159533075 0.1602941176470588 0.20505836575875488
1 0.5605392156862745 0.8038910505836576 0.10735294117647058 0.13929961089494164
2 0.34681372549019607 0.6412451361867705 0.1426470588235294 0.09649805447470818
6 0.15073529411764705 0.4550583657587549 0.1426470588235294 0.10622568093385215
4 0.23529411764705882 0.5410505836575876 0.10392156862745097 0.09922178988326849
4 0.38529411764705884 0.3760700389105059 0.10686274509803921 0.1038910505836576
4 0.4936274509803921 0.3688715953307393 0.09215686274509804 0.10817120622568094
4 0.5737745098039215 0.39591439688715957 0.06813725490196078 0.11556420233463036
4 0.6480392156862745 0.42898832684824906 0.09215686274509804 0.11089494163424125
3 0.3980392156862745 0.46673151750972763 0.09215686274509804 0.12256809338521402
3 0.48627450980392156 0.4550583657587549 0.09509803921568627 0.10622568093385215
3 0.5575980392156863 0.4737354085603113 0.059313725490196076 0.11556420233463036
3 0.6362745098039215 0.5091439688715954 0.08039215686274509 0.09221789883268483
5 0.6808823529411765 0.36770428015564205 0.08627450980392157 0.07315175097276265
5 0.6034313725490196 0.2863813229571985 0.08627450980392157 0.06614785992217899
5 0.5098039215686274 0.24980544747081715 0.10098039215686275 0.07315175097276265
5 0.375 0.26984435797665374 0.09803921568627451 0.06108949416342413
6 0.3495098039215686 0.18852140077821014 0.0892156862745098 0.09221789883268483
6 0.5144607843137254 0.14027237354085603 0.11029411764705882 0.11322957198443581
6 0.6230392156862745 0.19085603112840469 0.10098039215686275 0.09688715953307393
6 0.6987745098039215 0.2828793774319066 0.07401960784313726 0.08249027237354087
