1 0.3626974483596597 0.8441176470588235 0.14459295261239366 0.15714285714285714
0 0.5151883353584447 0.854201680672269 0.23572296476306195 0.1823529411764706
2 0.6962332928311057 0.6630252100840337 0.21871202916160387 0.1512605042016807
3 0.5959902794653705 0.47983193277310926 0.13973268529769137 0.18487394957983194
3 0.4720534629404617 0.4739495798319328 0.11543134872417982 0.17310924369747901
3 0.37910085054678005 0.5012605042016807 0.11178614823815308 0.15378151260504203
3 0.30558930741190765 0.5449579831932774 0.12758201701093558 0.1504201680672269
4 0.8323207776427702 0.5134453781512606 0.16038882138517618 0.11092436974789917
4 0.6123936816524909 0.35000000000000003 0.1312272174969623 0.1369747899159664
4 0.4763061968408262 0.3512605042016807 0.1312272174969623 0.13949579831932774
4 0.3651275820170109 0.39537815126050424 0.12272174969623328 0.1369747899159664
4 0.2515188335358444 0.4466386554621849 0.11907654921020655 0.12521008403361344
6 0.9027946537059538 0.39579831932773113 0.2017010935601458 0.1596638655462185
5 0.6512758201701093 0.23907563025210085 0.1433778857837181 0.09663865546218488
5 0.48602673147023084 0.21218487394957986 0.13608748481166463 0.08823529411764706
5 0.3487241798298906 0.26596638655462185 0.1312272174969623 0.1
5 0.19198055893074117 0.35714285714285715 0.14094775212636693 0.09411764705882353
6 0.15674362089914945 0.24873949579831933 0.1433778857837181 0.13445378151260506
6 0.3402187120291616 0.13025210084033614 0.14094775212636693 0.13109243697478992
6 0.5072904009720535 0.08361344537815127 0.15188335358444713 0.1285714285714286
6 0.6737545565006074 0.11638655462184874 0.1324422843256379 0.12521008403361344
