6 0.64501953125 0.2827502034174125 0.0849609375 0.09194467046379169
6 0.5283203125 0.21969080553295361 0.109375 0.11228641171684296
6 0.41162109375 0.23433685923515052 0.0908203125 0.10089503661513426
6 0.29150390625 0.3262815296989422 0.0712890625 0.11065907241659886
5 0.28759765625 0.40073230268510984 0.0908203125 0.07078925956061839
5 0.38427734375 0.338893409275834 0.0908203125 0.07078925956061839
5 0.49951171875 0.3275020341741253 0.0791015625 0.07078925956061839
5 0.5947265625 0.3665581773799837 0.087890625 0.07567127746135069
6 0.73486328125 0.5276647681041498 0.1318359375 0.10984540276647681
4 0.55029296875 0.46053702196908053 0.1044921875 0.11228641171684296
4 0.45263671875 0.4467046379170057 0.0908203125 0.10740439381611065
4 0.373046875 0.4536208299430431 0.080078125 0.0935720097640358
4 0.29296875 0.48006509357200977 0.080078125 0.07811228641171684
4 0.6552734375 0.6057770545158665 0.12109375 0.07729861676159479
3 0.29736328125 0.5553295362082994 0.0830078125 0.11960943856794141
3 0.36181640625 0.5337672904800651 0.0849609375 0.11228641171684296
3 0.43603515625 0.532546786004882 0.0849609375 0.1277461350691619
3 0.5224609375 0.5520748576078112 0.09375 0.1310008136696501
2 0.5302734375 0.6977217249796582 0.1484375 0.1033360455655004
1 0.298828125 0.8283157038242474 0.107421875 0.12855980471928397
0 0.38671875 0.8417412530512611 0.146484375 0.17005695687550854
