0 0.37317073170731707 0.8580146460537021 0.17658536585365853 0.16517493897477623
1 0.2473170731707317 0.8258746948738812 0.09853658536585366 0.14971521562245726
2 0.5560975609756098 0.7005695687550855 0.15609756097560976 0.11716842961757526
3 0.5414634146341464 0.5455655004068348 0.11121951219512195 0.17331163547599673
3 0.42585365853658536 0.5154597233523189 0.09073170731707317 0.14564686737184704
3 0.34341463414634144 0.5427176566314076 0.09365853658536585 0.13506916192026036
3 0.2697560975609756 0.5854353132628153 0.09073170731707317 0.15541090317331163
4 0.6960975609756097 0.6090317331163547 0.15317073170731707 0.1000813669650122
4 0.5560975609756098 0.4377542717656631 0.11121951219512195 0.12042310821806346
4 0.42878048780487804 0.41375101708706263 0.09658536585365854 0.12286411716842961
4 0.3102439024390244 0.4450772986167616 0.09951219512195122 0.11554109031733116
4 0.22048780487804878 0.5069161920260374 0.11121951219512195 0.09764035801464604
6 0.7814634146341464 0.53173311635476 0.1775609756097561 0.113100081366965
6 0.6614634146341464 0.24898291293734742 0.10536585365853658 0.10252237591537836
6 0.46195121951219514 0.19121236777868186 0.10829268292682927 0.11716842961757526
6 0.24097560975609755 0.23108218063466232 0.10536585365853658 0.11716842961757526
6 0.06878048780487805 0.3755085435313263 0.11414634146341464 0.1000813669650122
5 0.15121951219512195 0.4450772986167616 0.09951219512195122 0.07973962571196094
5 0.275609756097561 0.3425549227013832 0.11414634146341464 0.07973962571196094
5 0.4453658536585366 0.30105777054515864 0.10439024390243902 0.08787632221318145
5 0.6180487804878049 0.338893409275834 0.10829268292682927 0.0821806346623271
