0 0.6061571125265393 0.7835485682201011 0.12951167728237792 0.17686692869174622
1 0.5283085633404105 0.7925322852330152 0.10686482661004955 0.14430095451993263
2 0.691790516631281 0.6277372262773723 0.1592356687898089 0.1055586749017406
3 0.6769285208775655 0.493542953396968 0.1040339702760085 0.16058394160583941
3 0.5831564048124558 0.48455923638405396 0.09483368719037509 0.15609208309938238
3 0.5038924274593064 0.4912970241437395 0.08067940552016985 0.13700168444693994
3 0.42002830856334045 0.5255474452554745 0.0983722576079264 0.16058394160583941
4 0.8128096249115357 0.5151600224592926 0.13800424628450106 0.08927568781583381
4 0.6875442321302194 0.38798427849522743 0.0927105449398443 0.11005053340819765
4 0.5831564048124558 0.37001684446939925 0.09483368719037509 0.11454239191465469
4 0.49079971691436663 0.3891072431218417 0.08987968860580325 0.11678832116788322
4 0.39844302901627743 0.42251544076361597 0.089171974522293 0.10499719258843347
6 0.8517338995046002 0.4112857944974734 0.12384996461429583 0.13307130825379002
6 0.7130219391365888 0.1956765861875351 0.11818825194621374 0.10948905109489052
6 0.5587402689313518 0.16816395283548569 0.1040339702760085 0.10948905109489052
6 0.43842887473460723 0.1875350926445817 0.10120311394196745 0.10780460415496912
6 0.3489030431705591 0.2827063447501404 0.07218683651804671 0.09601347557551938
5 0.36199575371549897 0.355979786636721 0.0927105449398443 0.06400898371701291
5 0.46036801132342536 0.28635597978663674 0.1040339702760085 0.06625491297024144
5 0.5789101203113942 0.26445816956765866 0.11606510969568294 0.07299270072992702
5 0.7101910828025478 0.2908478382930938 0.11818825194621374 0.07523862998315553
