5 0.7291666666666666 0.3531128404669261 0.07598039215686274 0.07665369649805448
5 0.6348039215686274 0.28054474708171206 0.10686274509803921 0.08249027237354087
5 0.5279411764705882 0.25214007782101167 0.11274509803921569 0.08249027237354087
5 0.4120098039215686 0.2721789883268483 0.10735294117647058 0.08054474708171207
6 0.21151960784313725 0.4077821011673152 0.13970588235294118 0.12529182879377432
6 0.4117647058823529 0.17431906614785994 0.10098039215686275 0.09649805447470818
6 0.5411764705882353 0.15077821011673154 0.10392156862745097 0.10155642023346305
6 0.6517156862745098 0.1803501945525292 0.08872549019607844 0.1085603112840467
6 0.7558823529411764 0.2791828793774319 0.10098039215686275 0.10622568093385215
4 0.42549019607843136 0.36303501945525296 0.10980392156862745 0.09649805447470818
4 0.5294117647058824 0.3663424124513619 0.09215686274509804 0.11322957198443581
4 0.6110294117647058 0.38190661478599225 0.0769607843137255 0.11089494163424125
4 0.6852941176470588 0.41848249027237355 0.10686274509803921 0.1038910505836576
4 0.266421568627451 0.5221789883268483 0.11323529411764706 0.09883268482490273
3 0.4392156862745098 0.4608949416342413 0.09803921568627451 0.13891050583657588
3 0.5191176470588236 0.46906614785992223 0.0892156862745098 0.1482490272373541
3 0.600735294117647 0.46906614785992223 0.07401960784313726 0.11089494163424125
3 0.6659313725490196 0.4986381322957199 0.07401960784313726 0.11789883268482491
2 0.3857843137254902 0.6235408560311284 0.1392156862745098 0.10622568093385215
0 0.48480392156862745 0.7850194552529184 0.17549019607843136 0.2143968871595331
1 0.600735294117647 0.7875486381322958 0.12794117647058822 0.15797665369649808
