1 0.39125 0.884051329055912 0.115 0.17873510540788268
0 0.50375 0.8359303391384052 0.17 0.17415215398716774
2 0.6475 0.6663611365719524 0.1875 0.1154903758020165
3 0.54875 0.5096241979835013 0.12 0.16315307057745188
3 0.43125 0.5096241979835013 0.10250000000000001 0.14482126489459213
3 0.3525 0.5265811182401466 0.105 0.12923923006416133
3 0.27375 0.576993583868011 0.12 0.1402383134738772
4 0.781875 0.5604949587534372 0.12625 0.11090742438130156
4 0.53625 0.385884509624198 0.1075 0.1154903758020165
4 0.414375 0.38955087076076994 0.11125 0.12648945921173235
4 0.3275 0.42896425297891844 0.105 0.14298808432630614
4 0.225 0.4935838680109991 0.12 0.09074243813015583
6 0.888125 0.4789184234647113 0.18125 0.12007332722273144
6 0.539375 0.19844179651695693 0.12625 0.11090742438130156
6 0.36062500000000003 0.17231897341888178 0.10875 0.10815765352887259
6 0.2525 0.22960586617781853 0.115 0.12007332722273144
6 0.109375 0.3565536205316224 0.11125 0.09349220898258478
5 0.17250000000000001 0.43583868010999083 0.12 0.07424381301558204
5 0.27125 0.33593033913840514 0.1075 0.08340971585701192
5 0.383125 0.2855178735105408 0.11125 0.08157653528872594
5 0.5575 0.29789184234647115 0.1575 0.07516040329972502
