5 0.6171568627450981 0.3147859922178989 0.09509803921568627 0.08015564202334631
5 0.5272058823529412 0.2863813229571985 0.10735294117647058 0.08715953307392997
5 0.4387254901960784 0.3087548638132296 0.0892156862745098 0.08754863813229573
5 0.3377450980392157 0.38190661478599225 0.0892156862745098 0.05875486381322958
6 0.34362745098039216 0.2898832684824903 0.09509803921568627 0.09649805447470818
6 0.432843137254902 0.19669260700389107 0.09509803921568627 0.11322957198443581
6 0.5188725490196079 0.16731517509727628 0.0769607843137255 0.10116731517509728
6 0.596078431372549 0.22159533073929963 0.07745098039215687 0.10155642023346305
6 0.7416666666666667 0.4313229571984436 0.10098039215686275 0.10155642023346305
4 0.6186274509803922 0.41478599221789886 0.09803921568627451 0.10116731517509728
4 0.5264705882352941 0.40058365758754866 0.10980392156862745 0.11089494163424125
4 0.4372549019607843 0.4196498054474708 0.09215686274509804 0.10622568093385215
4 0.3568627450980392 0.4608949416342413 0.08627450980392157 0.09455252918287939
4 0.7200980392156863 0.5233463035019456 0.11274509803921569 0.1058365758754864
3 0.6186274509803922 0.5151750972762646 0.09215686274509804 0.16264591439688716
3 0.5161764705882352 0.5070038910505837 0.09509803921568627 0.15330739299610896
3 0.4387254901960784 0.521011673151751 0.0892156862745098 0.13463035019455255
3 0.370343137254902 0.5515564202334631 0.10735294117647058 0.13891050583657588
2 0.6512254901960784 0.6671206225680935 0.15735294117647058 0.1038910505836576
1 0.40612745098039216 0.8357976653696498 0.11911764705882352 0.19299610894941635
0 0.5196078431372549 0.8241245136186771 0.18725490196078431 0.23813229571984437
