0 0.508125 0.9010989010989011 0.16375 0.15584415584415584
1 0.3925 0.8926073926073926 0.13 0.16283716283716285
2 0.6575 0.7217782217782218 0.2 0.16483516483516483
3 0.6062500000000001 0.5669330669330669 0.11750000000000001 0.16283716283716285
3 0.494375 0.5704295704295704 0.09875 0.16983016983016982
3 0.420625 0.586913086913087 0.09625 0.15084915084915085
3 0.341875 0.6308691308691309 0.09625 0.15284715284715283
4 0.77125 0.5979020979020979 0.12 0.1008991008991009
4 0.619375 0.45854145854145856 0.11375 0.12787212787212787
4 0.495 0.44455544455544455 0.11750000000000001 0.1258741258741259
4 0.40375 0.47802197802197804 0.10250000000000001 0.1088911088911089
4 0.308125 0.5274725274725275 0.08875 0.1038961038961039
6 0.83125 0.494005994005994 0.13 0.14085914085914086
6 0.68125 0.2547452547452547 0.12 0.11588411588411589
6 0.51 0.1968031968031968 0.105 0.10789210789210789
6 0.37875000000000003 0.23976023976023975 0.12 0.11588411588411589
6 0.241875 0.35214785214785216 0.11125 0.1088911088911089
5 0.26937500000000003 0.44705294705294707 0.13625 0.07692307692307693
5 0.389375 0.36713286713286714 0.12375 0.0989010989010989
5 0.513125 0.32517482517482516 0.12375 0.09290709290709291
5 0.650625 0.35864135864135865 0.13375 0.10589410589410589
