0 0.43690476190476196 0.7618432385874246 0.16904761904761906 0.18001722652885443
1 0.32797619047619053 0.7377260981912145 0.11785714285714287 0.16968130921619293
2 0.630952380952381 0.6154177433247201 0.20476190476190478 0.12144702842377261
3 0.5839285714285715 0.44315245478036175 0.11309523809523811 0.14039621016365203
3 0.48690476190476195 0.4409991386735573 0.0880952380952381 0.1515934539190353
3 0.39702380952380956 0.4582256675279931 0.09166666666666667 0.13781223083548666
3 0.3267857142857143 0.48492678725236865 0.09166666666666667 0.13781223083548666
4 0.7630952380952382 0.512489233419466 0.14285714285714288 0.10852713178294573
4 0.5946428571428573 0.3376399655469423 0.1273809523809524 0.12403100775193798
4 0.480952380952381 0.3363479758828596 0.1142857142857143 0.12144702842377261
4 0.38988095238095244 0.36132644272179154 0.10595238095238096 0.11455641688199827
4 0.2886904761904762 0.40267011197243757 0.11071428571428572 0.10077519379844961
6 0.8732142857142858 0.4371231696813092 0.1654761904761905 0.1111111111111111
6 0.636904761904762 0.1438415159345392 0.10952380952380954 0.10335917312661498
6 0.4845238095238096 0.10422049956933678 0.1285714285714286 0.12919896640826872
6 0.33452380952380956 0.14125753660637383 0.1285714285714286 0.12403100775193798
6 0.18452380952380953 0.25366063738156763 0.10714285714285715 0.10594315245478036
5 0.24702380952380953 0.338931955211025 0.11309523809523811 0.08527131782945736
5 0.3547619047619048 0.2540913006029285 0.1380952380952381 0.08440999138673558
5 0.4755952380952381 0.22093023255813954 0.125 0.0921619293712317
5 0.6113095238095239 0.24074074074074073 0.15357142857142858 0.08527131782945736
