5 0.6722276741903827 0.31950207468879666 0.09421000981354269 0.0912863070539419
5 0.5044160942100098 0.2734439834024896 0.10206084396467124 0.0937759336099585
5 0.36408243375858684 0.3087136929460581 0.10206084396467124 0.08464730290456432
5 0.24877330716388615 0.3929460580912863 0.0775269872423945 0.08381742738589211
6 0.18400392541707555 0.32033195020746885 0.10696761530912659 0.09294605809128631
6 0.34052993130520115 0.1933609958506224 0.09421000981354269 0.11452282157676348
6 0.5171736997055937 0.16016597510373443 0.1000981354268891 0.10954356846473029
6 0.7134445534838076 0.23402489626556017 0.1099116781157998 0.10290456431535269
6 0.8473994111874386 0.5448132780082987 0.14622178606476938 0.11203319502074688
4 0.6084396467124632 0.4058091286307054 0.1000981354268891 0.11452282157676348
4 0.493621197252208 0.3871369294605809 0.09617271835132482 0.11867219917012448
4 0.40382728164867515 0.4070539419087137 0.08930323846908733 0.10705394190871369
4 0.3071638861629048 0.45020746887966806 0.08832188420019627 0.09045643153526971
4 0.7384690873405299 0.6045643153526971 0.11285574092247301 0.08215767634854772
3 0.5736015701668302 0.5016597510373444 0.09126594700686948 0.14190871369294605
3 0.4921491658488714 0.5004149377593361 0.08341511285574092 0.15435684647302905
3 0.4160942100098135 0.5049792531120332 0.07458292443572129 0.14024896265560166
3 0.3498527968596663 0.5365145228215767 0.07948969578017664 0.15684647302904564
2 0.5932286555446515 0.6643153526970954 0.17369970559371933 0.11203319502074688
1 0.34052993130520115 0.7929460580912863 0.13150147203140333 0.16846473029045642
0 0.44210009813542683 0.8128630705394191 0.13837095191364082 0.18008298755186722
