0 0.4431567328918322 0.8785714285714287 0.22847682119205298 0.20756302521008405
1 0.28200883002207505 0.8697478991596639 0.1600441501103753 0.18487394957983194
2 0.6528697571743929 0.6798319327731093 0.23951434878587197 0.15630252100840336
3 0.5833333333333334 0.5012605042016807 0.1490066225165563 0.21092436974789916
3 0.4597130242825607 0.4991596638655462 0.12693156732891833 0.1966386554621849
3 0.3526490066225166 0.5264705882352941 0.10485651214128035 0.19075630252100842
3 0.261037527593819 0.5710084033613446 0.12693156732891833 0.19075630252100842
4 0.7969094922737306 0.5596638655462185 0.17218543046357615 0.11092436974789917
4 0.6131346578366446 0.3642857142857143 0.1423841059602649 0.15378151260504203
4 0.46688741721854304 0.35714285714285715 0.13024282560706402 0.1596638655462185
4 0.3360927152317881 0.4 0.11147902869757174 0.13949579831932774
4 0.2185430463576159 0.45798319327731096 0.12362030905077262 0.13109243697478992
6 0.8846578366445916 0.44369747899159667 0.17991169977924945 0.18487394957983194
6 0.7047461368653422 0.12478991596638656 0.1467991169977925 0.15378151260504203
6 0.4988962472406181 0.08655462184873951 0.1456953642384106 0.13949579831932774
6 0.2560706401766004 0.1504201680672269 0.1456953642384106 0.13109243697478992
6 0.11754966887417219 0.2676470588235294 0.13796909492273732 0.12521008403361344
5 0.14514348785871964 0.37563025210084033 0.1423841059602649 0.09747899159663866
5 0.3007726269315673 0.28571428571428575 0.16445916114790288 0.11932773109243698
5 0.4878587196467991 0.23025210084033615 0.16777041942604856 0.11932773109243698
5 0.6710816777041942 0.25420168067226895 0.16114790286975716 0.11680672268907563
