5 0.6695278969957081 0.32440230832646333 0.10472103004291845 0.09480626545754328
5 0.5515021459227467 0.281121187139324 0.10729613733905578 0.09727947238252267
5 0.43690987124463515 0.31162407254740315 0.10472103004291845 0.10882110469909316
5 0.31287553648068667 0.3969497114591921 0.09012875536480686 0.07831821929101401
6 0.27253218884120173 0.31450948062654577 0.10729613733905578 0.1145919208573784
6 0.44463519313304717 0.19703215169002475 0.11673819742489269 0.12036273701566365
6 0.5690987124463519 0.15828524319868095 0.11330472103004291 0.12036273701566365
6 0.7042918454935622 0.21723000824402308 0.09871244635193133 0.1145919208573784
6 0.7931330472103004 0.5020610057708161 0.13047210300429185 0.10882110469909316
4 0.348068669527897 0.4752679307502061 0.07811158798283262 0.10634789777411377
4 0.4296137339055794 0.42497938994229184 0.08497854077253218 0.11788953009068426
4 0.5206008583690986 0.41096455070074195 0.09356223175965665 0.11788953009068426
4 0.615450643776824 0.4208573784006595 0.08412017167381974 0.11953833470733718
4 0.7133047210300428 0.5770816158285244 0.10472103004291845 0.09233305853256389
3 0.3652360515021459 0.560593569661995 0.07296137339055793 0.14179719703215168
3 0.4321888412017167 0.5214344600164881 0.07296137339055793 0.1261335531739489
3 0.5064377682403434 0.5127782357790602 0.07553648068669527 0.1368507831821929
3 0.5969957081545064 0.5164880461665293 0.08326180257510729 0.14591920857378401
2 0.6163090128755364 0.6962077493816983 0.1630901287553648 0.12283594394064304
1 0.37982832618025747 0.8619126133553174 0.10729613733905578 0.21516900247320692
0 0.47296137339055794 0.8676834295136027 0.16652360515021458 0.21516900247320692
