0 0.5240740740740741 0.8563416738567731 0.1425925925925926 0.1906816220880069
1 0.41805555555555557 0.86755823986195 0.09907407407407408 0.19413287316652286
2 0.6490740740740741 0.6561691113028473 0.1537037037037037 0.1458153580672994
3 0.5652777777777778 0.5099223468507335 0.08796296296296297 0.17773943054357205
3 0.4726851851851852 0.5232959447799828 0.09166666666666667 0.18895599654874892
3 0.40555555555555556 0.5323554788610871 0.08888888888888889 0.1276962899050906
3 0.3416666666666667 0.5789473684210527 0.08518518518518518 0.10871440897325281
4 0.7319444444444445 0.5232959447799828 0.11388888888888889 0.1095772217428818
4 0.5648148148148149 0.38912855910267474 0.1 0.11734253666954271
4 0.4712962962962963 0.3955996548748922 0.10555555555555556 0.13546160483175151
4 0.3824074074074074 0.4439171699741156 0.10555555555555556 0.13028472821397757
4 0.2888888888888889 0.5232959447799828 0.11111111111111112 0.09749784296807593
6 0.7930555555555556 0.4171699741156169 0.1287037037037037 0.1458153580672994
6 0.5782407407407407 0.17385677308024158 0.10833333333333334 0.10612597066436584
6 0.4226851851851852 0.15832614322691976 0.09907407407407408 0.12165660051768767
6 0.28750000000000003 0.22605694564279552 0.09166666666666667 0.12424503882657464
6 0.14212962962962963 0.3908541846419327 0.10833333333333334 0.09836065573770492
5 0.22037037037037038 0.46462467644521144 0.08888888888888889 0.07679033649698015
5 0.3231481481481482 0.3425366695427092 0.11666666666666667 0.09318377911993098
5 0.44953703703703707 0.27782571182053495 0.13055555555555556 0.08973252804141502
5 0.5740740740740741 0.27782571182053495 0.11111111111111112 0.08973252804141502
