5 0.6960167714884696 0.2574102964118565 0.14255765199161427 0.1060842433697348
5 0.5309224318658281 0.21918876755070205 0.1310272536687631 0.0982839313572543
5 0.39412997903563946 0.24024960998439937 0.1278825995807128 0.0873634945397816
5 0.2641509433962264 0.3342433697347894 0.1320754716981132 0.08970358814352575
6 0.2358490566037736 0.22542901716068645 0.1320754716981132 0.1372854914196568
6 0.3846960167714885 0.1107644305772231 0.13836477987421383 0.11856474258970359
6 0.5445492662473795 0.0920436817472699 0.14570230607966458 0.12480499219968799
6 0.7138364779874214 0.15678627145085805 0.1488469601677149 0.1372854914196568
6 0.9040880503144655 0.4344773790951638 0.16666666666666669 0.1372854914196568
4 0.6640461215932915 0.3673946957878315 0.14150943396226415 0.1294851794071763
4 0.8170859538784068 0.5347113884555382 0.15618448637316562 0.12402496099843995
4 0.5324947589098533 0.34750390015600624 0.13417190775681342 0.13182527301092045
4 0.41509433962264153 0.3607644305772231 0.11320754716981132 0.12714508580343215
4 0.31027253668763105 0.4122464898595944 0.09643605870020965 0.10842433697347895
3 0.3438155136268344 0.5046801872074883 0.1069182389937107 0.1606864274570983
3 0.4261006289308176 0.4547581903276131 0.11425576519916143 0.13260530421216848
3 0.5251572327044025 0.4586583463338534 0.1069182389937107 0.1747269890795632
3 0.6425576519916143 0.4637285491419657 0.11320754716981132 0.13806552262090485
2 0.6708595387840671 0.640795631825273 0.19916142557651992 0.13182527301092045
1 0.34958071278826 0.7968018720748831 0.12473794549266248 0.18018720748829953
0 0.4753668763102726 0.827223088923557 0.2127882599580713 0.24570982839313574
