0 0.39646712463199213 0.9088827838827839 0.17271835132482824 0.15842490842490842
1 0.2791952894995093 0.8736263736263736 0.09715407262021589 0.163003663003663
2 0.591756624141315 0.7243589743589743 0.19234543670264964 0.152014652014652
3 0.5343473994111874 0.5297619047619048 0.10893032384690872 0.17857142857142858
3 0.4288518155053974 0.5238095238095238 0.10794896957801765 0.1794871794871795
3 0.3366045142296369 0.5453296703296703 0.08832188420019627 0.17673992673992675
3 0.26349362119725217 0.5911172161172161 0.09322865554465161 0.19505494505494506
4 0.7414131501472031 0.6254578754578755 0.13444553483807653 0.11904761904761904
4 0.5583905789990186 0.41208791208791207 0.13738959764474976 0.15018315018315018
4 0.43081452404317955 0.3992673992673993 0.1099116781157998 0.16117216117216118
4 0.3287536800785083 0.4230769230769231 0.1256133464180569 0.16483516483516483
4 0.23650637880274777 0.4926739926739927 0.1295387634936212 0.11355311355311355
6 0.858684985279686 0.5457875457875457 0.1805691854759568 0.1684981684981685
6 0.6427870461236506 0.17216117216117216 0.13346418056918546 0.14652014652014653
6 0.43081452404317955 0.11721611721611722 0.11776251226692835 0.1391941391941392
6 0.28949950932286556 0.1684981684981685 0.1256133464180569 0.1391941391941392
6 0.12463199214916584 0.304029304029304 0.10206084396467124 0.10989010989010989
5 0.16584887144259075 0.4084249084249084 0.12168792934249263 0.11355311355311355
5 0.2914622178606477 0.3058608058608059 0.1295387634936212 0.10622710622710622
5 0.42492639842983315 0.25824175824175827 0.12168792934249263 0.09157509157509157
5 0.6035328753680078 0.3021978021978022 0.13346418056918546 0.12087912087912088
