5 0.579375 0.24104912572855955 0.10375000000000001 0.06577851790174855
5 0.46125 0.22814321398834306 0.1075 0.07160699417152373
5 0.34875 0.26394671107410494 0.1075 0.07327227310574522
5 0.249375 0.3426311407160699 0.08375 0.05245628642797669
6 0.21125 0.2714404662781016 0.1075 0.093255620316403
6 0.7731250000000001 0.3388842631140716 0.11625 0.09825145711906745
6 0.335 0.17860116569525397 0.0925 0.08576186511240633
6 0.45687500000000003 0.13905079100749376 0.09875 0.07993338884263114
6 0.573125 0.17485428809325562 0.08125 0.06994171523730225
4 0.284375 0.38218151540383016 0.08375 0.06994171523730225
4 0.37625000000000003 0.3347210657785179 0.105 0.08659450457951708
4 0.46125 0.32014987510407994 0.1075 0.07743547044129892
4 0.570625 0.3172356369691923 0.09375 0.0749375520399667
4 0.721875 0.41298917568692756 0.10375000000000001 0.07327227310574522
3 0.323125 0.44671107410491256 0.09875 0.11407160699417153
3 0.38625 0.417985012489592 0.0675 0.10990840965861783
3 0.455625 0.398834304746045 0.08375 0.11823480432972523
3 0.55625 0.4013322231473772 0.10250000000000001 0.12989175686927562
2 0.6175 0.5120732722731057 0.145 0.10324729392173189
1 0.40375 0.6948376353039134 0.125 0.14071606994171523
0 0.52375 0.6744379683597003 0.18 0.16652789342214822
