0 0.5059171597633136 0.6266506602641057 0.22366863905325443 0.18727490996398558
1 0.3609467455621302 0.6455582232893157 0.15384615384615385 0.1602641056422569
2 0.6727810650887575 0.47208883553421366 0.285207100591716 0.11344537815126049
3 0.27692307692307694 0.384453781512605 0.12781065088757396 0.117046818727491
3 0.3680473372781065 0.3565426170468187 0.12307692307692308 0.12004801920768307
3 0.46745562130177515 0.3445378151260504 0.11597633136094675 0.13205282112845138
3 0.5911242603550296 0.34783913565426167 0.12662721893491125 0.14345738295318125
4 0.8059171597633136 0.37755102040816324 0.17988165680473372 0.09123649459783913
4 0.6071005917159763 0.25510204081632654 0.1467455621301775 0.08763505402160864
4 0.4816568047337278 0.2560024009603841 0.12307692307692308 0.09663865546218486
4 0.363905325443787 0.27460984393757504 0.12662721893491125 0.09663865546218486
4 0.24378698224852072 0.31512605042016806 0.11360946745562131 0.08283313325330131
6 0.9 0.2929171668667467 0.1668639053254438 0.09963985594237694
6 0.6467455621301775 0.09363745498199279 0.13372781065088757 0.08283313325330131
6 0.4869822485207101 0.06572629051620647 0.11242603550295859 0.08463385354141656
6 0.36213017751479293 0.08853541416566627 0.12307692307692308 0.09663865546218486
6 0.12544378698224853 0.17887154861944776 0.11597633136094675 0.07803121248499399
5 0.19053254437869824 0.2542016806722689 0.13964497041420118 0.06542617046818727
5 0.34497041420118346 0.18217286914765904 0.14319526627218934 0.06782713085234093
5 0.48994082840236686 0.16206482593037214 0.13964497041420118 0.07082833133253301
5 0.6384615384615385 0.17376950780312123 0.13609467455621302 0.07142857142857142
