5 0.5847766636280766 0.32230392156862747 0.0902461257976299 0.10375816993464053
5 0.487693710118505 0.30351307189542487 0.10391978122151321 0.08741830065359478
5 0.3874202370100273 0.3431372549019608 0.08751139471285324 0.09477124183006536
5 0.2716499544211486 0.42933006535947715 0.08933454876937101 0.08415032679738563
6 0.23837739288969917 0.3472222222222222 0.09389243391066544 0.09967320261437909
6 0.8117593436645396 0.4795751633986928 0.1431175934366454 0.12418300653594772
6 0.5929808568824065 0.22303921568627452 0.09206927985414767 0.10294117647058824
6 0.4831358249772106 0.1911764705882353 0.08568824065633546 0.10130718954248366
6 0.37693710118505014 0.22794117647058823 0.08477666362807657 0.10130718954248366
4 0.313126709206928 0.4991830065359477 0.09206927985414767 0.10130718954248366
4 0.3910665451230629 0.4419934640522876 0.07839562443026435 0.11764705882352941
4 0.47174111212397446 0.4256535947712418 0.09936189608021878 0.11601307189542484
4 0.5537830446672743 0.4236111111111111 0.0829535095715588 0.09885620915032681
4 0.727894257064722 0.565359477124183 0.1267092069279854 0.09313725490196079
3 0.34412032816773014 0.568218954248366 0.07383773928896992 0.12173202614379085
3 0.40109389243391064 0.5371732026143791 0.06927985414767547 0.1119281045751634
3 0.47037374658158615 0.5163398692810458 0.08386508659981769 0.14052287581699346
3 0.5446672743846855 0.5151143790849674 0.07201458523245215 0.12663398692810457
2 0.5998176845943483 0.6699346405228759 0.14038286235186873 0.10947712418300654
1 0.37830446672743845 0.8247549019607844 0.07839562443026435 0.12826797385620917
0 0.4772105742935278 0.8321078431372549 0.1431175934366454 0.1380718954248366
