0 0.504375 0.8067484662576687 0.18375 0.1866783523225241
1 0.403125 0.8177037686240141 0.12625 0.16476774758983348
2 0.6675 0.6297107800175284 0.19 0.11305872042068361
3 0.569375 0.4851007887817704 0.11125 0.1691498685363716
3 0.470625 0.47808939526730937 0.12375 0.1551270815074496
3 0.39 0.5008764241893077 0.0925 0.13058720420683612
3 0.3075 0.5416301489921121 0.1075 0.15249780893952675
4 0.76 0.49780893952673094 0.13 0.12269938650306748
4 0.589375 0.36064855390008765 0.12625 0.13234005258545137
4 0.47250000000000003 0.3584574934268186 0.115 0.12445223488168274
4 0.355 0.3970201577563541 0.1075 0.126205083260298
4 0.279375 0.43908851884312006 0.12125 0.11744084136722174
6 0.84125 0.39614373356704646 0.155 0.14198071866783524
6 0.645 0.14986853637160386 0.13 0.11568799298860649
6 0.470625 0.12182296231375986 0.12375 0.11744084136722174
6 0.3 0.1765994741454864 0.14250000000000002 0.12357581069237511
6 0.1925 0.27651183172655563 0.105 0.10604732690622261
5 0.22875 0.37072743207712533 0.12 0.091148115687993
5 0.325 0.2883435582822086 0.11750000000000001 0.08238387379491674
5 0.469375 0.24758983347940403 0.13375 0.07975460122699386
5 0.61375 0.26205083260297984 0.155 0.091148115687993
