1 0.3605263157894737 0.8120719178082191 0.11684210526315789 0.1429794520547945
0 0.48736842105263156 0.8030821917808219 0.16842105263157894 0.15582191780821916
2 0.6442105263157895 0.6566780821917808 0.1936842105263158 0.1095890410958904
3 0.3094736842105263 0.5261130136986301 0.08842105263157894 0.13955479452054795
3 0.38473684210526315 0.4884417808219178 0.08526315789473685 0.13613013698630136
3 0.46157894736842103 0.4674657534246575 0.09368421052631579 0.14212328767123286
3 0.5605263157894737 0.47003424657534243 0.11052631578947368 0.16095890410958902
4 0.7926315789473684 0.564640410958904 0.15157894736842104 0.09503424657534246
6 0.9057894736842105 0.4815924657534246 0.1631578947368421 0.1292808219178082
6 0.6110526315789474 0.14383561643835616 0.11684210526315789 0.11986301369863013
6 0.4557894736842105 0.0958904109589041 0.12 0.1232876712328767
6 0.28736842105263155 0.1541095890410959 0.12210526315789473 0.1352739726027397
6 0.10894736842105263 0.3154965753424657 0.11684210526315789 0.1035958904109589
5 0.19473684210526315 0.3985445205479452 0.10736842105263157 0.06763698630136986
5 0.3157894736842105 0.2744006849315068 0.1094736842105263 0.08133561643835616
5 0.45789473684210524 0.23373287671232876 0.11578947368421053 0.07534246575342465
5 0.5947368421052631 0.254708904109589 0.10526315789473684 0.08133561643835616
4 0.26842105263157895 0.4597602739726027 0.1031578947368421 0.0976027397260274
4 0.35526315789473684 0.39383561643835613 0.11473684210526315 0.11301369863013698
4 0.4589473684210526 0.36258561643835613 0.10736842105263157 0.1035958904109589
4 0.5705263157894737 0.3698630136986301 0.10105263157894737 0.11301369863013698
