4 0.6137254901960785 0.3377431906614786 0.08431372549019608 0.09027237354085604
4 0.5210784313725491 0.3377431906614786 0.09117647058823529 0.08715953307392997
4 0.4404411764705882 0.36147859922178993 0.07990196078431372 0.08326848249027238
4 0.35955882352941176 0.4155642023346304 0.08676470588235294 0.06536964980544747
4 0.7691176470588236 0.4776264591439689 0.10490196078431373 0.07431906614785992
6 0.8450980392156863 0.4200389105058366 0.10980392156862745 0.08521400778210117
6 0.6674019607843137 0.1857976653696498 0.08676470588235294 0.0906614785992218
6 0.5245098039215687 0.15136186770428017 0.08431372549019608 0.09805447470817122
6 0.4017156862745098 0.19474708171206226 0.09362745098039216 0.10155642023346305
6 0.24215686274509804 0.32334630350194554 0.08431372549019608 0.07626459143968872
5 0.30367647058823527 0.3793774319066148 0.075 0.06147859922178989
5 0.416421568627451 0.2836575875486382 0.09166666666666666 0.06147859922178989
5 0.5225490196078432 0.2482490272373541 0.08431372549019608 0.07081712062256809
5 0.6455882352941177 0.2616731517509728 0.09313725490196079 0.0688715953307393
3 0.3946078431372549 0.4643968871595331 0.07058823529411765 0.09766536964980545
3 0.44950980392156864 0.42821011673151754 0.056862745098039215 0.0906614785992218
3 0.5100490196078431 0.4079766536964981 0.07303921568627451 0.10155642023346305
3 0.5909313725490196 0.41926070038910507 0.07990196078431372 0.12334630350194553
2 0.6448529411764706 0.5437743190661479 0.14362745098039215 0.10155642023346305
1 0.4392156862745098 0.6618677042801557 0.07745098039215687 0.12295719844357977
0 0.5235294117647059 0.6688715953307394 0.12745098039215685 0.14474708171206227
