0 0.5110497237569062 0.8261231281198004 0.19116022099447516 0.194675540765391
1 0.381767955801105 0.8257071547420965 0.13591160220994475 0.16888519134775376
2 0.6812154696132597 0.6568219633943427 0.2110497237569061 0.11730449251247921
3 0.6011049723756906 0.490432612312812 0.11491712707182321 0.14891846921797006
3 0.4961325966850829 0.4891846921797005 0.112707182320442 0.15640599001663893
3 0.41381215469613264 0.509567387687188 0.09171270718232045 0.14559068219633944
3 0.3292817679558011 0.5470049916805324 0.09281767955801105 0.17387687188019968
4 0.7895027624309393 0.5440931780366056 0.12928176795580112 0.11314475873544093
4 0.6237569060773481 0.3826955074875208 0.12265193370165747 0.13311148086522462
4 0.49944751381215474 0.38019966722129783 0.11933701657458565 0.1281198003327787
4 0.4077348066298343 0.41098169717138106 0.11933701657458565 0.13311148086522462
4 0.3088397790055249 0.444675540765391 0.09834254143646409 0.10232945091514144
6 0.881767955801105 0.4492512479201331 0.1834254143646409 0.12312811980033278
6 0.6342541436464089 0.1709650582362729 0.112707182320442 0.11231281198003328
6 0.4900552486187846 0.1252079866888519 0.13812154696132597 0.11231281198003328
6 0.3629834254143647 0.1742928452579035 0.13149171270718232 0.11064891846921797
6 0.2591160220994475 0.27287853577371046 0.11823204419889503 0.09816971713810316
5 0.2845303867403315 0.3627287853577371 0.12265193370165747 0.0848585690515807
5 0.3812154696132597 0.2961730449251248 0.11049723756906078 0.07986688851913477
5 0.49944751381215474 0.2516638935108153 0.11491712707182321 0.08735440931780367
5 0.6430939226519338 0.27662229617304496 0.13038674033149172 0.08735440931780367
