5 0.6597826086956522 0.3270412642669008 0.10434782608695653 0.08867427568042142
5 0.5070652173913044 0.2993854258121159 0.11847826086956521 0.0913081650570676
5 0.358695652173913 0.35030728709394204 0.10217391304347827 0.08604038630377524
5 0.23369565217391305 0.417910447761194 0.09347826086956522 0.07550482879719052
6 0.19293478260869565 0.32001755926251096 0.12934782608695652 0.09745390693590869
6 0.3347826086956522 0.2212467076382792 0.10434782608695653 0.12291483757682177
6 0.5097826086956522 0.16593503072870938 0.10652173913043478 0.11764705882352941
6 0.6875 0.21027216856892011 0.09891304347826087 0.1044776119402985
6 0.875 0.5057067603160668 0.16521739130434782 0.12291483757682177
4 0.2907608695652174 0.5013169446883231 0.09891304347826087 0.10886742756804214
4 0.39945652173913043 0.4556628621597893 0.10760869565217392 0.1334503950834065
4 0.5043478260869565 0.43371378402107114 0.10217391304347827 0.1106233538191396
4 0.6298913043478261 0.4350307287093942 0.10978260869565218 0.1044776119402985
4 0.7782608695652175 0.6000877963125548 0.12608695652173912 0.10272168568920105
3 0.3309782608695652 0.5860403863037752 0.09021739130434783 0.13081650570676032
3 0.4092391304347826 0.5601404741000878 0.07717391304347826 0.11940298507462686
3 0.49782608695652175 0.5368744512730466 0.09347826086956522 0.14486391571553994
3 0.6048913043478261 0.5368744512730466 0.09891304347826087 0.14486391571553994
2 0.6309782608695652 0.7225636523266022 0.1423913043478261 0.11764705882352941
0 0.48097826086956524 0.8981562774363476 0.1641304347826087 0.15978928884986832
1 0.35978260869565215 0.8968393327480246 0.10434782608695653 0.1395961369622476
