0 0.4920289855072464 0.8861607142857142 0.15797101449275364 0.17410714285714285
1 0.39094202898550723 0.863095238095238 0.09347826086956522 0.18154761904761904
2 0.652536231884058 0.7358630952380952 0.15869565217391304 0.1294642857142857
3 0.631159420289855 0.5390625 0.08840579710144927 0.19270833333333331
3 0.5329710144927536 0.5252976190476191 0.08623188405797101 0.15922619047619047
3 0.4706521739130435 0.5491071428571428 0.08623188405797101 0.15922619047619047
3 0.40144927536231884 0.5747767857142857 0.06956521739130435 0.17038690476190474
4 0.8 0.6633184523809523 0.1318840579710145 0.10491071428571427
4 0.6539855072463768 0.4304315476190476 0.0963768115942029 0.12425595238095237
4 0.5463768115942029 0.4192708333333333 0.09130434782608696 0.13467261904761904
4 0.4605072463768116 0.4386160714285714 0.0746376811594203 0.13467261904761904
4 0.3789855072463768 0.47581845238095233 0.08840579710144927 0.11532738095238095
5 0.6952898550724638 0.3240327380952381 0.09927536231884058 0.10491071428571427
5 0.5666666666666667 0.29129464285714285 0.10434782608695653 0.10491071428571427
5 0.45181159420289857 0.3247767857142857 0.10217391304347827 0.10193452380952381
5 0.3467391304347826 0.4029017857142857 0.07753623188405798 0.08556547619047619
6 0.31956521739130433 0.3050595238095238 0.10434782608695653 0.12648809523809523
6 0.9101449275362319 0.6216517857142857 0.14202898550724638 0.12723214285714285
6 0.7304347826086957 0.2232142857142857 0.08840579710144927 0.11309523809523808
6 0.5826086956521739 0.15885416666666666 0.09420289855072464 0.12723214285714285
6 0.43768115942028984 0.1915922619047619 0.11014492753623188 0.1212797619047619
