0 0.4517790262172285 0.8522438611346317 0.1750936329588015 0.1922099915325995
1 0.3347378277153558 0.8323454699407281 0.10767790262172285 0.20152413209144793
2 0.601123595505618 0.6871295512277731 0.17415730337078653 0.12955122777307365
3 0.5472846441947565 0.5012701100762066 0.10205992509363296 0.174428450465707
3 0.45692883895131087 0.4805249788314987 0.08239700374531836 0.1380186282811177
3 0.38670411985018727 0.5033869602032176 0.08239700374531836 0.14309906858594412
3 0.3249063670411985 0.5478408128704487 0.09176029962546817 0.1405588484335309
4 0.7247191011235955 0.5850973751058425 0.11797752808988764 0.10668924640135478
4 0.5632022471910112 0.392887383573243 0.11142322097378277 0.12362404741744284
4 0.4616104868913858 0.3882303132938188 0.09176029962546817 0.12616426756985605
4 0.37734082397003743 0.4102455546147333 0.10112359550561797 0.12955122777307365
4 0.27902621722846443 0.4690939881456393 0.11423220973782772 0.12023708721422523
6 0.826310861423221 0.5004233700254022 0.18071161048689138 0.12023708721422523
6 0.5880149812734082 0.18628281117696865 0.10486891385767791 0.1117696867061812
6 0.47284644194756553 0.1401354784081287 0.11423220973782772 0.10584250635055038
6 0.3169475655430712 0.17612193056731582 0.0945692883895131 0.11515664690939881
6 0.1409176029962547 0.31837425910245554 0.11142322097378277 0.09483488569009314
5 0.2205056179775281 0.40304826418289585 0.09831460674157304 0.09144792548687553
5 0.34363295880149813 0.29805249788314986 0.12359550561797752 0.09483488569009314
5 0.4691011235955056 0.26333615580016934 0.11423220973782772 0.09483488569009314
5 0.5819288389513109 0.2823878069432684 0.11704119850187265 0.09737510584250635
