5 0.6690885072655218 0.33072407045009783 0.0964332892998679 0.0821917808219178
5 0.8028401585204755 0.4293052837573385 0.09313077939233817 0.09344422700587084
5 0.5009907529722589 0.27813111545988256 0.1261558784676354 0.09344422700587084
5 0.345112285336856 0.2947651663405088 0.1142668428005284 0.07778864970645792
6 0.11988110964332893 0.46159491193737767 0.1499339498018494 0.11790606653620352
6 0.3104359313077939 0.187133072407045 0.10568031704095113 0.11105675146771037
6 0.4801849405548217 0.14823874755381605 0.1202113606340819 0.1086105675146771
6 0.6918758256274768 0.20376712328767121 0.10501981505944517 0.11790606653620352
6 0.8794583883751651 0.36839530332681014 0.1261558784676354 0.10469667318982387
4 0.36624834874504625 0.3962818003913894 0.1261558784676354 0.11545988258317025
4 0.4966974900924703 0.3906555772994129 0.11096433289299867 0.1267123287671233
4 0.6152575957727873 0.4273483365949119 0.09577278731836196 0.1286692759295499
4 0.7249009247027741 0.48972602739726023 0.1287978863936592 0.10665362035225048
3 0.39002642007926025 0.5058708414872798 0.11955085865257596 0.17123287671232876
3 0.5026420079260238 0.5117416829745597 0.1202113606340819 0.1643835616438356
3 0.5881770145310437 0.521771037181996 0.09577278731836196 0.11790606653620352
3 0.6753632760898283 0.5672700587084148 0.09577278731836196 0.12475538160469667
4 0.190224570673712 0.5550391389432485 0.12945838837516513 0.10909980430528375
2 0.3467635402906209 0.6797945205479452 0.16512549537648613 0.11790606653620352
0 0.4815059445178336 0.8385518590998042 0.18890356671070013 0.18688845401174167
1 0.6017173051519155 0.8502935420743639 0.11096433289299867 0.14481409001956946
