0 0.5435022026431718 0.7658146964856231 0.197136563876652 0.1795527156549521
1 0.38876651982378857 0.7584664536741215 0.1563876651982379 0.14696485623003194
2 0.710352422907489 0.5913738019169329 0.2180616740088106 0.10926517571884985
3 0.6294052863436124 0.4552715654952077 0.13325991189427314 0.12971246006389778
3 0.5159691629955948 0.45686900958466453 0.12444933920704847 0.1329073482428115
3 0.4229074889867842 0.47635782747603833 0.09911894273127754 0.1207667731629393
3 0.32544052863436124 0.5076677316293929 0.09581497797356829 0.12971246006389778
4 0.8094713656387666 0.47891373801916937 0.15198237885462557 0.07859424920127796
4 0.6294052863436124 0.3600638977635783 0.12665198237885464 0.10031948881789138
4 0.5033039647577093 0.3591054313099042 0.1299559471365639 0.10607028753993611
4 0.39977973568281944 0.39233226837060703 0.11453744493392072 0.10095846645367412
4 0.29074889867841414 0.43130990415335463 0.12114537444933922 0.09201277955271565
6 0.866740088105727 0.37763578274760384 0.1762114537444934 0.11884984025559106
6 0.6662995594713657 0.18817891373801918 0.14537444933920707 0.09904153354632587
6 0.43832599118942733 0.1584664536741214 0.1299559471365639 0.09712460063897764
6 0.29460352422907493 0.20191693290734825 0.13325991189427314 0.10095846645367412
6 0.1745594713656388 0.2827476038338658 0.14207048458149782 0.09009584664536742
5 0.22797356828193835 0.3664536741214058 0.13656387665198239 0.07731629392971247
5 0.3518722466960353 0.3035143769968051 0.14867841409691632 0.07412140575079873
5 0.48182819383259917 0.25591054313099043 0.12444933920704847 0.06453674121405752
5 0.6525330396475771 0.2763578274760383 0.1618942731277533 0.07348242811501597
