0 0.5155440414507771 0.8473227206946454 0.22487046632124352 0.1968162083936324
1 0.38341968911917096 0.8733719247467437 0.15129533678756477 0.15195369030390737
2 0.655440414507772 0.676917510853835 0.20414507772020724 0.13241678726483355
3 0.5927461139896373 0.4992764109985528 0.12642487046632123 0.15918958031837915
3 0.4797927461139896 0.504341534008683 0.11191709844559584 0.16497829232995656
3 0.3937823834196891 0.522793053545586 0.10155440414507771 0.14254703328509405
3 0.31191709844559584 0.5586107091172213 0.10569948186528497 0.150506512301013
4 0.7906735751295336 0.5520984081041967 0.15129533678756477 0.0984081041968162
4 0.6202072538860103 0.3939942112879884 0.14818652849740932 0.12518089725036177
4 0.4849740932642487 0.39869753979739503 0.13678756476683937 0.12011577424023154
4 0.3797927461139896 0.42076700434153397 0.11502590673575129 0.12518089725036177
4 0.2761658031088083 0.48118668596237335 0.13367875647668392 0.11287988422575976
6 0.8932642487046631 0.44138929088277856 0.16373056994818652 0.15918958031837915
6 0.7202072538860104 0.17945007235890012 0.13678756476683937 0.14182344428364688
6 0.5025906735751295 0.14254703328509405 0.15129533678756477 0.12735166425470332
6 0.32538860103626943 0.20513748191027495 0.16165803108808288 0.12518089725036177
6 0.13575129533678756 0.31657018813314036 0.16787564766839377 0.09768451519536903
5 0.20621761658031088 0.4099131693198263 0.16165803108808288 0.08321273516642547
5 0.3373056994818653 0.3115050651230101 0.14404145077720207 0.08321273516642547
5 0.5025906735751295 0.2662807525325615 0.13056994818652848 0.09117221418234442
5 0.6751295336787565 0.2847322720694645 0.14404145077720207 0.09768451519536903
