5 0.5704824976348155 0.2748764996471419 0.1400189214758751 0.09668313338038109
5 0.4148533585619678 0.2589978828510939 0.10122989593188268 0.08609738884968243
5 0.3008514664143803 0.3140437544107269 0.09839167455061495 0.08609738884968243
5 0.1868495742667928 0.40261115031757233 0.10122989593188268 0.08115737473535639
6 0.1097445600756859 0.3270995059985886 0.11542100283822138 0.09668313338038109
6 0.2445600756859035 0.20042342978122796 0.10501419110690634 0.12561750176429076
6 0.3902554399243141 0.1400846859562456 0.13718070009460737 0.10938602681721948
6 0.5458845789971618 0.16372618207480594 0.09839167455061495 0.10444601270289344
6 0.7738883632923368 0.3884968242766408 0.1400189214758751 0.12067748764996472
4 0.2672658467360454 0.45695130557515884 0.11447492904446546 0.09527170077628794
4 0.34200567644276253 0.4019054340155258 0.11447492904446546 0.10938602681721948
4 0.44087038789025546 0.3824982357092449 0.09839167455061495 0.09738884968242767
4 0.5496688741721855 0.37508821453775587 0.10406811731315042 0.0995059985885674
4 0.706717123935667 0.48059280169371915 0.10596026490066225 0.10726887791107975
3 0.30842005676442763 0.524347212420607 0.09082308420056764 0.12279463655610445
3 0.36991485335856195 0.49964714184897674 0.07379375591296121 0.1213832039520113
3 0.44843897824030277 0.46471418489767113 0.09839167455061495 0.12350035285815103
3 0.5444654683065279 0.4640084685956246 0.09933774834437085 0.1333803810868031
2 0.6031220435193945 0.6107974594213127 0.14853358561967833 0.11926605504587157
1 0.36471144749290446 0.7752293577981652 0.12771996215704826 0.13902611150317573
0 0.4645222327341533 0.7819336626676077 0.1816461684011353 0.155257586450247
