0 0.4914829659318637 0.7525737817433081 0.1653306613226453 0.16678105696636925
1 0.3822645290581162 0.7385037748798902 0.11923847695390781 0.14962251201098145
2 0.6683366733466933 0.5868222374742622 0.1903807615230461 0.12354152367879204
3 0.595190380761523 0.43685655456417294 0.11422845691382764 0.1338366506520247
3 0.48396793587174347 0.4334248455730954 0.10821643286573146 0.1338366506520247
3 0.39679358717434865 0.4588194921070693 0.1062124248496994 0.1393273850377488
3 0.3101202404809619 0.4969114619080302 0.11122244488977955 0.12491420727522305
4 0.7755511022044087 0.48318462594371997 0.1442885771543086 0.09746053534660261
4 0.6097194388777555 0.3448867536032944 0.10721442885771543 0.1091283459162663
4 0.48797595190380755 0.34076870281400135 0.1222444889779559 0.11461908030199039
4 0.38476953907815625 0.3675360329444063 0.11422845691382764 0.1091283459162663
4 0.28106212424849697 0.42244337680164723 0.09318637274549098 0.09402882635552505
6 0.8496993987975952 0.38160603980782426 0.1342685370741483 0.12354152367879204
6 0.6492985971943888 0.1609471516815374 0.10420841683366733 0.10638297872340426
6 0.4954909819639278 0.11736444749485243 0.11723446893787574 0.09883321894303362
6 0.3837675350701403 0.16540837336993822 0.10220440881763526 0.09746053534660261
6 0.20490981963927854 0.2769389155799588 0.08316633266533066 0.08853809196980096
5 0.22745490981963926 0.35380919698009605 0.10420841683366733 0.06794783802333562
5 0.3702404809619238 0.25806451612903225 0.11923847695390781 0.07137954701441318
5 0.49048096192384766 0.23472889498970487 0.10721442885771543 0.07000686341798215
5 0.6307615230460921 0.24948524365133837 0.11923847695390781 0.07069320521619767
