5 0.6452991452991453 0.26473254759746145 0.10470085470085472 0.09247506799637353
5 0.5037393162393163 0.2243880326382593 0.13782051282051283 0.10607434270172257
5 0.373931623931624 0.25611967361740706 0.13461538461538464 0.09700815956482321
5 0.23611111111111113 0.3594741613780598 0.11538461538461539 0.09156844968268359
6 0.2216880341880342 0.26201269265639165 0.1185897435897436 0.11423390752493201
6 0.36912393162393164 0.13055303717135086 0.10576923076923078 0.12511332728921123
6 0.5288461538461539 0.08748866727107887 0.11538461538461539 0.12239347234814144
6 0.6730769230769231 0.1627379873073436 0.1217948717948718 0.12239347234814144
6 0.8034188034188035 0.4401631912964642 0.1452991452991453 0.13689936536718042
4 0.5811965811965812 0.3889392565729828 0.13461538461538464 0.1341795104261106
4 0.4663461538461539 0.36944696282864914 0.1185897435897436 0.14233907524932005
4 0.3530982905982906 0.4070716228467815 0.10576923076923078 0.12511332728921123
4 0.2590811965811966 0.4528558476881233 0.0950854700854701 0.12783318223028106
3 0.27884615384615385 0.5602901178603807 0.09615384615384616 0.1813236627379873
3 0.3530982905982906 0.5113327289211242 0.10576923076923078 0.15049864007252947
3 0.4465811965811966 0.499546690843155 0.10897435897435899 0.1958295557570263
3 0.5598290598290598 0.49909338168631007 0.12820512820512822 0.16409791477787852
4 0.7323717948717949 0.5611967361740707 0.15064102564102566 0.12511332728921123
2 0.6041666666666667 0.6926563916591115 0.19337606837606838 0.12330009066183137
1 0.3247863247863248 0.8753399818676337 0.12820512820512822 0.1586582048957389
0 0.44978632478632485 0.8612873980054397 0.18162393162393164 0.1813236627379873
