0 0.49122807017543857 0.8577371048252912 0.22807017543859648 0.21630615640599002
1 0.3508771929824561 0.8756239600665557 0.1381578947368421 0.19384359400998336
2 0.6507675438596491 0.6430948419301165 0.20723684210526314 0.16306156405990016
3 0.26864035087719296 0.5395174708818635 0.1074561403508772 0.15391014975041598
3 0.3464912280701754 0.5099833610648918 0.11842105263157894 0.16638935108153077
3 0.43475877192982454 0.4675540765391015 0.13267543859649122 0.1497504159733777
3 0.5515350877192983 0.4621464226289518 0.1162280701754386 0.14559068219633944
4 0.7861842105263157 0.5307820299500832 0.14473684210526316 0.11148086522462562
4 0.5783991228070176 0.3623128119800333 0.12171052631578946 0.1156405990016639
4 0.4413377192982456 0.36023294509151416 0.13048245614035087 0.11980033277870217
4 0.3294956140350877 0.3939267886855241 0.11951754385964912 0.12895174708818635
4 0.23135964912280702 0.459234608985025 0.11184210526315788 0.11980033277870217
6 0.894736842105263 0.42970049916805325 0.15789473684210525 0.14059900166389352
6 0.6112938596491228 0.13477537437603992 0.13925438596491227 0.13311148086522462
6 0.4199561403508772 0.10856905158069884 0.12719298245614036 0.12229617304492513
6 0.26589912280701755 0.16139767054908485 0.11293859649122806 0.1264559068219634
6 0.11348684210526315 0.28452579034941766 0.09758771929824561 0.11647254575707155
5 0.16173245614035087 0.3752079866888519 0.11732456140350876 0.08652246256239601
5 0.28125 0.28452579034941766 0.11732456140350876 0.07820299500831947
5 0.41721491228070173 0.23835274542429286 0.13267543859649122 0.08236272878535773
5 0.600328947368421 0.2420965058236273 0.12171052631578946 0.09484193011647254
