5 0.6337698783910196 0.2668711656441718 0.12628624883068287 0.10156782549420587
5 0.4639850327408793 0.2334696659850034 0.13657623947614594 0.10838445807770962
5 0.28811973807296537 0.26482617586912066 0.14593077642656688 0.08384458077709611
5 0.1234798877455566 0.34696659850034084 0.12722170252572498 0.08588957055214724
6 0.09448082319925163 0.25460122699386506 0.12722170252572498 0.10429447852760737
6 0.26426566884939195 0.13974096796182686 0.16744621141253507 0.10633946830265849
6 0.4733395696913003 0.11554192229038855 0.1234798877455566 0.11792774369461487
6 0.6529466791393826 0.17484662576687118 0.12722170252572498 0.12474437627811862
6 0.8652946679139383 0.46591683708248127 0.1646398503274088 0.14792092706203136
4 0.568755846585594 0.36537150647580097 0.1234798877455566 0.12678936605316973
4 0.43732460243217963 0.35241990456714384 0.12067352666043031 0.12951601908657123
4 0.3105706267539757 0.36912065439672803 0.11412535079513564 0.12474437627811862
4 0.1880261927034612 0.40933878663940015 0.13657623947614594 0.11792774369461487
3 0.2245088868101029 0.5003408316291752 0.10102899906454631 0.14314928425357873
3 0.32787652011225443 0.4761417859577369 0.07951356407857811 0.13156100886162236
3 0.4167446211412535 0.45773687798227675 0.11131898971000935 0.15064758009543286
3 0.5467726847521048 0.46932515337423314 0.09822263797942002 0.15473755964553512
4 0.7525724976613658 0.5548738922972052 0.15247895229186156 0.10906612133605999
2 0.5907390084190832 0.6646216768916156 0.21234798877455566 0.11588275391956374
1 0.27502338634237605 0.814587593728698 0.14593077642656688 0.1663258350374915
0 0.4130028063610851 0.8118609406952966 0.2029934518241347 0.21676891615541924
