0 0.5825242718446602 0.834355828220859 0.170873786407767 0.22085889570552147
1 0.4810679611650485 0.8450920245398773 0.12524271844660192 0.1794478527607362
2 0.720873786407767 0.6683282208588958 0.21067961165048543 0.13266871165644173
3 0.645631067961165 0.4892638036809816 0.11844660194174757 0.1794478527607362
3 0.5388349514563107 0.4785276073619632 0.1087378640776699 0.16411042944785276
3 0.4529126213592233 0.5030674846625767 0.09611650485436893 0.14570552147239263
3 0.38058252427184464 0.5398773006134969 0.09514563106796116 0.13496932515337423
4 0.8296116504854368 0.5463957055214724 0.158252427184466 0.13266871165644173
4 0.6587378640776699 0.361579754601227 0.1058252427184466 0.13726993865030676
4 0.5223300970873787 0.37461656441717794 0.1087378640776699 0.14340490797546013
4 0.4218446601941747 0.4110429447852761 0.1116504854368932 0.14263803680981596
4 0.3262135922330097 0.4605061349693252 0.11262135922330097 0.11733128834355828
5 0.6946601941747572 0.2511503067484663 0.13106796116504854 0.09892638036809816
5 0.49029126213592233 0.22776073619631904 0.15145631067961166 0.10429447852760737
5 0.35388349514563106 0.2772239263803681 0.12135922330097088 0.10352760736196319
5 0.2524271844660194 0.3784509202453988 0.09514563106796116 0.08819018404907976
6 0.18980582524271844 0.3017638036809816 0.15436893203883495 0.13266871165644173
6 0.2995145631067961 0.1418711656441718 0.158252427184466 0.13496932515337423
6 0.45631067961165045 0.07822085889570553 0.14174757281553396 0.13190184049079756
6 0.7194174757281553 0.1223159509202454 0.14757281553398058 0.13266871165644173
6 0.9097087378640776 0.4049079754601227 0.14757281553398058 0.1687116564417178
