6 0.8362541073384446 0.47944593386952633 0.1741511500547645 0.16175156389633602
6 0.6352683461117196 0.2162645218945487 0.12924424972617743 0.11260053619302948
6 0.4890470974808324 0.1867739052725648 0.12157721796276012 0.13941018766756033
6 0.3433734939759036 0.24307417336907952 0.1456736035049288 0.15192135835567472
6 0.1506024096385542 0.4101876675603217 0.09309967141292443 0.1161751563896336
5 0.21522453450164294 0.4959785522788204 0.10186199342825848 0.08936550491510277
5 0.3493975903614458 0.37488829311885613 0.13362541073384446 0.09919571045576407
5 0.48521358159912376 0.3172475424486148 0.12924424972617743 0.09651474530831099
5 0.6210295728368017 0.3319928507596068 0.10952902519167579 0.09919571045576407
4 0.7612267250821467 0.6005361930294906 0.12924424972617743 0.11260053619302948
4 0.6024096385542168 0.4463806970509383 0.13800657174151149 0.1224307417336908
4 0.4917853231106243 0.45621090259159963 0.10952902519167579 0.1224307417336908
4 0.3981380065717415 0.49776586237712245 0.09309967141292443 0.11260053619302948
4 0.2842278203723987 0.5603217158176944 0.09309967141292443 0.09294012511170688
3 0.3247535596933187 0.6264521894548704 0.09309967141292443 0.1358355674709562
3 0.41456736035049285 0.5871313672922251 0.10186199342825848 0.15192135835567472
3 0.4895947426067908 0.5723860589812332 0.10514786418400876 0.18856121537086684
3 0.5887185104052574 0.5536193029490617 0.08433734939759036 0.1456657730116175
2 0.671960569550931 0.742627345844504 0.16976998904709747 0.13941018766756033
1 0.3608981380065717 0.8941018766756031 0.14129244249726178 0.1224307417336908
0 0.4808324205914567 0.9088471849865951 0.1774370208105148 0.12153708668453976
