0 0.454136690647482 0.9189085318985396 0.19964028776978418 0.14219830899308225
1 0.3426258992805756 0.9093005380476556 0.10251798561151079 0.1337432744043044
2 0.614658273381295 0.7778631821675634 0.1591726618705036 0.11683320522674866
3 0.5804856115107914 0.5860876249039201 0.10881294964028777 0.16679477325134512
3 0.4838129496402878 0.5607225211375865 0.09892086330935253 0.15603382013835512
3 0.4064748201438849 0.5760953112990008 0.08093525179856116 0.13912375096079937
3 0.3385791366906475 0.6164488854727133 0.09082733812949641 0.15372790161414296
4 0.7598920863309353 0.6737125288239816 0.1420863309352518 0.10684089162182936
4 0.6029676258992807 0.46887009992313605 0.10341726618705037 0.12759415833973867
4 0.4838129496402878 0.45887778631821674 0.10431654676258993 0.11683320522674866
4 0.38893884892086333 0.4830899308224443 0.10161870503597123 0.1299000768639508
4 0.3044064748201439 0.5318985395849347 0.08902877697841727 0.10607225211375865
6 0.8678057553956835 0.590315142198309 0.16187050359712232 0.13220599538816294
6 0.6852517985611511 0.2578785549577248 0.10611510791366907 0.1083781706379708
6 0.4887589928057554 0.1960030745580323 0.11420863309352519 0.11529592621060722
6 0.3039568345323741 0.24173712528823982 0.09892086330935253 0.11452728670253651
6 0.18030575539568347 0.3670253651037663 0.08902877697841727 0.10222905457340507
5 0.23830935251798563 0.451575710991545 0.10431654676258993 0.08070714834742505
5 0.34847122302158273 0.3639508070714835 0.13219424460431656 0.08685626441199078
5 0.4842625899280576 0.32090699461952343 0.10881294964028777 0.08224442736356649
5 0.6384892086330936 0.35626441199077635 0.12410071942446044 0.0930053804765565
