5 0.5806745670009116 0.3301068090787717 0.11850501367365542 0.0781041388518024
5 0.45487693710118504 0.311415220293725 0.10938924339106654 0.08210947930574099
5 0.3268003646308113 0.34512683578104136 0.10118505013673655 0.0801068090787717
5 0.20373746581586144 0.4419225634178905 0.1121239744758432 0.07209612817089453
6 0.1659070191431176 0.3464619492656876 0.12579762989972654 0.09879839786381842
6 0.313126709206928 0.23130841121495327 0.1121239744758432 0.09813084112149532
6 0.4617137648131267 0.19425901201602136 0.09571558796718323 0.09879839786381842
6 0.5920692798541477 0.22096128170894525 0.097538742023701 0.09479305740987984
6 0.7958067456700091 0.45927903871829107 0.14038286235186873 0.11481975967957277
4 0.5528714676390155 0.4265687583444593 0.12123974475843209 0.11481975967957277
4 0.4430264357338195 0.4335781041388518 0.10938924339106654 0.11281708945260346
4 0.35505925250683684 0.46628838451268356 0.10118505013673655 0.11281708945260346
4 0.2538742023701003 0.5056742323097463 0.10118505013673655 0.10881174899866489
4 0.7251595259799453 0.5564085447263017 0.11759343664539654 0.10080106809078772
5 0.5501367365542388 0.5280373831775701 0.12123974475843209 0.14953271028037382
5 0.4434822242479489 0.5280373831775701 0.097538742023701 0.14953271028037382
5 0.35505925250683684 0.5457276368491322 0.09571558796718323 0.12349799732977303
5 0.28486782133090244 0.5941255006675568 0.1121239744758432 0.13351134846461948
2 0.6294439380127621 0.6785714285714286 0.18505013673655424 0.1315086782376502
1 0.325432999088423 0.832109479305741 0.11485870556061988 0.14218958611481974
0 0.44895168641750227 0.8451268357810414 0.1941659070191431 0.1602136181575434
