0 0.3741080530071356 0.8774625689519308 0.218144750254842 0.18203309692671396
1 0.22629969418960247 0.8396375098502759 0.14067278287461774 0.1773049645390071
2 0.5998980632008155 0.7332545311268716 0.24974515800203875 0.12056737588652483
3 0.5769622833843018 0.5445232466509062 0.12028542303771662 0.15760441292356187
3 0.47451580020387363 0.5157604412923562 0.109072375127421 0.15524034672970843
3 0.3741080530071356 0.5267927501970056 0.09174311926605505 0.13790386130811663
3 0.2869520897043833 0.5500394011032309 0.09480122324159022 0.152876280535855
4 0.7558613659531092 0.6319936958234831 0.16615698267074416 0.11347517730496455
4 0.6024464831804281 0.4314420803782506 0.12844036697247707 0.13790386130811663
4 0.471967380224261 0.4113475177304965 0.11416921508664629 0.14184397163120568
4 0.371559633027523 0.42592592592592593 0.109072375127421 0.13947990543735225
4 0.26248725790010197 0.4649330181245075 0.109072375127421 0.11977935382190702
6 0.8481141692150868 0.5114263199369583 0.1488277268093782 0.14184397163120568
6 0.6972477064220184 0.19582348305752562 0.11824668705402651 0.12844759653270293
6 0.5091743119266056 0.13711583924349882 0.12130479102956168 0.1355397951142632
6 0.2864424057084608 0.16154452324665092 0.14678899082568808 0.1355397951142632
6 0.1218144750254842 0.2915681639085895 0.14373088685015292 0.11032308904649331
5 0.18909276248725793 0.38573680063041765 0.12945973496432214 0.09062253743104808
5 0.3323139653414883 0.30260047281323876 0.11213047910295618 0.0929866036249015
5 0.5050968399592253 0.2702915681639086 0.11722731906218145 0.11347517730496455
5 0.6529051987767585 0.3215130023640662 0.14373088685015292 0.09929078014184398
