5 0.6613545816733067 0.3291032148900169 0.11952191235059761 0.12013536379018612
5 0.4696215139442231 0.28849407783417935 0.12250996015936255 0.09137055837563451
5 0.34113545816733065 0.33671742808798644 0.09860557768924302 0.09306260575296108
5 0.23555776892430277 0.4213197969543147 0.10059760956175298 0.07614213197969542
6 0.1743027888446215 0.3485617597292724 0.10756972111553785 0.1116751269035533
6 0.29382470119521914 0.22588832487309643 0.11354581673306773 0.1116751269035533
6 0.4442231075697211 0.16751269035532995 0.11354581673306773 0.1302876480541455
6 0.704183266932271 0.23392554991539763 0.11952191235059761 0.10744500846023688
6 0.8436254980079682 0.5397631133671743 0.14741035856573706 0.11505922165820642
4 0.28635458167330674 0.4653130287648054 0.11055776892430279 0.1065989847715736
4 0.38745019920318724 0.41878172588832485 0.08565737051792828 0.1065989847715736
4 0.47609561752988044 0.39382402707275804 0.09760956175298804 0.10406091370558375
4 0.6045816733067729 0.41370558375634514 0.09163346613545817 0.1065989847715736
4 0.7320717131474104 0.5867174280879864 0.10756972111553785 0.09390862944162436
3 0.33217131474103584 0.5384940778341794 0.10458167330677291 0.13790186125211507
3 0.4083665338645418 0.505922165820643 0.08565737051792828 0.1302876480541455
3 0.47908366533864544 0.4890016920473773 0.09163346613545817 0.14382402707275804
3 0.579183266932271 0.49280879864636207 0.07669322709163347 0.11421319796954314
2 0.6105577689243028 0.6675126903553299 0.15338645418326693 0.12521150592216582
1 0.37350597609561753 0.8248730964467005 0.13745019920318724 0.1641285956006768
0 0.4850597609561753 0.8049915397631133 0.14741035856573706 0.16666666666666666
