0 0.5144483362521891 0.8403683806600153 0.1672504378283713 0.20260936300844207
1 0.4010507880910683 0.851880276285495 0.1085814360770578 0.17498081350729086
2 0.6405429071803853 0.6738296239447429 0.1672504378283713 0.13967766692248657
3 0.3270577933450088 0.555640828856485 0.08318739054290718 0.1488871834228703
3 0.39316987740805603 0.5049884881043745 0.08581436077057794 0.13660782808902533
3 0.4859894921190893 0.4896392939370683 0.0893169877408056 0.14428242517267842
3 0.5950087565674256 0.4896392939370683 0.09194395796847636 0.13967766692248657
4 0.7526269702276708 0.5759785111281658 0.11821366024518389 0.09900230237912509
4 0.6112084063047285 0.4094397544128933 0.1085814360770578 0.11588641596316193
4 0.4833625218914186 0.38679969301611666 0.09457092819614711 0.11818879508825786
4 0.36295971978984237 0.420951650038373 0.10770577933450087 0.1204911742133538
4 0.28239929947460596 0.4827321565617805 0.09719789842381786 0.10130468150422103
6 0.8563922942206655 0.47774366845740596 0.16637478108581435 0.1204911742133538
6 0.6974605954465849 0.18035303146584805 0.1339754816112084 0.11511895625479662
6 0.45884413309982486 0.10706062931696086 0.12084063047285465 0.1204911742133538
6 0.24605954465849386 0.18265541059094398 0.11558669001751314 0.12586339217191098
6 0.13704028021015763 0.3303914044512663 0.1234676007005254 0.10821181887950883
5 0.2084063047285464 0.42018419033000765 0.09982486865148862 0.08058326937835764
5 0.3095446584938704 0.3123561013046815 0.1287215411558669 0.08749040675364543
5 0.4816112084063047 0.24865694551036072 0.12959719789842383 0.08288564850345356
5 0.659369527145359 0.2924021488871834 0.14010507880910683 0.10897927858787414
