5 0.6018306636155606 0.21585735963581185 0.12356979405034325 0.08421851289833081
5 0.4605263157894737 0.20599393019726858 0.12242562929061784 0.08421851289833081
5 0.30205949656750575 0.24241274658573597 0.11670480549199085 0.08573596358118361
5 0.16132723112128147 0.328907435508346 0.10983981693363845 0.06752655538694993
6 0.12242562929061784 0.23558421851289835 0.13729977116704806 0.10546282245827011
6 0.2866132723112128 0.12215477996965099 0.13386727688787187 0.11229135053110774
6 0.4502288329519451 0.0823216995447648 0.12242562929061784 0.09787556904400607
6 0.6189931350114416 0.11380880121396054 0.11670480549199085 0.09559939301972686
6 0.8478260869565217 0.3732928679817906 0.16475972540045766 0.13353566009104706
4 0.5572082379862701 0.3334597875569044 0.16247139588100687 0.1236722306525038
4 0.4376430205949657 0.334597875569044 0.11327231121281464 0.11229135053110774
4 0.3197940503432494 0.3535660091047041 0.12242562929061784 0.11684370257966617
4 0.21796338672768878 0.40250379362670713 0.11556064073226545 0.10242792109256449
4 0.7259725400457666 0.4757207890743551 0.13386727688787187 0.10015174506828528
3 0.2528604118993135 0.48520485584218515 0.10983981693363845 0.1236722306525038
3 0.3266590389016018 0.44916540212443096 0.10183066361556065 0.12139605462822459
3 0.4307780320366133 0.4279210925644917 0.12013729977116705 0.13505311077389986
3 0.5486270022883295 0.4317147192716237 0.12242562929061784 0.1471927162367223
2 0.5886727688787186 0.6035660091047041 0.19336384439359267 0.11456752655538695
1 0.32837528604118993 0.7757966616084977 0.16933638443935928 0.1676783004552352
0 0.4794050343249428 0.7606221547799696 0.23569794050343248 0.20106221547799696
