0 0.520343137254902 0.7297665369649806 0.14558823529411766 0.1793774319066148
1 0.6392156862745098 0.7143968871595331 0.10980392156862745 0.15797665369649808
2 0.40465686274509804 0.5811284046692607 0.12794117647058822 0.11322957198443581
4 0.3122549019607843 0.4704280155642024 0.10392156862745097 0.08482490272373541
4 0.44901960784313727 0.33579766536964983 0.09803921568627451 0.09883268482490273
4 0.5426470588235294 0.34533073929961094 0.08333333333333333 0.09922178988326849
4 0.6259803921568627 0.37120622568093387 0.07745098039215687 0.10350194552529184
4 0.7075980392156863 0.4231517509727627 0.0857843137254902 0.08988326848249027
3 0.45269607843137255 0.42548638132295724 0.08284313725490196 0.13891050583657588
3 0.5411764705882353 0.4359922178988327 0.08627450980392157 0.12957198443579768
3 0.6139705882352942 0.45272373540856037 0.0769607843137255 0.11556420233463036
3 0.6747549019607844 0.4881322957198444 0.06813725490196078 0.11556420233463036
5 0.7519607843137255 0.375875486381323 0.09215686274509804 0.07081712062256809
5 0.6465686274509804 0.29105058365758757 0.07156862745098039 0.07548638132295721
5 0.5441176470588235 0.2509727626459144 0.08627450980392157 0.08482490272373541
5 0.42377450980392156 0.25214007782101167 0.11911764705882352 0.07315175097276265
6 0.23970588235294119 0.3760700389105059 0.12450980392156863 0.12256809338521402
6 0.39558823529411763 0.1566147859922179 0.10392156862745097 0.09922178988326849
6 0.5602941176470588 0.1472762645914397 0.10098039215686275 0.09455252918287939
6 0.6583333333333333 0.18735408560311284 0.09509803921568627 0.09922178988326849
6 0.792156862745098 0.30525291828793777 0.10098039215686275 0.08988326848249027
