6 0.6831255992329818 0.14158576051779936 0.1236816874400767 0.11003236245954694
6 0.5105465004793863 0.08818770226537218 0.11025886864813039 0.13430420711974111
6 0.36720997123681687 0.13592233009708737 0.11697027804410354 0.1423948220064725
6 0.23106423777564716 0.27872168284789645 0.1112176414189837 0.10436893203883496
6 0.9036433365292426 0.46116504854368934 0.16203259827420902 0.1504854368932039
5 0.6629913710450623 0.24474110032362462 0.1236816874400767 0.08495145631067962
5 0.5153403643336529 0.2168284789644013 0.13326941514860977 0.09546925566343042
5 0.3969319271332694 0.27184466019417475 0.10354745925215723 0.10194174757281554
5 0.2732502396931927 0.36529126213592233 0.09779482262703738 0.08495145631067962
4 0.3418024928092042 0.4364886731391586 0.10450623202301054 0.1011326860841424
4 0.42953020134228187 0.3843042071197411 0.10354745925215723 0.11812297734627833
4 0.5206136145733461 0.3620550161812298 0.09779482262703738 0.11245954692556635
4 0.6519654841802492 0.37216828478964403 0.14573346116970276 0.1262135922330097
4 0.8274209012464045 0.566747572815534 0.12655800575263662 0.1092233009708738
3 0.37248322147651003 0.5129449838187703 0.087248322147651 0.1504854368932039
3 0.44870565675934804 0.49150485436893204 0.08437200383509108 0.15614886731391586
3 0.5134228187919463 0.46480582524271846 0.09108341323106424 0.1755663430420712
3 0.6193672099712367 0.4639967637540453 0.09395973154362415 0.15614886731391586
2 0.6874400767018216 0.6792071197411004 0.1725790987535954 0.1156957928802589
1 0.44582933844678807 0.8491100323624596 0.13039309683604985 0.17071197411003236
0 0.5642377756471716 0.851537216828479 0.17929050814956854 0.21925566343042072
