0 0.5555555555555556 0.8256 0.176017601760176 0.216
1 0.4328932893289329 0.8464 0.15071507150715072 0.18080000000000002
2 0.6859185918591859 0.6596000000000001 0.22332233223322331 0.1512
3 0.6287128712871287 0.4832 0.1265126512651265 0.184
3 0.5148514851485149 0.4728 0.1188118811881188 0.1456
3 0.4251925192519252 0.4924 0.1023102310231023 0.13040000000000002
3 0.3580858085808581 0.5396000000000001 0.1309130913091309 0.1416
4 0.8124312431243124 0.5364 0.1595159515951595 0.10640000000000001
4 0.6309130913091309 0.36920000000000003 0.1221122112211221 0.1208
4 0.5088008800880087 0.37360000000000004 0.1133113311331133 0.12480000000000001
4 0.40484048404840484 0.4048 0.11001100110011 0.1328
4 0.30308030803080305 0.4596 0.09350935093509351 0.10640000000000001
6 0.8998899889988998 0.43160000000000004 0.154015401540154 0.1512
6 0.6573157315731573 0.162 0.1265126512651265 0.1096
6 0.4554455445544554 0.1188 0.1386138613861386 0.124
6 0.30748074807480746 0.1676 0.1265126512651265 0.1272
6 0.14411441144114412 0.3028 0.1188118811881188 0.10640000000000001
5 0.21947194719471946 0.3916 0.0891089108910891 0.0888
5 0.33938393839383935 0.2908 0.1265126512651265 0.0776
5 0.4763476347634763 0.2508 0.1298129812981298 0.08560000000000001
5 0.6474147414741473 0.2644 0.1551155115511551 0.0888
