1 0.40198123044838374 0.8291293734743694 0.13451511991657977 0.15459723352318958
0 0.5234619395203337 0.8205858421480878 0.19395203336809178 0.20423108218063465
2 0.6522419186652764 0.6318144833197722 0.1699687174139729 0.15215622457282343
3 0.5964546402502607 0.48779495524816924 0.11678832116788321 0.15703824247355574
3 0.4880083420229406 0.47477624084621645 0.10218978102189781 0.14564686737184704
3 0.40667361835245047 0.5065093572009763 0.08133472367049009 0.13262815296989422
3 0.3310740354535975 0.5284784377542717 0.08446298227320126 0.12123677786818551
4 0.7518248175182481 0.49959316517493896 0.12721584984358708 0.09601301871440195
4 0.5995828988529719 0.37957689178193654 0.10636079249217936 0.10984540276647681
4 0.4880083420229406 0.37672904800650936 0.10218978102189781 0.11554109031733116
4 0.38738269030239836 0.4003254678600488 0.10531803962460896 0.11879576891781936
4 0.2794577685088634 0.45280716029292106 0.10218978102189781 0.1017087062652563
6 0.8169968717413973 0.40439381611065905 0.16579770594369134 0.13832384052074856
6 0.6329509906152242 0.13954434499593166 0.11678832116788321 0.12123677786818551
6 0.48279457768508866 0.10903173311635475 0.11261730969760167 0.11065907241659886
6 0.3164754953076121 0.1598860862489829 0.11991657977059438 0.113100081366965
6 0.14494264859228365 0.2884458909682669 0.10218978102189781 0.10984540276647681
5 0.22314911366006257 0.38486574450772987 0.11678832116788321 0.07160292921074043
5 0.3680917622523462 0.2827502034174125 0.12304483837330553 0.07729861676159479
5 0.49687174139728885 0.24288039056143204 0.09906152241918666 0.06916192026037428
5 0.6120959332638165 0.26525630593978844 0.13764337851929093 0.09113100081366965
