1 0.4137749737118822 0.7682038834951457 0.09779179810725552 0.14805825242718448
0 0.5199789695057834 0.7690129449838188 0.17981072555205047 0.18689320388349515
2 0.6813880126182965 0.5894012944983819 0.19558359621451105 0.11893203883495146
3 0.5909568874868559 0.41868932038834955 0.10935856992639327 0.1593851132686084
3 0.48895899053627756 0.42192556634304207 0.08832807570977917 0.15291262135922332
3 0.41640378548895896 0.44660194174757284 0.09674027339642481 0.13430420711974111
3 0.33648790746582546 0.47734627831715215 0.09253417455310199 0.10032362459546926
4 0.8117770767613038 0.502831715210356 0.14721345951629863 0.09142394822006474
4 0.6004206098843322 0.3098705501618123 0.1156677181913775 0.11650485436893204
4 0.4726603575184017 0.3179611650485437 0.11041009463722397 0.11812297734627833
4 0.3774973711882229 0.3636731391585761 0.10935856992639327 0.12378640776699029
4 0.28601472134595163 0.43446601941747576 0.10935856992639327 0.07766990291262137
6 0.9284963196635121 0.4352750809061489 0.18086225026288116 0.13430420711974111
6 0.6403785488958991 0.10720064724919094 0.1598317560462671 0.12055016181229775
6 0.4048370136698212 0.09223300970873786 0.1156677181913775 0.12297734627831716
6 0.2092534174553102 0.16666666666666669 0.12197686645636172 0.10679611650485438
6 0.09516298633017875 0.33980582524271846 0.12513144058885384 0.09385113268608415
5 0.2034700315457413 0.39441747572815533 0.12723449001051523 0.08495145631067962
5 0.29652996845425866 0.27346278317152106 0.12407991587802313 0.09385113268608415
5 0.4384858044164038 0.218042071197411 0.12407991587802313 0.08171521035598706
5 0.6293375394321766 0.21116504854368934 0.13354363827549948 0.10517799352750809
