5 0.7262500000000001 0.4492089925062448 0.14250000000000002 0.0974188176519567
5 0.620625 0.37885095753538717 0.11625 0.08492922564529559
5 0.47500000000000003 0.3913405495420483 0.135 0.07660283097418819
5 0.306875 0.440466278101582 0.12625 0.08492922564529559
6 0.34750000000000003 0.3480432972522898 0.115 0.11490424646128226
6 0.538125 0.26353039134054956 0.11875000000000001 0.1257285595337219
6 0.6687500000000001 0.25353871773522063 0.1275 0.14071606994171523
6 0.795625 0.34429641965029145 0.16625 0.12239800166527894
6 0.8150000000000001 0.5507910074937552 0.14250000000000002 0.13072439633638636
4 0.285625 0.533721898417985 0.13875 0.11323896752706078
4 0.40125 0.5029142381348876 0.13 0.12323064113238968
4 0.524375 0.5054121565362198 0.12375 0.12323064113238968
4 0.655 0.5391340549542049 0.1375 0.12073272273105745
4 0.714375 0.6636136552872607 0.15375 0.11157368859283931
3 0.28 0.6223980016652789 0.12 0.1357202331390508
3 0.380625 0.609075770191507 0.09625 0.14071606994171523
3 0.489375 0.5982514571190675 0.11125 0.13072439633638636
3 0.59875 0.6182348043297252 0.115 0.13072439633638636
2 0.58875 0.7785179017485429 0.2025 0.12822647793505412
1 0.23375 0.9104912572855953 0.15 0.16402997502081598
0 0.39375 0.9283930058284763 0.23750000000000002 0.12822647793505412
