0 0.5143008474576272 0.9215265866209262 0.19385593220338984 0.1569468267581475
1 0.3893008474576271 0.9073756432246998 0.13665254237288135 0.1509433962264151
2 0.6673728813559322 0.7315608919382505 0.21822033898305085 0.17152658662092624
3 0.590572033898305 0.5321612349914236 0.13665254237288135 0.18610634648370497
3 0.4846398305084746 0.5441680960548885 0.11122881355932203 0.16895368782161235
3 0.4067796610169492 0.5660377358490566 0.10805084745762712 0.15437392795883362
3 0.3188559322033898 0.6024871355060034 0.1038135593220339 0.1569468267581475
4 0.7823093220338984 0.5630360205831904 0.1684322033898305 0.1312178387650086
4 0.6117584745762712 0.4013722126929674 0.13665254237288135 0.1509433962264151
4 0.486228813559322 0.4159519725557461 0.1292372881355932 0.1509433962264151
4 0.381885593220339 0.46269296740994853 0.11546610169491525 0.13979416809605488
4 0.28125 0.5235849056603773 0.12182203389830508 0.12778730703259006
6 0.8522245762711864 0.4322469982847341 0.15783898305084745 0.17152658662092624
6 0.683792372881356 0.16852487135506003 0.19385593220338984 0.13807890222984562
6 0.4751059322033898 0.13250428816466553 0.13665254237288135 0.1483704974271012
6 0.2849576271186441 0.1981132075471698 0.1440677966101695 0.1457975986277873
6 0.1271186440677966 0.34777015437392794 0.1292372881355932 0.11921097770154374
5 0.20391949152542374 0.43782161234991424 0.11122881355932203 0.09005145797598628
5 0.319385593220339 0.330188679245283 0.1472457627118644 0.09605488850771869
5 0.4894067796610169 0.28816466552315606 0.1440677966101695 0.09262435677530018
5 0.6440677966101694 0.29802744425385935 0.1292372881355932 0.10205831903945112
