5 0.6534313725490196 0.314591439688716 0.10882352941176471 0.08365758754863814
5 0.5406862745098039 0.31186770428015564 0.10882352941176471 0.07198443579766538
5 0.4137254901960784 0.3608949416342413 0.13823529411764707 0.0953307392996109
5 0.31200980392156863 0.42996108949416345 0.10147058823529412 0.07782101167315175
6 0.2757352941176471 0.3334630350194553 0.1230392156862745 0.10350194552529184
6 0.38651960784313727 0.22684824902723738 0.12009803921568628 0.12684824902723738
6 0.5443627450980392 0.18210116731517512 0.10147058823529412 0.11206225680933853
6 0.6642156862745098 0.2151750972762646 0.10882352941176471 0.1151750972762646
6 0.8056372549019608 0.46011673151750976 0.15245098039215685 0.12101167315175099
4 0.6134803921568628 0.42140077821011673 0.1161764705882353 0.12373540856031129
4 0.7404411764705883 0.5568093385214008 0.10147058823529412 0.10116731517509728
4 0.517156862745098 0.43287937743190663 0.09117647058823529 0.0953307392996109
4 0.43186274509803924 0.46906614785992223 0.10196078431372549 0.12101167315175099
4 0.3448529411764706 0.517898832684825 0.10147058823529412 0.10350194552529184
3 0.3593137254901961 0.6029182879377433 0.10196078431372549 0.1529182879377432
3 0.4392156862745098 0.5568093385214008 0.08725490196078431 0.14085603112840467
3 0.5098039215686274 0.5437743190661479 0.11274509803921569 0.17315175097276267
3 0.6166666666666667 0.5330739299610895 0.10490196078431373 0.1642023346303502
2 0.6735294117647058 0.6980544747081713 0.17058823529411765 0.12373540856031129
1 0.4392156862745098 0.8739299610894943 0.13823529411764707 0.14708171206225681
0 0.5245098039215687 0.864591439688716 0.19607843137254902 0.20466926070038913
