0 0.5180722891566265 0.8524046434494196 0.1686746987951807 0.19402985074626866
1 0.395947426067908 0.8445273631840796 0.12157721796276012 0.17827529021558872
2 0.6976998904709748 0.6662520729684909 0.2322015334063527 0.15339966832504145
3 0.6237677984665936 0.4966832504145937 0.1171960569550931 0.16583747927031509
3 0.511500547645126 0.4859038142620232 0.1117196056955093 0.1558872305140962
3 0.4112814895947426 0.50787728026534 0.09748083242059145 0.14344941956882257
3 0.3253012048192771 0.5472636815920399 0.08762322015334063 0.16583747927031509
4 0.767250821467689 0.5298507462686567 0.10843373493975904 0.1044776119402985
4 0.628696604600219 0.39054726368159204 0.10733844468784227 0.11774461028192372
4 0.5060240963855421 0.3830845771144279 0.1117196056955093 0.13266998341625208
4 0.4079956188389923 0.4125207296849088 0.104052573932092 0.12023217247097845
4 0.31051478641840086 0.4519071310116086 0.09748083242059145 0.10779436152570482
6 0.8159912376779846 0.41625207296849087 0.1511500547645126 0.142620232172471
6 0.6254107338444688 0.1824212271973466 0.11391018619934282 0.0945273631840796
6 0.5125958378970427 0.13432835820895522 0.13800657174151149 0.10945273631840796
6 0.3828039430449069 0.17122719734660033 0.10843373493975904 0.12189054726368159
6 0.26506024096385544 0.28192371475953565 0.11391018619934282 0.10945273631840796
5 0.28203723986856516 0.37147595356550583 0.12157721796276012 0.07960199004975124
5 0.38116100766703176 0.2922885572139304 0.13143483023001096 0.08872305140961857
5 0.5098576122672508 0.26865671641791045 0.11500547645125958 0.08623548922056384
5 0.6341730558598029 0.28316749585406303 0.14457831325301204 0.09203980099502487
