5 0.662962962962963 0.3053132434575734 0.09841269841269842 0.08247422680412371
5 0.5 0.27716098334655037 0.11957671957671959 0.08009516256938938
5 0.3597883597883598 0.3049167327517843 0.09523809523809525 0.07375099127676447
5 0.21375661375661378 0.41118160190325137 0.10158730158730159 0.08485329103885805
6 0.13492063492063494 0.3600317208564631 0.10476190476190476 0.07137192704203013
6 0.32592592592592595 0.20340999206978588 0.10370370370370371 0.1070578905630452
6 0.4973544973544974 0.18675654242664552 0.11851851851851852 0.09595559080095163
6 0.6851851851851852 0.22720063441712926 0.10687830687830689 0.09595559080095163
6 0.8656084656084657 0.4773988897700238 0.16931216931216933 0.10943695479777954
4 0.3126984126984127 0.45796986518636 0.11322751322751323 0.08485329103885805
4 0.4 0.39888977002379067 0.11005291005291006 0.11419508326724821
4 0.5015873015873016 0.373116574147502 0.12275132275132276 0.11657414750198256
4 0.6148148148148148 0.3798572561459159 0.12275132275132276 0.1252973830293418
4 0.755026455026455 0.5340999206978588 0.12804232804232804 0.08485329103885805
3 0.34814814814814815 0.5095162569389373 0.10158730158730159 0.13402061855670103
3 0.42592592592592593 0.48493259318001586 0.07724867724867725 0.12133227597145123
3 0.5037037037037038 0.4742268041237113 0.09947089947089947 0.13005551149881048
3 0.5957671957671958 0.47501982553528943 0.10158730158730159 0.1316415543219667
2 0.6285714285714286 0.6304520222045995 0.1544973544973545 0.09833465503568596
1 0.398941798941799 0.7418715305313244 0.13121693121693123 0.16098334655035687
0 0.5137566137566137 0.7426645519429025 0.17671957671957672 0.16732751784298175
