1 0.4114713216957606 0.714859437751004 0.11803823773898588 0.15796519410977242
0 0.5320033250207814 0.7071619812583668 0.1596009975062344 0.16265060240963855
2 0.6541978387364921 0.5692771084337349 0.1745635910224439 0.11847389558232932
3 0.600166251039069 0.40160642570281124 0.1113881961762261 0.13386880856760375
3 0.49875311720698257 0.40327978580990625 0.10473815461346633 0.14926372155287818
3 0.4318370739817124 0.4139892904953146 0.0739817123857024 0.12248995983935743
3 0.3636741479634248 0.4394243641231593 0.0972568578553616 0.1251673360107095
4 0.7581047381546134 0.47423025435073624 0.11970074812967581 0.1037483266398929
4 0.6068162926018288 0.3055555555555555 0.10307564422277639 0.11579651941097724
4 0.49002493765586036 0.29183400267737614 0.10058187863674148 0.1285140562248996
4 0.40482128013300084 0.3249665327978581 0.10307564422277639 0.11981258366800535
4 0.33000831255195345 0.3791834002677376 0.08811305070656691 0.09705488621151272
6 0.843308395677473 0.392570281124498 0.12219451371571073 0.12382864792503347
6 0.6878636741479635 0.12248995983935743 0.11388196176226102 0.10174029451137885
6 0.45303408146300916 0.07028112449799197 0.09476309226932668 0.10174029451137885
6 0.3171238570241064 0.12416331994645247 0.11388196176226102 0.10508701472556894
6 0.19659185369908563 0.24531459170013387 0.11554447215295095 0.09973226238286478
5 0.2743142144638404 0.31994645247657294 0.10972568578553617 0.07764390896921017
5 0.3574397339983375 0.2248995983935743 0.10473815461346633 0.06961178045515394
5 0.46799667497921865 0.1823962516733601 0.1113881961762261 0.07965194109772422
5 0.6533665835411472 0.215194109772423 0.13466334164588528 0.09839357429718876
