5 0.6571078431372549 0.2721789883268483 0.1338235294117647 0.08521400778210117
5 0.4926470588235294 0.23813229571984437 0.10980392156862745 0.07548638132295721
5 0.3674019607843137 0.288715953307393 0.11323529411764706 0.07081712062256809
5 0.2647058823529412 0.36770428015564205 0.09215686274509804 0.07315175097276265
4 0.328921568627451 0.4525291828793775 0.08333333333333333 0.08715953307392997
4 0.4051470588235294 0.4089494163424125 0.08284313725490196 0.09416342412451363
4 0.4980392156862745 0.3840466926070039 0.0892156862745098 0.08249027237354087
4 0.6125 0.39143968871595336 0.09166666666666666 0.07782101167315175
4 0.7529411764705882 0.551750972762646 0.10098039215686275 0.07548638132295721
3 0.3495098039215686 0.5198443579766537 0.07156862745098039 0.10350194552529184
3 0.4134803921568627 0.4879377431906615 0.07990196078431372 0.1105058365758755
3 0.4906862745098039 0.4562256809338522 0.09803921568627451 0.11322957198443581
3 0.5931372549019608 0.4525291828793775 0.08333333333333333 0.09649805447470818
6 0.8575980392156862 0.4348249027237354 0.1661764705882353 0.1085603112840467
6 0.6882352941176471 0.16011673151750974 0.10098039215686275 0.10155642023346305
6 0.478921568627451 0.11186770428015565 0.09803921568627451 0.1085603112840467
6 0.34362745098039216 0.1566147859922179 0.11862745098039215 0.11322957198443581
6 0.23088235294117646 0.2756809338521401 0.10098039215686275 0.09688715953307393
2 0.654656862745098 0.669455252918288 0.17205882352941176 0.11789883268482491
1 0.35980392156862745 0.8087548638132296 0.10980392156862745 0.13657587548638134
0 0.4808823529411765 0.8214007782101168 0.1931372549019608 0.16731517509727628
