0 0.450625 0.9323342415985467 0.19625 0.12443233424159854
1 0.3125 0.9200726612170753 0.13 0.145322434150772
2 0.636875 0.7511353315168029 0.19375 0.1307901907356948
3 0.56625 0.5590372388737511 0.1075 0.1044504995458674
3 0.45437500000000003 0.5653950953678474 0.09125 0.1044504995458674
3 0.369375 0.6012715712988193 0.08625000000000001 0.10717529518619437
3 0.28125 0.6394187102633969 0.0975 0.10172570390554042
4 0.7368750000000001 0.6094459582198002 0.10875 0.08537693006357856
4 0.570625 0.4822888283378746 0.10625 0.08356039963669391
4 0.45625 0.48365122615803813 0.1 0.08991825613079019
4 0.35875 0.5163487738419619 0.1 0.1044504995458674
4 0.253125 0.5658492279745686 0.08875 0.09082652134423251
6 0.81375 0.494550408719346 0.12 0.12443233424159854
6 0.5962500000000001 0.24432334241598547 0.0975 0.09809264305177111
6 0.46187500000000004 0.21435059037238874 0.10125 0.10717529518619437
6 0.3425 0.257039055404178 0.10250000000000001 0.10717529518619437
6 0.176875 0.3873751135331517 0.12375 0.09900090826521343
5 0.209375 0.47456857402361485 0.11125 0.06811989100817438
5 0.338125 0.38646684831970934 0.11875000000000001 0.06630336058128973
5 0.465 0.3446866485013624 0.1 0.07175295186194368
5 0.59 0.35240690281562215 0.115 0.07447774750227067
