5 0.6785297549591598 0.2599818511796733 0.11785297549591597 0.08983666061705989
5 0.5023337222870478 0.21642468239564427 0.12718786464410733 0.08983666061705989
5 0.338389731621937 0.2717785843920145 0.1190198366394399 0.08439201451905626
5 0.1983663943990665 0.3852087114337568 0.13302217036172695 0.08257713248638839
6 0.11260210035005834 0.3026315789473684 0.11551925320886813 0.10617059891107078
6 0.2922987164527421 0.14337568058076225 0.12718786464410733 0.1306715063520871
6 0.4877479579929988 0.0852994555353902 0.12135355892648773 0.10344827586206896
6 0.6960326721120186 0.1365698729582577 0.12952158693115517 0.09891107078039928
6 0.8984830805134189 0.4392014519056261 0.15635939323220535 0.1306715063520871
4 0.2835472578763127 0.4587114337568058 0.10268378063010501 0.08257713248638839
4 0.3903150525087514 0.39473684210526316 0.11551925320886813 0.10526315789473684
4 0.5052508751458576 0.36932849364791287 0.10968494749124853 0.11070780399274047
4 0.6394399066511085 0.37068965517241376 0.11201866977829637 0.09891107078039928
4 0.8010501750291714 0.542649727767695 0.11551925320886813 0.09437386569872958
3 0.32672112018669774 0.5344827586206896 0.07701283547257876 0.13793103448275862
3 0.41365227537922983 0.49682395644283117 0.09218203033838972 0.14972776769509982
3 0.499416569428238 0.4568965517241379 0.09801633605600933 0.12431941923774954
3 0.6114352392065344 0.4591651542649728 0.10268378063010501 0.11978221415607986
2 0.6586931155192531 0.6901088929219601 0.1808634772462077 0.12613430127041741
1 0.3611435239206534 0.8416515426497277 0.14119019836639438 0.1569872958257713
0 0.4859976662777129 0.8470961887477314 0.18553092182030337 0.16243194192377494
