0 0.5779082177161153 0.9323338735818476 0.18463180362860193 0.14829821717990274
1 0.45037353255069373 0.9339546191247974 0.13020277481323372 0.1126418152350081
2 0.7097118463180363 0.726904376012966 0.1985058697972252 0.15721231766612642
3 0.3612593383137674 0.6260129659643435 0.112059765208111 0.14019448946515398
3 0.4386339381003202 0.5875202593192869 0.09391675560298826 0.1458670988654781
3 0.5240128068303095 0.549837925445705 0.09818569903948773 0.14181523500810372
3 0.6382070437566703 0.539708265802269 0.1088580576307364 0.1539708265802269
4 0.8297758804695838 0.5749594813614263 0.144076840981857 0.10940032414910858
4 0.656350053361793 0.44894651539708263 0.1088580576307364 0.09238249594813613
4 0.5336179295624334 0.46272285251215556 0.11099252934898614 0.0972447325769854
4 0.435965848452508 0.4955429497568881 0.11419423692636073 0.08833063209076175
4 0.3415154749199573 0.5437601296596434 0.09391675560298826 0.0940032414910859
6 0.8847385272145145 0.42423014586709884 0.14941302027748132 0.17098865478119935
6 0.6728922091782285 0.17544570502431117 0.1312700106723586 0.11912479740680712
6 0.5128068303094985 0.14910858995137763 0.1184631803628602 0.12641815235008103
6 0.3831376734258271 0.21434359805510533 0.13874066168623267 0.12560777957860617
6 0.24546424759871932 0.33022690437601293 0.11953041622198507 0.10777957860615883
5 0.2870864461045891 0.4343598055105348 0.1088580576307364 0.07941653160453808
5 0.4012806830309499 0.35291734197730956 0.11099252934898614 0.07374392220421394
5 0.5186766275346852 0.3026742301458671 0.11739594450373533 0.07536466774716369
5 0.6680896478121665 0.3148298217179903 0.1216648879402348 0.07698541329011345
