5 0.6164053075995175 0.28571428571428575 0.13510253317249699 0.08441558441558442
5 0.4620024125452352 0.2918019480519481 0.12545235223160434 0.07548701298701299
5 0.3154402895054282 0.3421266233766234 0.12424607961399275 0.08198051948051949
5 0.20747889022919178 0.43262987012987014 0.11580217129071169 0.07792207792207792
6 0.13208685162846803 0.3400974025974026 0.11218335343787696 0.09090909090909091
6 0.278648974668275 0.22321428571428573 0.12545235223160434 0.10227272727272728
6 0.44632086851628466 0.1647727272727273 0.13751507840772015 0.1168831168831169
6 0.6043425814234017 0.18181818181818182 0.1278648974668275 0.09902597402597403
6 0.8347406513872134 0.4058441558441559 0.1640530759951749 0.13311688311688313
4 0.6007237635705669 0.42045454545454547 0.14716525934861277 0.09090909090909091
4 0.4800965018094089 0.43262987012987014 0.12545235223160434 0.09415584415584416
4 0.37816646562123035 0.47564935064935066 0.1097708082026538 0.09902597402597403
4 0.2738238841978287 0.5251623376623377 0.11580217129071169 0.08603896103896104
4 0.7714113389626055 0.5300324675324676 0.12183353437876959 0.09090909090909091
3 0.3154402895054282 0.6116071428571429 0.11942098914354643 0.15665584415584416
3 0.390832328106152 0.5446428571428572 0.10373944511459589 0.10876623376623377
3 0.4806996381182147 0.5251623376623377 0.10735826296743063 0.1314935064935065
3 0.5934861278648974 0.5056818181818182 0.11821471652593485 0.14610389610389612
2 0.7020506634499396 0.6720779220779222 0.20747889022919178 0.14610389610389612
1 0.4041013268998793 0.8530844155844156 0.13027744270205066 0.12987012987012989
0 0.5404101326899879 0.869724025974026 0.2050663449939686 0.14366883116883117
