0 0.49183673469387756 0.8382352941176471 0.17714285714285716 0.19075630252100842
1 0.3779591836734694 0.7953781512605043 0.0946938775510204 0.1823529411764706
2 0.6416326530612245 0.6987394957983194 0.16653061224489796 0.13361344537815126
3 0.6224489795918368 0.4840336134453782 0.09387755102040816 0.17647058823529413
3 0.5269387755102041 0.45840336134453785 0.08571428571428572 0.1369747899159664
3 0.45346938775510204 0.47983193277310926 0.07265306122448979 0.13949579831932774
3 0.3840816326530612 0.5021008403361344 0.06612244897959184 0.13361344537815126
4 0.7579591836734694 0.5890756302521009 0.10204081632653061 0.11092436974789917
4 0.6346938775510205 0.3684873949579832 0.10204081632653061 0.13361344537815126
4 0.5334693877551021 0.3584033613445378 0.09387755102040816 0.12521008403361344
4 0.4448979591836735 0.38025210084033617 0.08326530612244898 0.11680672268907563
4 0.36244897959183675 0.4239495798319328 0.07183673469387755 0.10840336134453782
6 0.8477551020408164 0.4752100840336135 0.11836734693877551 0.1369747899159664
6 0.7163265306122449 0.1403361344537815 0.09387755102040816 0.12268907563025211
6 0.5751020408163265 0.08529411764705883 0.10530612244897959 0.12521008403361344
6 0.41183673469387755 0.1264705882352941 0.11673469387755102 0.13361344537815126
6 0.2889795918367347 0.22731092436974792 0.1110204081632653 0.11680672268907563
5 0.3289795918367347 0.33571428571428574 0.11591836734693878 0.08487394957983194
5 0.4273469387755102 0.25462184873949584 0.09714285714285714 0.08235294117647059
5 0.5485714285714286 0.2147058823529412 0.10775510204081633 0.08319327731092438
5 0.6816326530612246 0.2529411764705882 0.10285714285714286 0.08571428571428572
