5 0.5956125827814569 0.2556894243641232 0.09519867549668874 0.06827309236947791
5 0.45405629139072845 0.22824631860776437 0.10347682119205298 0.07228915662650602
5 0.34602649006622516 0.2610441767068273 0.08940397350993377 0.06157965194109772
5 0.24793046357615894 0.3463855421686747 0.09519867549668874 0.07295850066934403
6 0.20571192052980133 0.2677376171352075 0.1183774834437086 0.08835341365461848
6 0.3294701986754967 0.15796519410977242 0.10099337748344371 0.09103078982597054
6 0.4470198675496689 0.11144578313253012 0.11258278145695365 0.10642570281124497
6 0.6154801324503312 0.16599732262382863 0.09519867549668874 0.10174029451137885
6 0.8245033112582781 0.4323962516733601 0.13741721854304637 0.10441767068273092
4 0.30008278145695366 0.41666666666666663 0.0869205298013245 0.07697456492637215
4 0.38120860927152317 0.36780455153949126 0.0869205298013245 0.08366800535475234
4 0.47102649006622516 0.3463855421686747 0.09768211920529801 0.08634538152610441
4 0.5790562913907285 0.3540829986613119 0.10182119205298014 0.07898259705488621
4 0.7288907284768212 0.4902945113788487 0.11506622516556292 0.08366800535475234
3 0.3269867549668874 0.47657295850066933 0.0728476821192053 0.10575635876840696
3 0.3919701986754967 0.4427710843373494 0.06539735099337748 0.09973226238286478
3 0.4644039735099338 0.4263721552878179 0.07450331125827815 0.11646586345381525
3 0.5666390728476821 0.42101740294511375 0.07533112582781457 0.11512717536813923
2 0.6038907284768212 0.5739625167336011 0.125 0.10910307898259705
1 0.39528145695364236 0.7389558232931727 0.10182119205298014 0.12315930388219544
0 0.5012417218543046 0.7362784471218206 0.1498344370860927 0.16198125836680052
