0 0.513235294117647 0.8204309656823624 0.15196078431372548 0.1819632881085395
1 0.4068627450980392 0.8188347964884278 0.11568627450980393 0.1596169193934557
2 0.6544117647058824 0.6488427773343974 0.20490196078431372 0.14365522745411013
3 0.5975490196078431 0.47366320830007985 0.08333333333333333 0.13487629688747008
3 0.5088235294117647 0.47446129289704714 0.08823529411764705 0.13328012769353553
3 0.42745098039215684 0.49800478850758184 0.07450980392156863 0.13088587390263368
3 0.3558823529411765 0.5375099760574621 0.07450980392156863 0.13328012769353553
4 0.7700980392156863 0.5430965682362331 0.10294117647058823 0.08539505187549881
4 0.6098039215686274 0.3798882681564246 0.09607843137254901 0.10534716679968077
4 0.5088235294117647 0.38028731045490827 0.09411764705882353 0.09656823623304071
4 0.4151960784313725 0.41380686352753393 0.0892156862745098 0.09656823623304071
4 0.32009803921568625 0.46648044692737434 0.08529411764705883 0.08539505187549881
6 0.8774509803921569 0.44533120510774143 0.13529411764705881 0.12769353551476456
6 0.6651960784313725 0.1687948922585794 0.09705882352941177 0.11412609736632083
6 0.5240196078431373 0.12609736632083002 0.09117647058823529 0.10534716679968077
6 0.3627450980392157 0.17996807661612133 0.1 0.11412609736632083
6 0.20490196078431372 0.3140462889066241 0.08823529411764705 0.09018355945730248
5 0.26715686274509803 0.3902633679169992 0.09117647058823529 0.06225059856344773
5 0.3877450980392157 0.2913008778930567 0.10490196078431373 0.07661612130885874
5 0.5186274509803922 0.24860335195530728 0.10784313725490197 0.07581803671189147
5 0.65 0.276536312849162 0.10980392156862745 0.07901037509976058
