5 0.6647183846971306 0.29880774962742174 0.12433581296493092 0.07153502235469449
5 0.5085015940488842 0.28353204172876306 0.09670563230605737 0.07228017883755589
5 0.383634431455898 0.3260059612518629 0.09989373007438894 0.06929955290611028
5 0.244952178533475 0.415424739195231 0.07545164718384696 0.06035767511177347
6 0.1726886291179596 0.3550670640834575 0.1073326248671626 0.09016393442622951
6 0.35015940488841657 0.22317436661698956 0.1179596174282678 0.09463487332339791
6 0.5058448459086078 0.1732488822652757 0.1083953241232731 0.09612518628912071
6 0.6758767268862912 0.21199701937406856 0.09139213602550478 0.09016393442622951
6 0.8554729011689691 0.3956780923994039 0.1296493092454835 0.11475409836065574
4 0.32465462274176404 0.4713114754098361 0.10520722635494155 0.07377049180327869
4 0.41710945802337934 0.42213114754098363 0.09670563230605737 0.08122205663189269
4 0.5127523910733263 0.3960506706408346 0.09458023379383634 0.07377049180327869
4 0.6269925611052072 0.3949329359165425 0.0977683315621679 0.07898658718330849
4 0.7619553666312433 0.49552906110283157 0.10414452709883103 0.08643815201192251
3 0.3618490967056323 0.5201192250372578 0.08820403825717321 0.09985096870342772
3 0.42773645058448456 0.4903129657228018 0.07545164718384696 0.09985096870342772
3 0.5090329436769394 0.46758569299552905 0.08076514346439957 0.11549925484351714
3 0.6078639744952178 0.46497764530551416 0.08076514346439957 0.12071535022354694
2 0.6684378320935175 0.6017138599105812 0.14240170031880978 0.10208643815201192
1 0.42773645058448456 0.7608047690014903 0.1073326248671626 0.12071535022354694
0 0.5446333687566418 0.7663934426229508 0.15834218916046758 0.14381520119225039
