0 0.4888888888888889 0.7791878172588833 0.16140350877192983 0.1634517766497462
1 0.6157894736842106 0.8076142131979696 0.11345029239766082 0.15532994923857868
2 0.3713450292397661 0.6121827411167513 0.15789473684210525 0.11776649746192894
3 0.43333333333333335 0.4604060913705584 0.09473684210526316 0.15532994923857868
3 0.5274853801169591 0.4517766497461929 0.10292397660818714 0.15431472081218275
3 0.6029239766081872 0.4736040609137056 0.0736842105263158 0.12081218274111676
3 0.6771929824561403 0.49441624365482234 0.07953216374269007 0.10964467005076142
4 0.7011695906432749 0.41167512690355335 0.08771929824561403 0.09847715736040609
4 0.6146198830409357 0.3700507614213198 0.09473684210526316 0.10862944162436548
4 0.5187134502923977 0.33756345177664976 0.10175438596491228 0.09644670050761422
4 0.41578947368421054 0.35329949238578684 0.09005847953216374 0.08527918781725889
4 0.26374269005847956 0.5065989847715736 0.08304093567251462 0.07715736040609138
6 0.18421052631578946 0.4182741116751269 0.11111111111111112 0.10558375634517767
6 0.37660818713450295 0.13451776649746194 0.11929824561403508 0.10050761421319797
6 0.5239766081871345 0.09137055837563453 0.10526315789473685 0.11573604060913706
6 0.6619883040935672 0.14619289340101524 0.10994152046783626 0.09746192893401015
6 0.7701754385964913 0.25076142131979695 0.08070175438596491 0.08934010152284265
5 0.7461988304093568 0.33959390862944167 0.10292397660818714 0.0700507614213198
5 0.6333333333333333 0.2598984771573604 0.11812865497076024 0.07309644670050762
5 0.512280701754386 0.21370558375634519 0.10292397660818714 0.07208121827411168
5 0.3847953216374269 0.2451776649746193 0.10292397660818714 0.0700507614213198
