5 0.6554820415879017 0.19946091644204852 0.10680529300567108 0.07008086253369272
5 0.5231568998109641 0.1853099730458221 0.09357277882797732 0.06873315363881402
5 0.39839319470699436 0.22338274932614557 0.12003780718336485 0.07210242587601079
5 0.29584120982986767 0.28402964959568733 0.08506616257088848 0.0532345013477089
6 0.2570888468809074 0.21664420485175204 0.09829867674858224 0.08557951482479785
6 0.3785444234404537 0.12331536388140163 0.10113421550094519 0.09299191374663074
6 0.5089792060491494 0.08389487870619947 0.10113421550094519 0.08557951482479785
6 0.6710775047258979 0.11859838274932616 0.11153119092627599 0.08355795148247978
6 0.8563327032136107 0.3588274932614555 0.13043478260869565 0.0963611859838275
4 0.6261814744801513 0.2847035040431267 0.10113421550094519 0.08557951482479785
4 0.5155954631379962 0.28200808625336926 0.09357277882797732 0.08288409703504043
4 0.42344045368620037 0.3113207547169812 0.08506616257088848 0.07816711590296496
4 0.3383742911153119 0.3419811320754717 0.07939508506616258 0.07749326145552561
4 0.7854442344045369 0.4356469002695418 0.1172022684310019 0.07210242587601079
3 0.6153119092627599 0.35411051212938005 0.09640831758034027 0.09097035040431267
3 0.5165406427221172 0.35714285714285715 0.08034026465028356 0.09299191374663074
3 0.43809073724007563 0.38241239892183293 0.07655954631379962 0.09097035040431267
3 0.363421550094518 0.4117250673854448 0.07466918714555766 0.09703504043126684
2 0.6630434782608696 0.5232479784366577 0.16540642722117202 0.09097035040431267
1 0.43147448015122875 0.6731805929919138 0.11247637051039698 0.12129380053908356
0 0.5382797731568998 0.6600404312668464 0.14083175803402648 0.1570080862533693
