5 0.6516533637400228 0.27253218884120173 0.10148232611174458 0.06094420600858369
5 0.5114025085518814 0.2570815450643777 0.09236031927023945 0.06094420600858369
5 0.3905359179019384 0.3081545064377682 0.09236031927023945 0.06695278969957082
5 0.30273660205245156 0.38841201716738194 0.07867730900798175 0.05407725321888412
6 0.2668187001140251 0.33519313304721027 0.10946408209806158 0.07811158798283262
6 0.36316989737742306 0.22017167381974248 0.10604332953249715 0.08669527896995707
6 0.49714937286202965 0.1592274678111588 0.09806157354618017 0.09527896995708154
6 0.6619156214367161 0.18969957081545064 0.10376282782212087 0.09098712446351931
6 0.8620296465222349 0.4356223175965665 0.1322690992018244 0.11072961373390558
4 0.35917901938426455 0.4394849785407725 0.08665906499429875 0.08240343347639484
4 0.4304446978335234 0.4025751072961373 0.09236031927023945 0.07381974248927038
4 0.5290763968072976 0.37339055793991416 0.10490307867730901 0.06695278969957082
4 0.6316989737742303 0.3648068669527897 0.08893956670467504 0.07210300429184549
4 0.7867730900798175 0.5133047210300429 0.1071835803876853 0.08412017167381974
3 0.38597491448118587 0.49184549356223173 0.08095781071835804 0.08755364806866953
3 0.4469783352337514 0.4613733905579399 0.08893956670467504 0.08669527896995707
3 0.531927023945268 0.44248927038626606 0.09236031927023945 0.10214592274678111
3 0.6220068415051312 0.42446351931330467 0.09236031927023945 0.09527896995708154
2 0.6721778791334093 0.5931330472103004 0.17673888255416192 0.09785407725321887
1 0.4903078677309008 0.7145922746781116 0.11858608893956671 0.12446351931330471
0 0.572976054732041 0.7158798283261802 0.13568985176738882 0.1390557939914163
