0 0.5401098901098901 0.7368421052631579 0.16373626373626374 0.14369256474519632
1 0.43021978021978025 0.7664995822890559 0.11978021978021978 0.13951545530492898
2 0.6923076923076923 0.5885547201336675 0.2021978021978022 0.11445279866332497
3 0.6010989010989011 0.41478696741854637 0.09010989010989011 0.10944026733500417
3 0.5071428571428571 0.4252297410192147 0.1021978021978022 0.12197159565580618
3 0.4247252747252747 0.4398496240601504 0.08901098901098901 0.1010860484544695
3 0.35714285714285715 0.4799498746867168 0.0945054945054945 0.1111111111111111
4 0.7697802197802198 0.46950710108604843 0.13296703296703297 0.09690893901420217
4 0.6126373626373627 0.34001670843776105 0.1021978021978022 0.09189640768588136
4 0.4950549450549451 0.3387635756056808 0.0978021978021978 0.08939014202172096
4 0.40054945054945057 0.3642439431913116 0.0978021978021978 0.0935672514619883
4 0.31263736263736264 0.4214703425229741 0.1 0.07602339181286549
6 0.839010989010989 0.3713450292397661 0.13956043956043956 0.1111111111111111
6 0.6714285714285714 0.13408521303258145 0.09230769230769231 0.09941520467836257
6 0.43241758241758244 0.1048454469507101 0.1043956043956044 0.09941520467836257
6 0.29945054945054944 0.15162907268170425 0.1043956043956044 0.10275689223057644
6 0.1467032967032967 0.29156223893065997 0.1043956043956044 0.08688387635756056
5 0.22527472527472528 0.3583959899749373 0.07912087912087912 0.07017543859649122
5 0.34175824175824177 0.2623224728487886 0.11208791208791209 0.06850459482038429
5 0.46483516483516485 0.220969089390142 0.1076923076923077 0.06599832915622389
5 0.6423076923076924 0.23391812865497075 0.11538461538461539 0.07017543859649122
