5 0.6179302045728039 0.2813333333333333 0.09987966305655836 0.07377777777777778
5 0.437424789410349 0.23244444444444445 0.1095066185318893 0.07200000000000001
5 0.2851985559566787 0.27822222222222226 0.11793020457280386 0.07644444444444445
5 0.13477737665463296 0.36000000000000004 0.10348977135980747 0.06577777777777778
6 0.07340553549939832 0.2733333333333334 0.12515042117930206 0.10755555555555556
6 0.2641395908543923 0.14755555555555555 0.13116726835138387 0.11377777777777778
6 0.44705174488567995 0.09333333333333334 0.13357400722021662 0.112
6 0.6654632972322503 0.16933333333333334 0.12755716004813478 0.09511111111111112
6 0.8712394705174489 0.5062222222222222 0.18772563176895307 0.12000000000000001
4 0.5577617328519856 0.40311111111111114 0.1095066185318893 0.11111111111111112
4 0.4265944645006017 0.38533333333333336 0.1095066185318893 0.0968888888888889
4 0.3128760529482551 0.4146666666666667 0.08904933814681107 0.09333333333333334
4 0.2009626955475331 0.4444444444444445 0.10108303249097474 0.08711111111111111
4 0.7274368231046932 0.5893333333333334 0.14320096269554755 0.08888888888888889
3 0.23164861612515042 0.5093333333333333 0.09025270758122744 0.10133333333333334
3 0.3140794223826715 0.48888888888888893 0.08182912154031288 0.10133333333333334
3 0.4139590854392299 0.46355555555555555 0.10108303249097474 0.09511111111111112
3 0.5336943441636582 0.47644444444444445 0.09506618531889291 0.10133333333333334
2 0.5649819494584838 0.6902222222222223 0.21780986762936222 0.12000000000000001
1 0.27918170878459686 0.8631111111111112 0.12274368231046932 0.14222222222222222
0 0.4121540312876053 0.8497777777777779 0.18170878459687126 0.19022222222222224
