0 0.526908023483366 0.8550387596899225 0.16536203522504891 0.16124031007751938
1 0.40655577299412915 0.8453488372093023 0.10469667318982387 0.1449612403100775
2 0.659491193737769 0.6848837209302325 0.15264187866927592 0.14031007751937985
4 0.783757338551859 0.5643410852713178 0.14090019569471623 0.09612403100775194
4 0.6267123287671232 0.4178294573643411 0.1086105675146771 0.09922480620155039
4 0.5210371819960861 0.4263565891472868 0.09882583170254403 0.09302325581395349
4 0.4178082191780822 0.4511627906976744 0.09001956947162426 0.08527131782945736
4 0.3194716242661448 0.4992248062015504 0.10078277886497064 0.09612403100775194
3 0.35176125244618395 0.5744186046511628 0.0949119373776908 0.11627906976744186
3 0.4329745596868884 0.5213178294573644 0.08904109589041095 0.10465116279069767
3 0.5073385518590998 0.501937984496124 0.08512720156555773 0.12015503875968991
3 0.610078277886497 0.5058139534883721 0.09295499021526418 0.13565891472868216
6 0.8850293542074363 0.4821705426356589 0.13209393346379647 0.12093023255813953
6 0.6883561643835616 0.20271317829457364 0.10078277886497064 0.1062015503875969
6 0.5538160469667319 0.16085271317829458 0.11154598825831702 0.11395348837209301
6 0.3693737769080235 0.19573643410852712 0.1086105675146771 0.11550387596899225
6 0.1908023483365949 0.336046511627907 0.11154598825831702 0.10310077519379846
5 0.2529354207436399 0.42093023255813955 0.10273972602739725 0.06356589147286822
5 0.39285714285714285 0.32209302325581396 0.12426614481409001 0.07829457364341086
5 0.5435420743639922 0.2864341085271318 0.10665362035225048 0.08449612403100776
5 0.6619373776908023 0.3077519379844961 0.09686888454011741 0.08217054263565891
