5 0.5885072655217966 0.23312133072407043 0.0977542932628798 0.06311154598825831
5 0.48976221928665786 0.21037181996086105 0.11030383091149273 0.0684931506849315
5 0.40158520475561427 0.24217221135029354 0.10039630118890357 0.06360078277886497
5 0.2754293262879789 0.31629158512720157 0.0977542932628798 0.05626223091976516
6 0.2645310435931308 0.23385518590998042 0.09973579920739763 0.09784735812133072
6 0.4111624834874505 0.12426614481409001 0.0904887714663144 0.0958904109589041
6 0.5006605019815059 0.08977495107632094 0.10303830911492734 0.09246575342465753
6 0.5861955085865258 0.1379647749510763 0.09313077939233817 0.08708414872798434
6 0.7539630118890357 0.34173189823874756 0.12483487450462351 0.11399217221135029
4 0.3021796565389696 0.39970645792563597 0.09313077939233817 0.07827788649706457
4 0.3920079260237781 0.3544520547945205 0.0904887714663144 0.0885518590998043
4 0.4861294583883752 0.33635029354207435 0.0977542932628798 0.08561643835616438
4 0.5875165125495376 0.34001956947162426 0.09577278731836196 0.08512720156555773
4 0.6862615587846763 0.44202544031311153 0.10303830911492734 0.07974559686888454
3 0.31340819022457067 0.46966731898238745 0.08520475561426684 0.1086105675146771
3 0.3939894319682959 0.4398238747553816 0.0904887714663144 0.11056751467710371
3 0.48348745046235136 0.40777886497064575 0.08850726552179657 0.1012720156555773
3 0.5825627476882431 0.411692759295499 0.07529722589167767 0.10518590998043052
2 0.6281373844121533 0.5768101761252445 0.14398943196829592 0.11056751467710371
1 0.369550858652576 0.7546477495107632 0.11294583883751651 0.13943248532289626
0 0.488110964332893 0.7468199608610567 0.166446499339498 0.14823874755381605
