0 0.5782312925170068 0.754320987654321 0.17006802721088435 0.16296296296296295
1 0.4511054421768707 0.7595679012345679 0.10799319727891156 0.1388888888888889
2 0.7023809523809523 0.6049382716049383 0.17517006802721088 0.1111111111111111
3 0.3711734693877551 0.520679012345679 0.09098639455782312 0.11296296296296296
3 0.43920068027210885 0.48209876543209873 0.06887755102040816 0.10617283950617283
3 0.5293367346938775 0.44907407407407407 0.09098639455782312 0.11296296296296296
3 0.633078231292517 0.4552469135802469 0.08928571428571429 0.11790123456790123
4 0.8129251700680272 0.5015432098765432 0.1173469387755102 0.07839506172839505
4 0.6369047619047619 0.3672839506172839 0.10544217687074829 0.08888888888888889
4 0.5314625850340136 0.3753086419753086 0.09523809523809523 0.08024691358024691
4 0.43920068027210885 0.40401234567901234 0.0977891156462585 0.0882716049382716
4 0.3405612244897959 0.45185185185185184 0.07908163265306122 0.08395061728395062
6 0.9013605442176871 0.3978395061728395 0.13605442176870747 0.12160493827160494
6 0.6309523809523809 0.1580246913580247 0.09353741496598639 0.09382716049382715
6 0.5208333333333333 0.12839506172839507 0.10799319727891156 0.10123456790123457
6 0.3826530612244898 0.1743827160493827 0.10544217687074829 0.09938271604938272
6 0.2534013605442177 0.2787037037037037 0.08673469387755102 0.09567901234567901
5 0.29166666666666663 0.3709876543209876 0.11054421768707483 0.06419753086419754
5 0.39965986394557823 0.29074074074074074 0.10544217687074829 0.06790123456790123
5 0.5144557823129251 0.2518518518518518 0.10034013605442177 0.05555555555555555
5 0.6343537414965986 0.26141975308641974 0.10034013605442177 0.06728395061728396
