5 0.58298755186722 0.21923335574983188 0.08215767634854772 0.06455951580363148
5 0.43568464730290457 0.22259583053127102 0.0946058091286307 0.06455951580363148
5 0.31867219917012446 0.28917283120376597 0.07800829875518672 0.07128446536650974
5 0.24481327800829875 0.37592468056489575 0.07302904564315353 0.06455951580363148
6 0.17966804979253112 0.31540013449899124 0.08215767634854772 0.0699394754539341
6 0.24813278008298756 0.183591123066577 0.10954356846473029 0.08876933422999328
6 0.4024896265560166 0.1136516476126429 0.11618257261410789 0.09549428379287155
6 0.5946058091286307 0.12138533960995293 0.0921161825726141 0.08675184936112978
6 0.7912863070539419 0.32649630127774043 0.12863070539419086 0.12306657700067249
4 0.5705394190871369 0.32044384667114995 0.0937759336099585 0.0800268997982515
4 0.46929460580912863 0.3386012104909213 0.0987551867219917 0.07464694014794888
4 0.383402489626556 0.3792871553463349 0.08630705394190871 0.08876933422999328
4 0.3236514522821577 0.43712172158708806 0.07136929460580912 0.06455951580363148
4 0.7265560165975103 0.4169468728984533 0.11535269709543568 0.07666442501681238
3 0.5643153526970954 0.38971082716879624 0.07800829875518672 0.09885675857431069
3 0.4771784232365145 0.40719569603227973 0.07966804979253111 0.09347679892400806
3 0.4099585062240664 0.43913920645595156 0.07966804979253111 0.09549428379287155
3 0.35643153526970955 0.4831876260928043 0.07385892116182573 0.08540685944855414
2 0.6452282157676349 0.5376597175521184 0.12365145228215767 0.09347679892400806
1 0.45518672199170124 0.7010759919300605 0.0987551867219917 0.12306657700067249
0 0.5526970954356847 0.6919973100201748 0.13609958506224065 0.14660390047074648
