0 0.5080071174377224 0.804780876494024 0.16014234875444838 0.17689243027888446
1 0.40925266903914587 0.7912350597609562 0.09252669039145907 0.12749003984063745
2 0.6423487544483986 0.6438247011952192 0.16548042704626334 0.12111553784860558
3 0.5858540925266904 0.46374501992031875 0.09519572953736655 0.11952191235059761
3 0.48976868327402134 0.46454183266932275 0.08807829181494661 0.1258964143426295
3 0.41058718861209964 0.48167330677290837 0.07028469750889679 0.12350597609561753
3 0.3380782918149466 0.5187250996015936 0.08540925266903915 0.10836653386454184
4 0.7540035587188612 0.555776892430279 0.11476868327402134 0.09163346613545817
4 0.6063167259786476 0.38366533864541835 0.10765124555160142 0.10119521912350599
4 0.4919928825622776 0.37928286852589643 0.08718861209964412 0.09402390438247012
4 0.4043594306049822 0.4119521912350598 0.08807829181494661 0.100398406374502
4 0.29804270462633453 0.46374501992031875 0.10498220640569395 0.0653386454183267
6 0.838967971530249 0.4693227091633466 0.11565836298932383 0.11155378486055777
6 0.681049822064057 0.17848605577689244 0.11476868327402134 0.1147410358565737
6 0.46085409252669035 0.1350597609561753 0.10498220640569395 0.11235059760956176
6 0.3153914590747331 0.18167330677290838 0.12544483985765123 0.12111553784860558
6 0.16236654804270462 0.3422310756972112 0.0898576512455516 0.07410358565737052
5 0.2335409252669039 0.41872509960159365 0.08274021352313167 0.07410358565737052
5 0.351423487544484 0.30199203187250995 0.11743772241992882 0.08286852589641434
5 0.47820284697508897 0.2557768924302789 0.0898576512455516 0.07649402390438248
5 0.6525800711743772 0.2796812749003984 0.10231316725978647 0.08764940239043825
