5 0.605 0.3141891891891892 0.07615384615384616 0.06831831831831832
5 0.485 0.28265765765765766 0.09 0.07432432432432433
5 0.38461538461538464 0.3160660660660661 0.07230769230769231 0.07207207207207207
5 0.27692307692307694 0.4072822822822823 0.07230769230769231 0.06681681681681681
6 0.2542307692307692 0.31794294294294295 0.09153846153846154 0.08333333333333333
6 0.39153846153846156 0.20232732732732733 0.08153846153846153 0.11036036036036036
6 0.5034615384615385 0.17454954954954954 0.08384615384615385 0.10435435435435435
6 0.6134615384615385 0.21921921921921922 0.07769230769230769 0.08708708708708708
6 0.7303846153846154 0.45007507507507505 0.10538461538461538 0.10885885885885886
4 0.3176923076923077 0.4797297297297297 0.07384615384615384 0.08558558558558559
4 0.3953846153846154 0.4346846846846847 0.07076923076923076 0.09309309309309309
4 0.47923076923076924 0.41216216216216217 0.08615384615384615 0.09309309309309309
4 0.5696153846153846 0.4159159159159159 0.09153846153846154 0.08558558558558559
4 0.6546153846153846 0.5487987987987988 0.0876923076923077 0.08708708708708708
3 0.33615384615384614 0.5469219219219219 0.06769230769230769 0.11936936936936937
3 0.3984615384615385 0.5138888888888888 0.06 0.11036036036036036
3 0.47115384615384615 0.4924924924924925 0.07769230769230769 0.12162162162162161
3 0.553076923076923 0.49774774774774777 0.08153846153846153 0.11561561561561562
2 0.5853846153846154 0.6685435435435435 0.13076923076923078 0.10885885885885886
1 0.3769230769230769 0.8671171171171171 0.10307692307692308 0.14864864864864866
0 0.4723076923076923 0.8479729729729729 0.15538461538461537 0.19144144144144143
