0 0.534468438538206 0.6643145161290324 0.13372093023255816 0.15120967741935484
1 0.4489202657807309 0.6512096774193549 0.09053156146179402 0.114247311827957
2 0.6515780730897011 0.4996639784946237 0.14867109634551495 0.10147849462365592
3 0.5913621262458472 0.35618279569892475 0.08139534883720931 0.09677419354838711
3 0.5083056478405316 0.3629032258064516 0.07308970099667775 0.10618279569892473
3 0.4480897009966778 0.38508064516129037 0.06561461794019934 0.09543010752688173
3 0.3911960132890366 0.4206989247311828 0.06312292358803986 0.10618279569892473
4 0.7446013289036545 0.40759408602150543 0.09883720930232559 0.0799731182795699
4 0.5950996677740864 0.2893145161290323 0.0888704318936877 0.08400537634408603
4 0.5091362126245847 0.29200268817204306 0.07973421926910298 0.07190860215053764
4 0.4327242524916944 0.3235887096774194 0.08139534883720931 0.07190860215053764
4 0.36710963455149503 0.3649193548387097 0.07308970099667775 0.06989247311827958
6 0.8355481727574751 0.32997311827956993 0.1212624584717608 0.09677419354838711
6 0.6337209302325582 0.11391129032258066 0.08471760797342193 0.0907258064516129
6 0.4867109634551495 0.082997311827957 0.09302325581395349 0.0907258064516129
6 0.36669435215946844 0.13138440860215056 0.0888704318936877 0.10013440860215055
6 0.26868770764119604 0.23051075268817206 0.07724252491694353 0.08333333333333334
5 0.30606312292358806 0.300739247311828 0.06727574750830564 0.05443548387096775
5 0.3999169435215947 0.22681451612903228 0.08554817275747509 0.0625
5 0.5012458471760798 0.18783602150537637 0.09053156146179402 0.0625
5 0.6200166112956811 0.2056451612903226 0.09717607973421927 0.06720430107526883
