5 0.6423679060665362 0.2057020232985898 0.10665362035225048 0.0668301655426119
5 0.4794520547945205 0.19926425505824646 0.12720156555772993 0.06866952789699571
5 0.34637964774951074 0.24126302881667688 0.11545988258317025 0.07296137339055793
5 0.20988258317025438 0.32342121397915385 0.10665362035225048 0.05947271612507664
6 0.15753424657534246 0.243408951563458 0.11154598825831702 0.08583690987124463
6 0.32289628180039137 0.1339668914776211 0.1095890410958904 0.09135499693439607
6 0.4691780821917808 0.09227467811158797 0.10273972602739725 0.08522378908645002
6 0.6658512720156555 0.12078479460453709 0.13209393346379647 0.08583690987124463
6 0.8816046966731897 0.33323114653586755 0.16634050880626222 0.10239117106069895
4 0.6081213307240704 0.3077866339668915 0.11643835616438356 0.08828939301042305
4 0.49070450097847357 0.31974248927038623 0.10469667318982387 0.0815450643776824
4 0.38551859099804303 0.34917228694052727 0.11154598825831702 0.08522378908645002
4 0.2734833659491194 0.39975475168608215 0.11643835616438356 0.08706315144083383
4 0.7822896281800391 0.43102391171060694 0.12818003913894324 0.08706315144083383
3 0.6037181996086105 0.38412017167381973 0.11154598825831702 0.10116492949110974
3 0.4902152641878669 0.39239730226854685 0.11154598825831702 0.0956468424279583
3 0.3987279843444227 0.42029429797670137 0.11643835616438356 0.09748620478234211
3 0.31017612524461835 0.45892090741876146 0.10176125244618395 0.09135499693439607
2 0.6805283757338552 0.5508890251379521 0.149706457925636 0.09993868792152054
1 0.4055772994129158 0.7127529123237277 0.12035225048923678 0.108522378908645
0 0.5347358121330724 0.7225628448804414 0.2162426614481409 0.14653586756591047
