0 0.44245689655172415 0.839041095890411 0.18663793103448276 0.1643835616438356
1 0.3258620689655172 0.8263698630136986 0.12068965517241378 0.16643835616438357
2 0.6075431034482759 0.6847602739726028 0.18405172413793103 0.1256849315068493
4 0.7196120689655172 0.5751712328767123 0.12629310344827585 0.09349315068493151
4 0.6004310344827586 0.4301369863013699 0.10086206896551723 0.0958904109589041
4 0.47693965517241377 0.4301369863013699 0.08922413793103448 0.0821917808219178
4 0.3879310344827586 0.46678082191780823 0.09482758620689655 0.08698630136986302
4 0.2943965517241379 0.5056506849315069 0.10344827586206896 0.07773972602739726
3 0.32025862068965516 0.5648972602739726 0.08017241379310344 0.10034246575342466
3 0.38620689655172413 0.5318493150684932 0.08620689655172414 0.10753424657534247
3 0.4698275862068965 0.4988013698630137 0.10344827586206896 0.10034246575342466
3 0.5788793103448275 0.4976027397260274 0.09224137931034483 0.10753424657534247
6 0.8504310344827586 0.5125 0.16379310344827586 0.11883561643835616
6 0.6808189655172414 0.226027397260274 0.11767241379310345 0.10273972602739725
6 0.4810344827586207 0.16883561643835618 0.12068965517241378 0.10273972602739725
6 0.3418103448275862 0.21113013698630137 0.10086206896551723 0.11404109589041096
6 0.19525862068965516 0.34006849315068494 0.11206896551724138 0.10273972602739725
5 0.23405172413793104 0.42568493150684933 0.13189655172413792 0.0636986301369863
5 0.36616379310344827 0.3285958904109589 0.11508620689655172 0.07089041095890411
5 0.48125 0.29554794520547945 0.10905172413793103 0.0684931506849315
5 0.6364224137931035 0.32636986301369864 0.11508620689655172 0.08013698630136987
