5 0.5831611570247934 0.26495132127955495 0.12086776859504132 0.07649513212795549
5 0.38842975206611574 0.2680806675938804 0.11776859504132231 0.07023643949930458
5 0.27840909090909094 0.3174547983310153 0.10847107438016529 0.06606397774687064
5 0.17665289256198347 0.3998609179415855 0.11363636363636365 0.06815020862308761
6 0.11776859504132231 0.31954102920723226 0.1115702479338843 0.08831710709318498
6 0.24018595041322316 0.20201668984700974 0.12086776859504132 0.11335187760778859
6 0.36415289256198347 0.1547287899860918 0.13326446280991736 0.10917941585535465
6 0.5914256198347108 0.16342141863699583 0.13739669421487605 0.10013908205841446
6 0.8378099173553719 0.38143254520166897 0.14669421487603307 0.1286509040333797
4 0.24638429752066116 0.46314325452016686 0.12086776859504132 0.08344923504867871
4 0.3305785123966942 0.42107093184979133 0.1115702479338843 0.08970792767732962
4 0.4230371900826446 0.3911682892906815 0.0981404958677686 0.07719054242002782
4 0.5521694214876033 0.3748261474269819 0.13326446280991736 0.06815020862308761
4 0.734504132231405 0.48191933240611956 0.11363636363636365 0.08762169680111265
3 0.27789256198347106 0.5229485396383866 0.09504132231404959 0.10292072322670374
3 0.35588842975206614 0.49826147426981915 0.08574380165289257 0.10222531293463143
3 0.43440082644628103 0.47044506258692625 0.10227272727272728 0.12030598052851181
3 0.547004132231405 0.4502781641168289 0.10433884297520661 0.11752433936022252
2 0.6590909090909091 0.6116133518776078 0.19008264462809918 0.11613351877607787
1 0.4013429752066116 0.7958970792767732 0.12706611570247933 0.15229485396383866
0 0.5216942148760331 0.7851182197496522 0.1756198347107438 0.16689847009735742
