5 0.661430119176598 0.34440400363967244 0.08342361863488623 0.06642402183803459
5 0.5065005417118092 0.3130118289353958 0.07258938244853737 0.06733393994540492
5 0.3797399783315276 0.33848953594176523 0.08342361863488623 0.0618744313011829
5 0.2562296858071506 0.4353958143767061 0.07475622968580714 0.06096451319381256
5 0.21180931744312026 0.3689717925386715 0.09859154929577464 0.08462238398544131
5 0.36132177681473454 0.2456778889899909 0.09859154929577464 0.10009099181073704
5 0.5032502708559047 0.2170154686078253 0.10292524377031419 0.09736123748862603
5 0.6960996749729144 0.25523202911737947 0.1094257854821235 0.08462238398544131
5 0.837486457204767 0.502729754322111 0.12784398699891658 0.09372156505914468
4 0.6072589382448537 0.42948134667879895 0.10509209100758396 0.08735213830755233
4 0.495124593716143 0.42356687898089174 0.07583965330444203 0.08462238398544131
4 0.40411700975081255 0.44358507734303915 0.0866738894907909 0.08826205641492266
4 0.30769230769230765 0.49226569608735216 0.08450704225352113 0.07643312101910828
3 0.34398699891657636 0.5586897179253867 0.085590465872156 0.10373066424021839
3 0.4154929577464789 0.521383075523203 0.07692307692307691 0.10373066424021839
3 0.48483206933911155 0.5040946314831666 0.0704225352112676 0.10009099181073704
3 0.5720476706392199 0.5072793448589628 0.09100758396533044 0.11737943585077343
4 0.7437703141928493 0.5759781619654232 0.1180931744312026 0.08735213830755233
1 0.35048754062838566 0.8143767060964513 0.1094257854821235 0.12920837124658782
0 0.4680390032502708 0.8198362147406734 0.15817984832069337 0.13284804367606917
