0 0.48679867986798675 0.7688442211055276 0.1573157315731573 0.1390284757118928
1 0.3657865786578658 0.771356783919598 0.10891089108910891 0.12395309882747069
2 0.6276127612761275 0.644891122278057 0.1903190319031903 0.09380234505862647
4 0.7519251925192519 0.5556951423785594 0.1177117711771177 0.0829145728643216
4 0.6177117711771177 0.39489112227805695 0.10451045104510451 0.09631490787269682
4 0.5088008800880087 0.37814070351758794 0.1001100110011001 0.09463986599664992
4 0.42189218921892185 0.3990787269681742 0.09790979097909791 0.0812395309882747
4 0.33168316831683164 0.43844221105527637 0.09790979097909791 0.0812395309882747
3 0.36083608360836084 0.5012562814070352 0.077007700770077 0.11641541038525963
3 0.4235423542354235 0.4639865996649916 0.0814081408140814 0.09380234505862647
3 0.5055005500550055 0.45938023450586263 0.08250825082508251 0.10636515912897823
3 0.5979097909790979 0.4639865996649916 0.0781078107810781 0.10050251256281408
6 0.8608360836083608 0.48953098827470687 0.1595159515951595 0.11306532663316583
6 0.6672167216721672 0.21063651591289784 0.1067106710671067 0.09798994974874373
6 0.5159515951595159 0.15326633165829145 0.1034103410341034 0.10385259631490787
6 0.3811881188118812 0.18257956448911222 0.10891089108910891 0.09882747068676717
6 0.22607260726072606 0.2910385259631491 0.1177117711771177 0.08961474036850921
5 0.27997799779977994 0.3622278056951424 0.1001100110011001 0.052763819095477386
5 0.39548954895489546 0.288107202680067 0.1221122112211221 0.06700167504187604
5 0.5187018701870186 0.2600502512562814 0.10891089108910891 0.0678391959798995
5 0.6479647964796479 0.3056951423785595 0.1188118811881188 0.06700167504187604
