5 0.6236673773987207 0.2786745964316058 0.1279317697228145 0.09855564995751911
5 0.4989339019189765 0.25658453695836875 0.10874200426439232 0.08666100254885302
5 0.38113006396588484 0.3113848768054376 0.10127931769722814 0.09090909090909091
5 0.2281449893390192 0.3929481733220051 0.10874200426439232 0.08920985556499575
6 0.20202558635394455 0.2982158028887001 0.13752665245202558 0.11214953271028037
6 0.3582089552238806 0.17799490229396772 0.12153518123667377 0.1231945624468989
6 0.5085287846481876 0.12829226847918437 0.11513859275053305 0.1070518266779949
6 0.6401918976545842 0.1584536958368734 0.10767590618336886 0.11469838572642312
6 0.8006396588486141 0.4209855564995752 0.14072494669509594 0.13848768054375532
4 0.5906183368869936 0.40399320305862363 0.12153518123667377 0.10960067969413764
4 0.47921108742004265 0.4090909090909091 0.1140724946695096 0.0994052676295667
4 0.38326226012793174 0.4413763806287171 0.09488272921108742 0.09090909090909091
4 0.27878464818763327 0.48130841121495327 0.09488272921108742 0.08581138487680544
4 0.7398720682302772 0.5424808836023789 0.14498933901918976 0.10450297366185217
3 0.3150319829424307 0.570518266779949 0.10767590618336886 0.13338997451146983
3 0.3859275053304904 0.5208156329651656 0.09168443496801705 0.1070518266779949
3 0.4610874200426439 0.48640611724723876 0.09914712153518124 0.1231945624468989
3 0.57409381663113 0.4953271028037383 0.10127931769722814 0.14103653355989804
2 0.6481876332622601 0.6928632115548004 0.21748400852878463 0.1231945624468989
1 0.39712153518123666 0.8997451146983857 0.15458422174840086 0.15972812234494477
0 0.5287846481876333 0.8742565845369584 0.1833688699360341 0.1988105352591334
