0 0.5040376850605652 0.8491978609625669 0.17092866756393002 0.1411764705882353
1 0.37012113055181695 0.8572192513368985 0.13728129205921938 0.11229946524064172
2 0.6574697173620457 0.6882352941176471 0.17900403768506057 0.1144385026737968
3 0.3263795423956931 0.5401069518716578 0.08209959623149395 0.11550802139037433
3 0.41251682368775233 0.5229946524064171 0.0955585464333782 0.12834224598930483
3 0.5074024226110363 0.4978609625668449 0.09152086137281293 0.1144385026737968
3 0.6177658142664872 0.49625668449197863 0.10228802153432032 0.11978609625668449
4 0.8021534320323015 0.5812834224598931 0.12920592193808883 0.08877005347593583
4 0.6345895020188426 0.39786096256684494 0.10901749663526245 0.12192513368983958
4 0.5107671601615074 0.39572192513368987 0.1117092866756393 0.10695187165775401
4 0.41251682368775233 0.4294117647058824 0.09286675639300135 0.10802139037433155
4 0.2927321668909825 0.4641711229946524 0.10901749663526245 0.07914438502673797
6 0.8815612382234186 0.46684491978609627 0.180349932705249 0.1679144385026738
6 0.6776581426648721 0.18823529411764706 0.1009421265141319 0.11550802139037433
6 0.5195154777927322 0.1572192513368984 0.10767160161507403 0.10695187165775401
6 0.360699865410498 0.18877005347593584 0.10497981157469717 0.11229946524064172
6 0.1702557200538358 0.30802139037433157 0.1063257065948856 0.09411764705882353
5 0.2274562584118439 0.3925133689839572 0.11574697173620457 0.05561497326203209
5 0.38021534320323014 0.30160427807486634 0.09825033647375504 0.07058823529411765
5 0.5107671601615074 0.2679144385026738 0.1117092866756393 0.08021390374331551
5 0.6635262449528937 0.2914438502673797 0.10228802153432032 0.07593582887700535
