5 0.6553122465531225 0.2540666150271108 0.10056772100567721 0.09295120061967467
5 0.5129764801297648 0.22075910147172736 0.09975669099756691 0.07436096049573974
5 0.3933495539334956 0.2587141750580945 0.11030008110300081 0.08365608055770721
5 0.2984590429845904 0.3567002323780016 0.08434712084347121 0.06893880712625872
6 0.24006488240064883 0.2769171185127808 0.10705596107055962 0.10457010069713402
6 0.3609083536090835 0.1506584043377227 0.08921330089213302 0.09992254066615028
6 0.5008110300081103 0.09798605731990706 0.09002433090024331 0.10457010069713402
6 0.6763990267639903 0.14562354763749033 0.09245742092457421 0.1053446940356313
6 0.8698296836982968 0.4779240898528273 0.1549067315490673 0.10689388071262587
4 0.6175993511759935 0.3601859024012394 0.10462287104622871 0.1053446940356313
4 0.5194647201946472 0.35863671572424477 0.08191403081914031 0.09295120061967467
4 0.4318734793187348 0.38613477924089856 0.08191403081914031 0.08597986057319908
4 0.34833738848337387 0.43299767621998453 0.08515815085158152 0.07900852052672347
4 0.7627737226277372 0.5557707203718049 0.09489051094890512 0.09062742060418282
3 0.6009732360097324 0.4519752130131681 0.09732360097323602 0.14020139426800932
3 0.5145985401459854 0.4399690162664601 0.07218167072181671 0.12083656080557707
3 0.45093268450932683 0.4577846630518978 0.064882400648824 0.11463981409759877
3 0.3771289537712895 0.483733539891557 0.07299270072992702 0.09527498063516654
2 0.6305758313057583 0.6316808675445391 0.15977291159772913 0.10921766072811774
1 0.4010543390105434 0.7691711851278079 0.09002433090024331 0.15027110766847407
0 0.5036496350364964 0.7811773818745159 0.15247364152473641 0.1758326878388846
