5 0.6405484818805093 0.24583963691376703 0.0861900097943193 0.07261724659606657
5 0.5475024485798238 0.22957639939485627 0.09010773751224291 0.07488653555219364
5 0.4333986287952987 0.25983358547655067 0.089128305582762 0.08245083207261725
5 0.31341821743388837 0.338124054462935 0.0940254652301665 0.07110438729198185
6 0.2820763956904995 0.24583963691376703 0.10381978452497552 0.09531013615733737
6 0.44564152791381 0.13540090771558244 0.10381978452497552 0.10136157337367625
6 0.5675808031341822 0.10287443267776097 0.089128305582762 0.10136157337367625
6 0.6552399608227228 0.13010590015128592 0.0920666013712047 0.10136157337367625
6 0.8731635651322234 0.41074130105900153 0.14397649363369247 0.1361573373676248
4 0.639079333986288 0.3585476550680787 0.11459353574926542 0.09984871406959153
4 0.5288932419196866 0.36157337367624814 0.11165523996082273 0.10136157337367625
4 0.44613124387855047 0.3922087745839637 0.089128305582762 0.09455370650529502
4 0.346718903036239 0.4315431164901664 0.0940254652301665 0.08396369137670197
4 0.7835455435847208 0.512481089258699 0.11165523996082273 0.09455370650529502
3 0.366307541625857 0.504160363086233 0.0842311459353575 0.11119515885022693
3 0.4422135161606269 0.4686081694402421 0.0871694417238002 0.10514372163388805
3 0.5190989226248776 0.45272314674735253 0.0920666013712047 0.12632375189107414
3 0.6395690499510285 0.44402420574886536 0.10381978452497552 0.11649016641452345
2 0.6885406464250735 0.6372919818456884 0.178256611165524 0.11724659606656582
1 0.406464250734574 0.8211043872919819 0.12928501469147893 0.16717095310136157
0 0.5274240940254652 0.8071104387291982 0.1811949069539667 0.20121028744326777
