0 0.5061867266591676 0.8308766485647789 0.20247469066366705 0.18619084561675717
1 0.3678290213723285 0.8301008533747091 0.14848143982002251 0.18153607447633824
2 0.6822272215973004 0.6400310318076028 0.18560179977502814 0.11792086889061287
3 0.6197975253093364 0.46276183087664857 0.10123734533183353 0.11714507370054306
3 0.5033745781777278 0.45849495733126455 0.11136107986501688 0.1256788207913111
3 0.40944881889763785 0.4848719937936385 0.08323959505061868 0.11947245927075252
3 0.33239595050618675 0.5271528316524438 0.0798650168728909 0.12179984484096198
4 0.767716535433071 0.5 0.12035995500562431 0.08301008533747091
4 0.6377952755905513 0.3785880527540729 0.12373453318335209 0.10240496508921644
4 0.5123734533183353 0.37548487199379366 0.10911136107986502 0.09930178432893716
4 0.4032620922384702 0.4030256012412723 0.10911136107986502 0.0969743987587277
4 0.3166479190101238 0.44879751745539176 0.09786276715410575 0.08301008533747091
6 0.8374578177727785 0.3840186190845617 0.15410573678290215 0.12102404965089217
6 0.6732283464566929 0.16718386346004654 0.12710911136107989 0.10162916989914662
6 0.5264341957255344 0.11132660977501939 0.10348706411698538 0.10162916989914662
6 0.3869516310461193 0.1586501163692785 0.13273340832395952 0.1047323506594259
6 0.23115860517435322 0.278122575640031 0.10911136107986502 0.0969743987587277
5 0.2547806524184477 0.36113266097750196 0.11361079865016874 0.06904577191621412
5 0.3886389201349832 0.2765709852598914 0.11811023622047245 0.07525213343677269
5 0.5179977502812149 0.24398758727695888 0.10686164229471318 0.07525213343677269
5 0.6557930258717661 0.2699767261442979 0.13048368953880765 0.08223429014740108
