5 0.6372161895360315 0.33218654434250766 0.10760118460019742 0.08333333333333333
5 0.47778874629812434 0.3038990825688073 0.11451135241855873 0.08333333333333333
5 0.3455083909180651 0.34288990825688076 0.09871668311944717 0.07262996941896024
5 0.23198420533070088 0.42201834862385323 0.10069101678183612 0.0672782874617737
6 0.19200394866732476 0.3268348623853211 0.14511352418558734 0.1154434250764526
6 0.29516288252714706 0.21483180428134557 0.11648568608094767 0.12232415902140673
6 0.4580454096742349 0.18004587155963303 0.11253701875616978 0.11697247706422019
6 0.648568608094768 0.21674311926605505 0.11648568608094767 0.1154434250764526
6 0.8667324777887463 0.52217125382263 0.16386969397828233 0.12996941896024464
4 0.6066140177690029 0.44954128440366975 0.10562685093780848 0.09480122324159021
4 0.48914116485686077 0.44036697247706424 0.10167818361303059 0.09785932721712538
4 0.3795656465942744 0.45795107033639143 0.09180651530108588 0.09174311926605505
4 0.2882527147087858 0.49770642201834864 0.09476801579466929 0.0871559633027523
4 0.7586377097729515 0.6253822629969419 0.13326752221125368 0.08868501529051988
3 0.5913129318854886 0.529434250764526 0.11253701875616978 0.12614678899082568
3 0.4842053307008884 0.5194954128440367 0.07798617966436328 0.11697247706422019
3 0.3973346495557749 0.5321100917431193 0.08193484698914116 0.10703363914373089
3 0.3203356367226061 0.5676605504587156 0.08983218163869694 0.10015290519877676
2 0.6461006910167818 0.7171253822629969 0.17670286278381045 0.11009174311926606
1 0.38055281342546887 0.8669724770642202 0.11944718657453109 0.1452599388379205
0 0.5009871668311945 0.8574159021406728 0.17670286278381045 0.17660550458715596
