0 0.5211267605633803 0.7888030888030888 0.15384615384615383 0.13667953667953667
1 0.40845070422535207 0.8038610038610039 0.10184182015167931 0.11274131274131274
2 0.6543878656554712 0.6382239382239382 0.16034669555796316 0.10733590733590734
3 0.5801733477789816 0.4772200772200772 0.10075839653304441 0.11274131274131274
3 0.46749729144095337 0.4814671814671815 0.09859154929577464 0.10733590733590734
3 0.38678223185265437 0.5096525096525096 0.08234019501625135 0.09884169884169884
3 0.3114842903575298 0.5575289575289575 0.09642470205850487 0.11428571428571428
4 0.7843986998916576 0.5351351351351351 0.13434452871072589 0.09111969111969112
4 0.5985915492957746 0.39845559845559847 0.1180931744312026 0.10038610038610038
4 0.475622968580715 0.3996138996138996 0.11050920910075838 0.10424710424710425
4 0.3786565547128927 0.4366795366795367 0.09859154929577464 0.09961389961389962
4 0.2827735644637053 0.48532818532818534 0.08450704225352113 0.08571428571428572
6 0.8759479956663054 0.44247104247104246 0.13976164680390032 0.12046332046332046
6 0.6435536294691224 0.19034749034749035 0.12134344528710725 0.11042471042471043
6 0.49241603466955575 0.16756756756756758 0.10292524377031419 0.0972972972972973
6 0.33640303358613216 0.21969111969111968 0.11375947995666305 0.10733590733590734
6 0.1874322860238353 0.34633204633204634 0.13434452871072589 0.08108108108108109
5 0.23347778981581796 0.41312741312741313 0.1094257854821235 0.055598455598455596
5 0.33748645720476705 0.32972972972972975 0.11159263271939328 0.06486486486486487
5 0.4788732394366197 0.27876447876447874 0.10184182015167931 0.0694980694980695
5 0.633261105092091 0.29073359073359073 0.10509209100758396 0.077992277992278
