5 0.6595159515951595 0.24473889321901793 0.11551155115511551 0.07950116913484022
5 0.5126512651265126 0.2279812938425565 0.1254125412541254 0.08339828526890102
5 0.36468646864686466 0.2805923616523772 0.1221122112211221 0.08885424785658613
5 0.2343234323432343 0.3671083398285269 0.1254125412541254 0.07950116913484022
6 0.20902090209020902 0.27942322681215903 0.10121012101210121 0.09119251753702261
6 0.35313531353135313 0.1504286827747467 0.15181518151815182 0.12003117692907249
6 0.5308030803080308 0.11184723304754482 0.1221122112211221 0.10522213561964147
6 0.6798679867986799 0.13951675759937646 0.0946094609460946 0.09820732657833203
6 0.8085808580858085 0.3597038191738114 0.14301430143014301 0.11769290724863601
4 0.616061606160616 0.37022603273577553 0.1254125412541254 0.11067809820732658
4 0.4856985698569857 0.3745128604832424 0.1221122112211221 0.11301636788776306
4 0.3718371837183718 0.4138737334372564 0.121012101210121 0.10132501948558068
4 0.26677667766776675 0.45713172252533124 0.1221122112211221 0.09586905689789556
4 0.7623762376237624 0.4793452844894778 0.132013201320132 0.09664848012470771
3 0.6072607260726073 0.45946999220576773 0.1254125412541254 0.1348402182385035
3 0.48349834983498347 0.4621979734996103 0.10891089108910891 0.1293842556508184
3 0.38173817381738173 0.48713951675759937 0.1078107810781078 0.1122369446609509
3 0.2887788778877888 0.5218238503507404 0.09790979097909791 0.10054559625876851
2 0.6666666666666666 0.6344505066250974 0.1936193619361936 0.13717848791894
1 0.39163916391639164 0.8371005455962588 0.176017601760176 0.16991426344505067
0 0.5308030803080308 0.8285268901013251 0.21012101210121012 0.18238503507404522
