5 0.63623046875 0.26694277108433734 0.1083984375 0.07454819277108433
5 0.48046875 0.25263554216867473 0.11328125 0.08358433734939759
5 0.34716796875 0.30158132530120485 0.0986328125 0.07454819277108433
5 0.22705078125 0.3878012048192771 0.1005859375 0.06475903614457831
6 0.1796875 0.2925451807228916 0.130859375 0.09563253012048194
6 0.3271484375 0.1746987951807229 0.103515625 0.11445783132530121
6 0.47412109375 0.12274096385542169 0.1064453125 0.12198795180722892
6 0.6572265625 0.16378012048192772 0.12109375 0.09713855421686747
6 0.85498046875 0.4175451807228916 0.1650390625 0.11671686746987953
4 0.60498046875 0.3881777108433735 0.1162109375 0.09864457831325302
4 0.47802734375 0.3919427710843374 0.1181640625 0.09563253012048194
4 0.37890625 0.4254518072289157 0.103515625 0.10090361445783133
4 0.28759765625 0.47778614457831325 0.1044921875 0.09111445783132531
4 0.75830078125 0.5350150602409639 0.1259765625 0.08960843373493976
3 0.3134765625 0.5606174698795181 0.095703125 0.13478915662650603
3 0.3876953125 0.5135542168674699 0.0859375 0.11445783132530121
3 0.47412109375 0.480421686746988 0.0908203125 0.12349397590361447
3 0.59033203125 0.47665662650602414 0.1005859375 0.11596385542168676
2 0.65576171875 0.6758283132530121 0.1435546875 0.10617469879518072
1 0.37548828125 0.8475150602409639 0.1162109375 0.1408132530120482
0 0.4951171875 0.8588102409638555 0.193359375 0.16792168674698796
