0 0.5510616784630941 0.8599545798637396 0.17391304347826086 0.17562452687358063
1 0.41658240647118305 0.8716881150643452 0.1172901921132457 0.14155942467827404
2 0.6870576339737109 0.6930355791067373 0.1526794742163802 0.12490537471612415
3 0.6223458038422649 0.5124905374716124 0.10819009100101112 0.11960635881907646
3 0.51314459049545 0.5124905374716124 0.09605662285136501 0.11960635881907646
3 0.43124368048533873 0.5333080999242997 0.09605662285136501 0.11430734292202877
3 0.35490394337714865 0.5673732021196064 0.09908998988877654 0.13096139288417866
4 0.7977755308392316 0.5609386828160484 0.11526794742163803 0.09689629068887207
4 0.628412537917088 0.42202876608629825 0.10616784630940344 0.10068130204390613
4 0.5075834175935289 0.41937925813777444 0.1172901921132457 0.0984102952308857
4 0.4196157735085946 0.4492808478425435 0.10111223458038424 0.11582134746404239
4 0.32153690596562184 0.49167297501892504 0.10313447927199192 0.0991672975018925
6 0.8811931243680485 0.45268735806207416 0.1263902932254803 0.13020439061317185
6 0.6683518705763397 0.19947009841029523 0.11122345803842265 0.10219530658591976
6 0.4989888776541962 0.15972747918243754 0.11021233569261882 0.1105223315669947
6 0.33822042467138524 0.2032551097653293 0.11830131445904955 0.11279333838001514
6 0.16885743174924167 0.32361847085541257 0.10313447927199192 0.10068130204390613
5 0.24418604651162792 0.40348221044663135 0.12234580384226491 0.06661619984859954
5 0.3660262891809909 0.32626797880393643 0.11324570273003035 0.07721423164269493
5 0.5085945399393327 0.27592732778198337 0.11526794742163803 0.08251324753974262
5 0.6612740141557129 0.3096139288417865 0.12942366026289182 0.0757002271006813
