5 0.6956726246472249 0.3309228650137741 0.11947318908748825 0.08471074380165289
5 0.5479774223894638 0.2727272727272727 0.1251175917215428 0.07851239669421488
5 0.36688617121354655 0.2809917355371901 0.13922859830667922 0.09090909090909091
5 0.21683913452492945 0.3381542699724518 0.1213546566321731 0.06198347107438017
6 0.22812793979303858 0.24173553719008264 0.11006585136406398 0.09779614325068871
6 0.3885230479774224 0.1518595041322314 0.11853245531514582 0.11225895316804407
6 0.5973659454374413 0.14738292011019283 0.12982126058325494 0.12121212121212122
6 0.7723424270931327 0.2334710743801653 0.17309501411100658 0.10606060606060606
6 0.8579492003762935 0.5003443526170799 0.17121354656632173 0.12741046831955924
4 0.6175917215428034 0.43147382920110194 0.13640639698965193 0.11225895316804407
4 0.4760112888052681 0.4018595041322314 0.12417685794920039 0.10399449035812672
4 0.3603010348071496 0.41115702479338845 0.10724365004703669 0.09779614325068871
4 0.2398871119473189 0.4390495867768595 0.1279397930385701 0.08884297520661158
4 0.720131702728128 0.5950413223140496 0.1533396048918156 0.09779614325068871
3 0.5710253998118533 0.5034435261707989 0.10159924741298212 0.12534435261707988
3 0.4553151458137347 0.4793388429752066 0.09595484477892757 0.11019283746556474
3 0.3570084666039511 0.4927685950413223 0.08936970837253058 0.10812672176308541
3 0.25446848541862654 0.5089531680440772 0.11006585136406398 0.11019283746556474
2 0.5597365945437441 0.7038567493112948 0.19379115710254 0.11019283746556474
1 0.2121354656632173 0.803374655647383 0.13076199435559738 0.14393939393939395
0 0.33537158984007526 0.8409090909090909 0.2116650987770461 0.1652892561983471
