5 0.6282608695652174 0.3106955380577428 0.08115942028985507 0.07939632545931759
5 0.5239130434782608 0.29363517060367456 0.09420289855072464 0.08070866141732283
5 0.4007246376811594 0.3293963254593176 0.08115942028985507 0.07611548556430446
5 0.28043478260869564 0.3940288713910761 0.08115942028985507 0.07020997375328084
6 0.2322463768115942 0.30577427821522307 0.09057971014492754 0.08661417322834646
6 0.391304347826087 0.2103018372703412 0.09565217391304348 0.10695538057742782
6 0.5344202898550725 0.17519685039370078 0.09927536231884058 0.09711286089238845
6 0.6612318840579711 0.20045931758530183 0.0963768115942029 0.10826771653543307
6 0.8195652173913044 0.4786745406824147 0.1536231884057971 0.11876640419947507
4 0.5996376811594203 0.41633858267716534 0.09782608695652174 0.10039370078740158
4 0.49818840579710144 0.410761154855643 0.07753623188405798 0.08398950131233596
4 0.4192028985507246 0.4389763779527559 0.08043478260869566 0.0826771653543307
4 0.3373188405797101 0.4704724409448819 0.0891304347826087 0.08398950131233596
4 0.7318840579710145 0.5688976377952756 0.1246376811594203 0.09580052493438321
3 0.5818840579710145 0.4940944881889764 0.0927536231884058 0.12860892388451445
3 0.49746376811594206 0.49015748031496065 0.08623188405797101 0.1115485564304462
3 0.42536231884057973 0.5055774278215223 0.06231884057971015 0.09645669291338582
3 0.358695652173913 0.5308398950131233 0.08115942028985507 0.1010498687664042
2 0.5996376811594203 0.6686351706036745 0.11231884057971014 0.10367454068241469
1 0.3713768115942029 0.8077427821522309 0.07898550724637682 0.1325459317585302
0 0.47246376811594204 0.8113517060367454 0.16666666666666666 0.13451443569553806
