0 0.5177304964539007 0.809322033898305 0.14657210401891252 0.1652542372881356
1 0.4213947990543735 0.8442796610169492 0.1193853427895981 0.1673728813559322
2 0.6252955082742316 0.6673728813559322 0.14893617021276595 0.1038135593220339
3 0.5626477541371159 0.4698093220338983 0.09929078014184398 0.11758474576271187
3 0.4645390070921986 0.4798728813559322 0.07801418439716312 0.125
3 0.3900709219858156 0.5095338983050848 0.06382978723404255 0.11440677966101695
3 0.3398345153664303 0.5466101694915254 0.10283687943262411 0.11652542372881355
4 0.7565011820330969 0.5789194915254238 0.10874704491725767 0.09004237288135593
4 0.5756501182033097 0.3871822033898305 0.09219858156028368 0.09427966101694915
4 0.4639479905437352 0.3871822033898305 0.07919621749408984 0.09427966101694915
4 0.367612293144208 0.4258474576271186 0.08037825059101655 0.1016949152542373
4 0.27423167848699764 0.4894067796610169 0.10401891252955082 0.06567796610169492
6 0.8605200945626478 0.5021186440677966 0.14893617021276595 0.1016949152542373
6 0.6430260047281324 0.18908898305084745 0.09456264775413711 0.10699152542372882
6 0.44976359338061467 0.13771186440677965 0.09101654846335697 0.1059322033898305
6 0.27364066193853426 0.20815677966101695 0.09574468085106383 0.10699152542372882
6 0.11465721040189125 0.3776483050847458 0.11583924349881797 0.07521186440677965
5 0.20567375886524822 0.4438559322033898 0.08983451536643025 0.06567796610169492
5 0.3173758865248227 0.3167372881355932 0.09810874704491726 0.07203389830508475
5 0.46158392434988177 0.2685381355932203 0.10756501182033097 0.07097457627118645
5 0.6158392434988179 0.2865466101694915 0.08983451536643025 0.07944915254237288
