5 0.6578498293515358 0.23179271708683474 0.08873720136518772 0.06302521008403361
5 0.5209044368600683 0.19957983193277312 0.08447098976109216 0.07282913165266107
5 0.40102389078498296 0.24474789915966386 0.11262798634812286 0.07352941176470588
5 0.2785836177474403 0.32177871148459386 0.07935153583617748 0.05672268907563025
6 0.23506825938566553 0.24754901960784315 0.08447098976109216 0.09453781512605042
6 0.37841296928327645 0.13550420168067226 0.09129692832764505 0.09873949579831932
6 0.5405290102389079 0.0976890756302521 0.07935153583617748 0.09033613445378151
6 0.6868600682593857 0.14285714285714285 0.09385665529010238 0.08683473389355742
6 0.8238054607508533 0.39250700280112044 0.12713310580204779 0.10854341736694678
4 0.6126279863481229 0.3242296918767507 0.10068259385665529 0.10644257703081232
4 0.5162116040955631 0.3196778711484594 0.09385665529010238 0.08473389355742297
4 0.4142491467576792 0.3445378151260504 0.08617747440273038 0.09103641456582633
4 0.32764505119453924 0.3865546218487395 0.09556313993174062 0.07703081232492998
4 0.7406143344709898 0.4653361344537815 0.1075085324232082 0.08473389355742297
3 0.5968430034129693 0.4163165266106443 0.08447098976109216 0.1323529411764706
3 0.5076791808873721 0.4096638655462185 0.08191126279863481 0.13025210084033614
3 0.42747440273037546 0.41421568627450983 0.06996587030716724 0.11274509803921569
3 0.3575085324232082 0.44397759103641454 0.06996587030716724 0.10084033613445378
2 0.6424914675767918 0.5689775910364145 0.14846416382252559 0.09873949579831932
1 0.40571672354948807 0.7111344537815126 0.09300341296928327 0.13795518207282914
0 0.5017064846416383 0.7044817927170869 0.14675767918088736 0.1442577030812325
