1 0.3591715976331361 0.8634630053394355 0.13136094674556212 0.15713196033562168
0 0.4893491124260355 0.8455377574370709 0.1668639053254438 0.15484363081617086
2 0.6289940828402367 0.6674294431731503 0.16449704142011834 0.11899313501144165
3 0.6106508875739645 0.5259344012204424 0.10414201183431952 0.10450038138825325
3 0.5017751479289941 0.5236460717009916 0.10650887573964497 0.12433257055682685
3 0.4029585798816568 0.5331807780320367 0.09585798816568047 0.10831426392067126
3 0.30414201183431955 0.564836003051106 0.10650887573964497 0.11517925247902365
4 0.7467455621301775 0.5682684973302823 0.1183431952662722 0.07627765064836003
4 0.6313609467455621 0.4534706331045004 0.1076923076923077 0.09077040427154844
4 0.508284023668639 0.4450800915331808 0.11005917159763313 0.09229595728451565
4 0.39822485207100594 0.4546147978642258 0.11242603550295859 0.08543096872616324
4 0.27041420118343196 0.4984744469870328 0.1076923076923077 0.08466819221967964
6 0.8692307692307693 0.4931350114416476 0.15976331360946747 0.10602593440122045
6 0.6698224852071006 0.2715484363081617 0.08520710059171598 0.08848207475209764
6 0.5360946745562131 0.2368421052631579 0.09940828402366864 0.09077040427154844
6 0.3739644970414201 0.2536231884057971 0.10414201183431952 0.09229595728451565
6 0.15088757396449703 0.35659801678108316 0.11479289940828402 0.09229595728451565
5 0.20532544378698225 0.4336384439359268 0.12662721893491125 0.06178489702517163
5 0.3792899408284024 0.35659801678108316 0.11479289940828402 0.060259344012204424
5 0.527810650887574 0.34134248665141115 0.09467455621301775 0.05873379099923723
5 0.6650887573964497 0.35774218154080856 0.12071005917159763 0.06559877955758962
