5 0.6267150928167877 0.33551617873651773 0.09443099273607748 0.07318952234206472
5 0.5032284100080711 0.3104776579352851 0.09604519774011298 0.08628659476117104
5 0.38942695722356735 0.3447611710323575 0.08958837772397094 0.08243451463790447
5 0.2804681194511703 0.43258859784283515 0.08635996771589992 0.0716486902927581
6 0.24495560936238903 0.3393682588597843 0.07828894269572235 0.10400616332819723
6 0.3700564971751412 0.20839753466872113 0.09604519774011298 0.11171032357473036
6 0.5 0.17681047765793528 0.08635996771589992 0.11633281972265024
6 0.6485068603712671 0.2307395993836672 0.08313155770782889 0.10554699537750385
6 0.8018563357546408 0.5057781201848999 0.11864406779661016 0.13482280431432975
4 0.596045197740113 0.461864406779661 0.08958837772397094 0.10554699537750385
4 0.49636803874092006 0.4503081664098613 0.0903954802259887 0.10708782742681049
4 0.4164648910411622 0.4761171032357473 0.08071025020177562 0.1016949152542373
4 0.32929782082324455 0.5184899845916795 0.09362389023405972 0.08628659476117104
4 0.7199354317998385 0.6097842835130971 0.10815173527037933 0.1024653312788906
3 0.3478611783696529 0.5951463790446841 0.08071025020177562 0.15947611710323575
3 0.4221146085552865 0.5631741140215717 0.06941081517352704 0.13559322033898305
3 0.48991121872477805 0.5523882896764253 0.0774818401937046 0.1617873651771957
3 0.5839386602098466 0.5489214175654854 0.07667473769168684 0.13636363636363638
2 0.6315577078288942 0.7361325115562404 0.15415657788539144 0.11325115562403698
1 0.3728813559322034 0.8778890600924499 0.10169491525423728 0.14869029275808937
0 0.46246973365617433 0.8959938366718028 0.16142050040355124 0.14021571648690292
