5 0.6359927470534905 0.2664644714038128 0.09700815956482321 0.09445407279029462
5 0.499546690843155 0.23483535528596186 0.0942883046237534 0.09185441941074522
5 0.3676337262012693 0.27426343154246097 0.10063463281958296 0.08405545927209705
5 0.2511332728921124 0.34662045060658575 0.0942883046237534 0.08318890814558058
6 0.22756119673617406 0.23700173310225303 0.10516772438803264 0.11871750433275563
6 0.3399818676337262 0.1386481802426343 0.10516772438803264 0.12305025996533794
6 0.5154125113327289 0.10528596187175043 0.08068902991840435 0.11005199306759098
6 0.6795104261106074 0.1468804159445407 0.09156844968268359 0.12738301559792026
6 0.8825929283771532 0.5277296360485269 0.14052583862194015 0.11611785095320623
4 0.5729827742520399 0.38388214904679374 0.1214868540344515 0.12305025996533794
4 0.46826835902085223 0.3795493934142114 0.09156844968268359 0.11785095320623916
4 0.37080689029918407 0.40597920277296357 0.0942883046237534 0.11351819757365685
4 0.2905711695376247 0.4410745233968804 0.0843155031731641 0.09705372616984402
4 0.7561196736174071 0.5922876949740035 0.128739800543971 0.12738301559792026
3 0.5507706255666365 0.4839688041594454 0.10063463281958296 0.15164644714038128
3 0.4546690843155032 0.47183708838821486 0.09156844968268359 0.14471403812824957
3 0.37533998186763373 0.4991334488734835 0.08884859474161377 0.1386481802426343
3 0.30507706255666367 0.5285961871750433 0.08250226654578423 0.12305025996533794
2 0.599274705349048 0.692374350086655 0.16500453309156846 0.15077989601386482
1 0.3268359020852221 0.8743500866551126 0.08975521305530372 0.17504332755632582
0 0.443336355394379 0.8734835355285961 0.1885766092475068 0.20623916811091852
