0 0.4974798387096774 0.8814390842191333 0.16834677419354838 0.16189697465249386
1 0.38961693548387094 0.8994276369582993 0.11995967741935483 0.1635322976287817
2 0.6456653225806451 0.7240392477514309 0.20866935483870966 0.12837285363859363
3 0.5871975806451613 0.5376124284546198 0.1219758064516129 0.1529026982829109
3 0.48639112903225806 0.5318887980376125 0.08971774193548387 0.13654946852003272
3 0.4012096774193548 0.5564186426819298 0.0967741935483871 0.11529026982829109
3 0.328125 0.6050695012264923 0.09375 0.13900245298446443
4 0.7721774193548386 0.6447260834014719 0.10887096774193548 0.0973017170891251
4 0.6078629032258064 0.44439901880621424 0.10685483870967742 0.11201962387571546
4 0.4889112903225806 0.43826655764513495 0.11491935483870967 0.09975470155355683
4 0.39566532258064513 0.4603434178250205 0.10181451612903225 0.10956663941128374
4 0.2963709677419355 0.5130825838103026 0.0967741935483871 0.09893704006541293
6 0.8588709677419355 0.5645952575633688 0.16129032258064516 0.09893704006541293
6 0.6557459677419355 0.23548650858544562 0.11189516129032258 0.09975470155355683
6 0.5131048387096774 0.18274734260016354 0.0967741935483871 0.1054783319705642
6 0.38256048387096775 0.22608340147179068 0.09173387096774194 0.1054783319705642
6 0.19657258064516128 0.3389206868356501 0.08669354838709677 0.09893704006541293
5 0.2540322580645161 0.42273098937040066 0.10887096774193548 0.06377759607522486
5 0.38407258064516125 0.3413736713000818 0.08870967741935484 0.06623058053965658
5 0.5070564516129032 0.3119378577269011 0.09475806451612903 0.07440719542109567
5 0.6431451612903225 0.33810302534750614 0.10685483870967742 0.08094848732624693
