5 0.5809080325960418 0.3805162364696087 0.09080325960419092 0.06827643630308076
5 0.4807916181606519 0.3638634471273938 0.09080325960419092 0.06994171523730225
5 0.39231664726426074 0.3946711074104913 0.09080325960419092 0.06827643630308076
5 0.2840512223515716 0.47252289758534555 0.09080325960419092 0.05245628642797669
6 0.2968568102444703 0.38259783513738554 0.08614668218859138 0.08409658617818484
6 0.39930151338766007 0.29017485428809325 0.08149010477299184 0.0974188176519567
6 0.4807916181606519 0.2497918401332223 0.08614668218859138 0.09159034138218151
6 0.5628637951105937 0.28143213988343047 0.07334109429569266 0.09159034138218151
6 0.7048894062863795 0.4783513738551207 0.12223515715948777 0.12073272273105745
4 0.2916181606519208 0.5449625312239801 0.0849825378346915 0.08243130724396337
4 0.38242142025611175 0.5133222314737719 0.0849825378346915 0.08243130724396337
4 0.4778812572759022 0.49708576186511244 0.10128055878928988 0.07327227310574522
4 0.5820721769499417 0.4941715237302248 0.10244470314318975 0.07577019150707744
4 0.7031431897555297 0.5915903413821816 0.08614668218859138 0.07410491257285595
3 0.309662398137369 0.630308076602831 0.09778812572759021 0.10824313072439634
3 0.3859138533178114 0.5907577019150708 0.08731082654249127 0.10074937552039967
3 0.4679860302677532 0.5766028309741882 0.10011641443538999 0.12073272273105745
3 0.5750873108265425 0.5670274771024146 0.09778812572759021 0.10824313072439634
2 0.6338766006984866 0.736053288925895 0.17112922002328287 0.09658617818484597
1 0.35564610011641445 0.8950874271440467 0.12922002328288706 0.12989175686927562
0 0.49534342258440045 0.9013322231473773 0.1990686845168801 0.1457119067443797
