0 0.5545625587958608 0.8080168776371308 0.18344308560677328 0.17440225035161744
1 0.4332079021636877 0.8417721518987342 0.13076199435559738 0.13924050632911392
2 0.6952022577610536 0.6627988748241913 0.21636876763875823 0.12306610407876231
4 0.8000940733772343 0.5182841068917018 0.13076199435559738 0.10829817158931083
4 0.6119473189087489 0.3646272855133615 0.10442144873000941 0.09915611814345991
4 0.49717779868297274 0.38748241912798875 0.1006585136406397 0.09142053445850915
4 0.3984007525870179 0.420182841068917 0.1006585136406397 0.09774964838255977
4 0.3090310442144873 0.46905766526019693 0.09689557855127 0.09142053445850915
3 0.34054562558795864 0.5474683544303798 0.10536218250235184 0.12165963431786217
3 0.41110065851364064 0.49929676511954996 0.09971777986829727 0.10829817158931083
3 0.49106302916274697 0.4810126582278481 0.10536218250235184 0.13924050632911392
3 0.6072436500470367 0.45358649789029537 0.12323612417685795 0.13783403656821377
6 0.8654750705550329 0.40822784810126583 0.1561618062088429 0.1329113924050633
6 0.6952022577610536 0.1441631504922644 0.09783631232361242 0.11111111111111112
6 0.5023518344308561 0.1388888888888889 0.1110065851364064 0.1160337552742616
6 0.3377234242709313 0.1779184247538678 0.11853245531514582 0.11392405063291139
6 0.19614299153339607 0.3048523206751055 0.1175917215428034 0.10337552742616034
5 0.2558795860771402 0.3987341772151899 0.10912511759172154 0.06610407876230662
5 0.3584195672624647 0.29711673699015473 0.10912511759172154 0.07665260196905767
5 0.4943555973659455 0.2559774964838256 0.13452492944496708 0.08579465541490858
5 0.680620884289746 0.2535161744022504 0.13076199435559738 0.09353023909985936
