5 0.6729074889867842 0.289838337182448 0.12555066079295155 0.08391070053887606
5 0.5236784140969164 0.2759815242494226 0.13325991189427314 0.10238645111624325
5 0.39482378854625555 0.3033102386451116 0.14867841409691632 0.08622016936104696
5 0.2312775330396476 0.38953040800615857 0.13876651982378857 0.08622016936104696
6 0.21751101321585906 0.27174749807544263 0.12665198237885464 0.12317167051578136
6 0.3772026431718062 0.1558891454965358 0.1222466960352423 0.1377983063895304
6 0.5302863436123348 0.12317167051578136 0.15088105726872247 0.1308698999230177
6 0.7059471365638768 0.16281755196304848 0.14096916299559473 0.123941493456505
6 0.907488986784141 0.43225558121632024 0.1696035242290749 0.15781370284834487
4 0.637114537444934 0.42609699769053117 0.13105726872246698 0.1193225558121632
4 0.5038546255506609 0.4268668206312548 0.1156387665198238 0.11778290993071593
4 0.3799559471365639 0.4522709776751347 0.12334801762114539 0.10700538876058506
4 0.27147577092511016 0.49653579676674364 0.13325991189427314 0.10007698229407236
4 0.7995594713656389 0.5627405696689761 0.1299559471365639 0.10623556581986142
3 0.30671806167400884 0.5854503464203233 0.10462555066079296 0.123941493456505
3 0.38876651982378857 0.5450346420323325 0.10572687224669605 0.13240954580446496
3 0.49889867841409696 0.5200153964588144 0.11453744493392072 0.1285604311008468
3 0.6227973568281939 0.5238645111624326 0.13325991189427314 0.13933795227097767
2 0.6806167400881058 0.7124711316397229 0.22026431718061676 0.14395688991531946
1 0.4273127753303965 0.9187836797536566 0.1299559471365639 0.14857582755966126
0 0.5512114537444934 0.8791377983063895 0.21255506607929517 0.1724403387220939
