0 0.5586107091172213 0.7545605306799337 0.2431259044862518 0.17744610281923714
1 0.38856729377713456 0.7657545605306799 0.14616497829232994 0.1417910447761194
2 0.7163531114327062 0.5708955223880597 0.18234442836468884 0.12023217247097845
3 0.6338639652677279 0.41417910447761197 0.13024602026049203 0.11857379767827529
3 0.5086830680173661 0.40796019900497515 0.12590448625180897 0.10613598673300166
3 0.39652677279305354 0.4436152570480929 0.11866859623733718 0.1044776119402985
3 0.2785817655571635 0.4676616915422886 0.09117221418234442 0.09618573797678276
4 0.8219971056439942 0.43532338308457713 0.13603473227206944 0.09286898839137646
4 0.6367583212735166 0.3208955223880597 0.13603473227206944 0.10613598673300166
4 0.5050651230101302 0.3225538971807629 0.11866859623733718 0.09618573797678276
4 0.37626628075253254 0.3503316749585406 0.12735166425470332 0.09203980099502487
4 0.2590448625180897 0.39676616915422885 0.11866859623733718 0.08706467661691543
6 0.8552821997105643 0.33540630182421227 0.170767004341534 0.1252072968490879
6 0.6295224312590448 0.10862354892205639 0.10998552821997105 0.0978441127694859
6 0.4753979739507959 0.08706467661691543 0.12590448625180897 0.09950248756218906
6 0.3350217076700434 0.13391376451077944 0.1114327062228654 0.09203980099502487
6 0.17655571635311143 0.22927031509121062 0.10130246020260492 0.08374792703150913
5 0.21780028943560056 0.31467661691542287 0.12301013024602026 0.06716417910447761
5 0.35672937771345875 0.24212271973466004 0.13748191027496381 0.0713101160862355
5 0.4905933429811867 0.208955223880597 0.15629522431259044 0.0713101160862355
5 0.650506512301013 0.21351575456053068 0.12301013024602026 0.07048092868988391
