5 0.656701030927835 0.2917675544794189 0.09484536082474226 0.08151735270379337
5 0.5319587628865979 0.258272800645682 0.09278350515463918 0.08716707021791767
5 0.4216494845360825 0.2929782082324455 0.0865979381443299 0.08393866020984665
5 0.26443298969072165 0.38054882970137205 0.10206185567010309 0.07667473769168684
6 0.20824742268041238 0.28652138821630346 0.1154639175257732 0.10492332526230831
6 0.427319587628866 0.17756255044390637 0.10206185567010309 0.10492332526230831
6 0.5283505154639175 0.14124293785310735 0.09587628865979382 0.1033091202582728
6 0.6809278350515464 0.19289749798224373 0.10412371134020619 0.09846650524616626
6 0.893298969072165 0.48426150121065376 0.1556701030927835 0.1275221953188055
4 0.6324742268041237 0.3934624697336562 0.1 0.10250201775625505
4 0.5190721649484537 0.38983050847457623 0.10618556701030928 0.09846650524616626
4 0.42886597938144333 0.4096045197740113 0.09484536082474226 0.09281678773204197
4 0.31907216494845364 0.45278450363196127 0.10618556701030928 0.09200968523002422
4 0.7835051546391752 0.5617433414043583 0.11958762886597939 0.09523809523809523
3 0.3438144329896907 0.523405972558515 0.08969072164948454 0.12510088781275222
3 0.4298969072164949 0.4927360774818402 0.08041237113402062 0.12025827280064567
3 0.5144329896907217 0.47134786117836963 0.09690721649484536 0.12590799031476996
3 0.6164948453608248 0.4717514124293785 0.09278350515463918 0.1089588377723971
2 0.6525773195876289 0.6646489104116222 0.16494845360824742 0.11380145278450363
1 0.37061855670103094 0.814366424535916 0.13917525773195877 0.16142050040355124
0 0.49381443298969074 0.8147699757869249 0.1711340206185567 0.1493139628732849
