0 0.5154185022026432 0.8802992518703242 0.18942731277533043 0.20282626766417292
1 0.38876651982378857 0.8753117206982544 0.11453744493392072 0.142975893599335
2 0.6745594713656389 0.6961762261014132 0.19493392070484583 0.1371571072319202
3 0.5963656387665199 0.5195344970906068 0.1156387665198238 0.1512884455527847
3 0.4823788546255507 0.513715710723192 0.09691629955947137 0.142975893599335
3 0.39757709251101325 0.5465502909393184 0.09251101321585904 0.13549459684123025
3 0.31112334801762115 0.5835411471321695 0.08700440528634362 0.11637572734829593
4 0.7896475770925111 0.5777223607647548 0.13876651982378857 0.09310058187863675
4 0.6051762114537446 0.4314214463840399 0.1288546255506608 0.10640066500415628
4 0.4730176211453745 0.4164588528678304 0.1156387665198238 0.11803823773898588
4 0.3705947136563877 0.47298420615128844 0.08920704845814979 0.09310058187863675
4 0.28634361233480177 0.5120532003325021 0.09471365638766521 0.09310058187863675
6 0.8788546255506609 0.4634247714048213 0.15859030837004406 0.12718204488778054
6 0.7131057268722467 0.20241064006650042 0.13325991189427314 0.11554447215295095
6 0.49504405286343617 0.14256026600166252 0.10682819383259913 0.10889443059019119
6 0.26872246696035246 0.21321695760598505 0.14096916299559473 0.11388196176226102
6 0.1668502202643172 0.3341645885286783 0.11784140969162997 0.10473815461346633
5 0.22687224669603526 0.4260182876142976 0.11013215859030838 0.06733167082294264
5 0.3276431718061674 0.3337489609310058 0.13546255506607932 0.0773067331670823
5 0.4900881057268723 0.272236076475478 0.14317180616740088 0.08063175394846218
5 0.669603524229075 0.3117206982543641 0.12775330396475773 0.0831255195344971
