5 0.6303630363036303 0.310126582278481 0.088008800880088 0.06962025316455696
5 0.4900990099009901 0.27689873417721517 0.1001100110011001 0.06962025316455696
5 0.34763476347634764 0.29944620253164556 0.0924092409240924 0.07199367088607594
5 0.20132013201320131 0.3852848101265823 0.0836083608360836 0.07120253164556962
6 0.14411441144114412 0.307753164556962 0.1342134213421342 0.08544303797468354
6 0.33003300330033003 0.19224683544303797 0.1276127612761276 0.09335443037974683
6 0.4955995599559956 0.17009493670886075 0.09350935093509351 0.09651898734177215
6 0.6518151815181518 0.2286392405063291 0.10451045104510451 0.09335443037974683
6 0.8558855885588559 0.5075158227848101 0.1408140814081408 0.1115506329113924
4 0.5913091309130912 0.3995253164556962 0.10891089108910891 0.09493670886075949
4 0.47029702970297027 0.3785601265822785 0.1023102310231023 0.07990506329113924
4 0.3674367436743674 0.3959651898734177 0.09020902090209021 0.07832278481012658
4 0.2596259625962596 0.44066455696202533 0.088008800880088 0.06487341772151899
4 0.742024202420242 0.5676424050632911 0.10451045104510451 0.07832278481012658
3 0.5654565456545654 0.47349683544303794 0.0924092409240924 0.10047468354430379
3 0.46644664466446645 0.46360759493670883 0.0814081408140814 0.10284810126582278
3 0.38228822882288227 0.4750791139240506 0.09350935093509351 0.10047468354430379
3 0.29427942794279427 0.49683544303797467 0.08250825082508251 0.09018987341772151
2 0.5896589658965896 0.6360759493670886 0.1694169416941694 0.09177215189873418
1 0.290979097909791 0.7468354430379747 0.1133113311331133 0.12025316455696203
0 0.4081408140814081 0.7563291139240507 0.176017601760176 0.12658227848101267
