0 0.528072033898305 0.7440693430656934 0.13665254237288135 0.14872262773722628
1 0.4327330508474576 0.7632299270072992 0.09639830508474576 0.11952554744525547
2 0.6297669491525424 0.6053832116788321 0.13665254237288135 0.10857664233576642
4 0.5953389830508474 0.4425182481751825 0.09322033898305085 0.12956204379562045
4 0.510593220338983 0.43932481751824815 0.07627118644067797 0.10675182481751824
4 0.4449152542372881 0.4676094890510949 0.09110169491525423 0.10675182481751824
4 0.3734110169491525 0.4863138686131387 0.06885593220338983 0.09124087591240876
4 0.7733050847457628 0.4958941605839416 0.12076271186440678 0.08302919708029197
4 0.5990466101694916 0.3476277372262774 0.09004237288135593 0.09124087591240876
4 0.5052966101694916 0.3553832116788321 0.08686440677966102 0.08485401459854014
4 0.4163135593220339 0.3864051094890511 0.09322033898305085 0.08485401459854014
4 0.3395127118644068 0.4306569343065693 0.0858050847457627 0.06934306569343066
6 0.847457627118644 0.40602189781021897 0.13771186440677965 0.12043795620437955
6 0.6308262711864406 0.1468978102189781 0.09851694915254237 0.11861313868613138
6 0.4920550847457627 0.13275547445255473 0.08792372881355932 0.10127737226277372
6 0.3559322033898305 0.18156934306569342 0.11228813559322035 0.09854014598540145
6 0.21239406779661016 0.3102189781021898 0.11334745762711865 0.09124087591240876
5 0.2701271186440678 0.3795620437956204 0.07838983050847458 0.05474452554744525
5 0.3723516949152542 0.28604014598540145 0.07309322033898305 0.07208029197080291
5 0.4894067796610169 0.24133211678832117 0.09322033898305085 0.07025547445255474
5 0.611228813559322 0.25182481751824815 0.0847457627118644 0.06751824817518248
