5 0.6917735042735044 0.22294207317073172 0.11431623931623933 0.10442073170731708
5 0.5422008547008548 0.1833079268292683 0.11004273504273505 0.07545731707317073
5 0.3723290598290599 0.2027439024390244 0.11431623931623933 0.07774390243902439
5 0.2104700854700855 0.2785823170731707 0.09188034188034189 0.060213414634146346
6 0.14583333333333334 0.19702743902439024 0.1185897435897436 0.07240853658536586
6 0.38621794871794873 0.09070121951219512 0.1121794871794872 0.08689024390243903
6 0.5795940170940171 0.060594512195121956 0.11645299145299147 0.09070121951219512
6 0.7345085470085471 0.13528963414634146 0.12927350427350429 0.08307926829268293
4 0.2713675213675214 0.3399390243902439 0.10897435897435899 0.09451219512195122
4 0.3808760683760684 0.2999237804878049 0.11431623931623933 0.10289634146341464
4 0.500534188034188 0.296875 0.09935897435897437 0.09222560975609756
4 0.6330128205128206 0.3227896341463415 0.13141025641025642 0.10289634146341464
4 0.7868589743589745 0.5102896341463414 0.14209401709401712 0.09070121951219512
3 0.608440170940171 0.38871951219512196 0.12713675213675216 0.13414634146341464
3 0.4850427350427351 0.3711890243902439 0.10470085470085472 0.12042682926829269
3 0.3995726495726496 0.3871951219512195 0.09188034188034189 0.12042682926829269
3 0.3028846153846154 0.40472560975609756 0.10149572649572651 0.11890243902439025
6 0.9118589743589745 0.444359756097561 0.17414529914529916 0.11737804878048781
2 0.6020299145299146 0.5766006097560976 0.17841880341880342 0.10594512195121951
0 0.43910256410256415 0.6996951219512195 0.18162393162393164 0.17225609756097562
1 0.31250000000000006 0.6909298780487805 0.11645299145299147 0.13948170731707318
