0 0.42312500000000003 0.8752800597460793 0.21625 0.1568334578043316
1 0.273125 0.8502613890963406 0.13125 0.1650485436893204
2 0.6118750000000001 0.741224794622853 0.25875 0.11426437640029874
3 0.563125 0.5567587752053772 0.13125 0.1217326362957431
3 0.431875 0.553024645257655 0.11375 0.12920089619118746
3 0.338125 0.5653472740851382 0.10625 0.1135175504107543
3 0.25625 0.590739357729649 0.11 0.12845407020164304
4 0.728125 0.6325616131441375 0.18125 0.09111277072442121
4 0.5775 0.47050037341299483 0.135 0.10604929051530994
4 0.4425 0.4678864824495893 0.135 0.10679611650485438
4 0.33187500000000003 0.48058252427184467 0.12625 0.10082150858849889
4 0.22375 0.523898431665422 0.1225 0.08588498879761017
6 0.8406250000000001 0.5429424943988052 0.18625 0.10903659447348768
6 0.654375 0.2707244212098581 0.14375000000000002 0.1217326362957431
6 0.4825 0.2348767737117252 0.1225 0.09634055265123227
6 0.340625 0.2576549663928305 0.14375000000000002 0.09111277072442121
6 0.1625 0.34391336818521284 0.11750000000000001 0.08140403286034355
5 0.19875 0.43241224794622857 0.14 0.07617625093353249
5 0.33875 0.3707991038088126 0.14 0.0784167289021658
5 0.474375 0.3502613890963406 0.13125 0.07318894697535475
5 0.636875 0.3741598207617625 0.16125 0.08065720687079911
