5 0.6175 0.2727272727272727 0.0975 0.08888888888888889
5 0.500625 0.2404040404040404 0.10125 0.09292929292929293
5 0.374375 0.2964646464646465 0.09625 0.09595959595959595
5 0.27875 0.3611111111111111 0.09 0.06565656565656566
6 0.261875 0.2702020202020202 0.09625 0.10606060606060606
6 0.34750000000000003 0.16666666666666666 0.0975 0.11313131313131314
6 0.515 0.12171717171717172 0.09 0.10404040404040404
6 0.624375 0.17525252525252524 0.10625 0.10202020202020202
6 0.7987500000000001 0.4409090909090909 0.135 0.10404040404040404
4 0.595 0.38484848484848483 0.0975 0.09898989898989899
4 0.48812500000000003 0.3792929292929293 0.09375 0.09797979797979799
4 0.39125 0.4070707070707071 0.095 0.09090909090909091
4 0.31125 0.43333333333333335 0.075 0.08888888888888889
4 0.7325 0.5378787878787878 0.11 0.08383838383838384
3 0.579375 0.4823232323232323 0.09625 0.13636363636363635
3 0.4825 0.4666666666666667 0.0825 0.12323232323232323
3 0.408125 0.4868686868686869 0.09625 0.12323232323232323
3 0.328125 0.5151515151515151 0.09375 0.1292929292929293
2 0.605 0.6515151515151515 0.1625 0.10303030303030303
1 0.373125 0.7914141414141415 0.09875 0.1404040404040404
0 0.4825 0.7853535353535354 0.16 0.1606060606060606
