0 0.4826989619377163 0.8614649681528663 0.2110726643598616 0.17038216560509556
1 0.3558246828143022 0.8646496815286625 0.15340253748558247 0.12738853503184713
2 0.654555940023068 0.6831210191082803 0.1787773933102653 0.12738853503184713
4 0.7745098039215687 0.5573248407643312 0.132641291810842 0.08757961783439491
4 0.615916955017301 0.410828025477707 0.11995386389850057 0.09872611464968153
4 0.48558246828143026 0.410828025477707 0.12687427912341406 0.09872611464968153
4 0.370242214532872 0.44546178343949044 0.12687427912341406 0.10111464968152867
4 0.2722029988465975 0.4944267515923567 0.09457900807381776 0.08121019108280256
3 0.29296424452133796 0.5632961783439491 0.08765859284890427 0.11863057324840764
3 0.38523644752018454 0.5246815286624205 0.09457900807381776 0.12101910828025478
3 0.4826989619377163 0.49482484076433125 0.11418685121107267 0.12977707006369427
3 0.6043829296424452 0.4944267515923567 0.10380622837370243 0.1321656050955414
6 0.8938869665513265 0.4534235668789809 0.16839677047289506 0.12977707006369427
6 0.6666666666666667 0.18630573248407645 0.11072664359861592 0.1035031847133758
6 0.5155709342560554 0.15963375796178345 0.11995386389850057 0.11226114649681529
6 0.3281430219146482 0.2054140127388535 0.13033448673587084 0.11464968152866242
6 0.16147635524798154 0.32205414012738853 0.11995386389850057 0.10589171974522293
5 0.21453287197231835 0.4084394904458599 0.11764705882352941 0.07165605095541401
5 0.35121107266435986 0.3296178343949045 0.11649365628604383 0.07643312101910829
5 0.49077277970011535 0.2914012738853503 0.11649365628604383 0.07165605095541401
5 0.6516724336793541 0.29538216560509556 0.11995386389850057 0.08280254777070065
