5 0.6094961240310077 0.3313253012048193 0.09108527131782945 0.0891566265060241
5 0.4893410852713178 0.28755020080321286 0.09108527131782945 0.09156626506024097
5 0.3851744186046512 0.3244979919678715 0.07848837209302326 0.07068273092369479
5 0.25387596899224807 0.39759036144578314 0.0755813953488372 0.06746987951807229
6 0.24903100775193798 0.30200803212851407 0.09496124031007752 0.11566265060240964
6 0.3890503875968992 0.1963855421686747 0.09011627906976744 0.10843373493975904
6 0.5082364341085271 0.163855421686747 0.09786821705426356 0.11566265060240964
6 0.6453488372093024 0.22891566265060243 0.08914728682170542 0.09959839357429719
6 0.8415697674418604 0.5502008032128515 0.15213178294573643 0.13172690763052208
4 0.5658914728682171 0.44136546184738956 0.1298449612403101 0.09718875502008033
4 0.45445736434108525 0.42971887550200805 0.09108527131782945 0.10763052208835341
4 0.3691860465116279 0.4566265060240964 0.09108527131782945 0.10361445783132531
4 0.2805232558139535 0.48714859437751007 0.07848837209302326 0.0891566265060241
4 0.7156007751937984 0.6140562248995984 0.11531007751937984 0.10200803212851406
3 0.5547480620155039 0.5224899598393574 0.11724806201550388 0.12610441767068273
3 0.45009689922480617 0.5136546184738956 0.08624031007751938 0.11967871485943776
3 0.3691860465116279 0.527710843373494 0.08139534883720931 0.10763052208835341
3 0.2931201550387597 0.5674698795180723 0.08042635658914729 0.11807228915662651
2 0.5625 0.7100401606425704 0.14244186046511628 0.11566265060240964
1 0.2921511627906977 0.8530120481927711 0.10755813953488372 0.13172690763052208
0 0.40455426356589147 0.8610441767068273 0.1618217054263566 0.13493975903614458
