0 0.4612326043737574 0.8088673621460507 0.17892644135188865 0.1646795827123696
1 0.3265407554671968 0.7891207153502235 0.1003976143141153 0.13561847988077497
2 0.6336978131212723 0.6270491803278688 0.18588469184890655 0.10953800298062594
3 0.5899602385685884 0.45976154992548435 0.11829025844930416 0.12667660208643816
3 0.4711729622266401 0.45193740685543965 0.09542743538767395 0.11549925484351714
3 0.3916500994035785 0.4731743666169896 0.07554671968190854 0.10730253353204172
3 0.30666003976143136 0.5052160953800298 0.1003976143141153 0.10730253353204172
4 0.7519880715705765 0.5227272727272727 0.12823061630218688 0.09612518628912071
4 0.6018886679920477 0.36773472429210136 0.09840954274353876 0.10357675111773472
4 0.4811133200795228 0.36587183308494786 0.1033797216699801 0.09985096870342772
4 0.3732604373757455 0.3949329359165425 0.09244532803180913 0.09388971684053651
4 0.2688866799204771 0.44187779433681074 0.1003976143141153 0.09090909090909091
6 0.8588469184890655 0.44299552906110284 0.13916500994035783 0.11847988077496274
6 0.6212723658051689 0.1628166915052161 0.10536779324055665 0.10208643815201192
6 0.4940357852882703 0.12220566318926974 0.1033797216699801 0.10432190760059612
6 0.31759443339960236 0.1665424739195231 0.11829025844930416 0.10208643815201192
6 0.15457256461232602 0.28614008941877794 0.08846918489065606 0.09239940387481371
5 0.2082504970178926 0.36736214605067063 0.13021868787276342 0.06557377049180328
5 0.32306163021868783 0.2768256333830104 0.1332007952286282 0.08122205663189269
5 0.4940357852882703 0.24776453055141578 0.10735586481113318 0.07973174366616989
5 0.6247514910536779 0.27123695976154993 0.10834990059642147 0.08047690014903129
