5 0.5771513353115727 0.42828882294757664 0.06231454005934718 0.06231454005934718
5 0.4876360039564787 0.4151829871414441 0.05637982195845697 0.06083086053412463
5 0.4114737883283877 0.4599406528189911 0.04747774480712166 0.05637982195845697
5 0.35435212660731946 0.5445103857566765 0.04896142433234421 0.03956478733926805
6 0.3125618199802176 0.49950544015825915 0.06231454005934718 0.06231454005934718
6 0.3847675568743818 0.38921859545004944 0.07319485657764589 0.0791295746785361
6 0.4804648862512364 0.33061325420375864 0.05489614243323442 0.07764589515331355
6 0.5850642927794263 0.35509396636993074 0.06231454005934718 0.07418397626112759
6 0.6847181008902077 0.5155786350148368 0.07764589515331355 0.08061325420375866
4 0.562809099901088 0.4943125618199802 0.057368941641938676 0.06973293768545993
4 0.4943125618199802 0.4935707220573689 0.06379821958456973 0.0771513353115727
4 0.4416419386745796 0.5269535113748763 0.06231454005934718 0.06874381800197824
4 0.39836795252225515 0.5749258160237388 0.05192878338278931 0.057863501483679525
4 0.6411968348170128 0.5833333333333333 0.057863501483679525 0.06083086053412463
3 0.5551434223541049 0.5603363006923837 0.05489614243323442 0.09891196834817012
3 0.5019782393669634 0.5568743818001978 0.051434223541048464 0.0791295746785361
3 0.4616716122650841 0.5771513353115727 0.05489614243323442 0.0791295746785361
3 0.42556874381800197 0.6105341246290801 0.05588526211671612 0.06973293768545993
2 0.5909990108803165 0.6683976261127597 0.08704253214638971 0.08061325420375866
1 0.46538081107814044 0.7675568743818002 0.054401582591493566 0.09594460929772503
0 0.5192878338278931 0.7742334322453016 0.0850642927794263 0.10633036597428289
