0 0.4694117647058823 0.8145235892691952 0.15058823529411763 0.16003700277520816
1 0.36176470588235293 0.8112858464384829 0.09529411764705882 0.14616096207215543
2 0.6447058823529411 0.6526364477335801 0.1552941176470588 0.1267345050878816
3 0.5988235294117646 0.5050878815911194 0.0988235294117647 0.11840888066604996
3 0.5094117647058823 0.5009250693802035 0.10117647058823528 0.11563367252543941
3 0.42 0.5240518038852914 0.06352941176470588 0.11378353376503238
3 0.35117647058823526 0.5531914893617021 0.09529411764705882 0.10545790934320075
4 0.778235294117647 0.5851063829787234 0.11176470588235293 0.06938020351526365
4 0.6217647058823529 0.4259944495837188 0.1164705882352941 0.09898242368177614
4 0.5094117647058823 0.4121184088806661 0.09411764705882353 0.10453283996299723
4 0.4094117647058823 0.44264569842738205 0.0988235294117647 0.09343200740055504
4 0.31470588235294117 0.4801110083256244 0.08352941176470588 0.07955596669750231
6 0.8711764705882352 0.5157261794634598 0.18705882352941175 0.10823311748381129
6 0.7235294117647059 0.24236817761332102 0.12941176470588234 0.0962072155411656
6 0.5164705882352941 0.1845513413506013 0.12235294117647058 0.1026827012025902
6 0.36176470588235293 0.21230342275670677 0.09529411764705882 0.11933395004625348
6 0.1864705882352941 0.3283996299722479 0.08117647058823528 0.10175763182238669
5 0.24294117647058822 0.4125809435707678 0.09529411764705882 0.07770582793709528
5 0.388235294117647 0.32793709528214615 0.12705882352941175 0.08048103607770583
5 0.5164705882352941 0.29232192414431085 0.11529411764705881 0.0851063829787234
5 0.6729411764705882 0.3307123034227567 0.12705882352941175 0.0971322849213691
