5 0.5674641148325359 0.3180135718692165 0.11483253588516747 0.0795805058605799
5 0.3961722488038278 0.30475015422578655 0.11483253588516747 0.08760024676125848
5 0.2669856459330144 0.3553362122146823 0.12057416267942585 0.06662553979025293
5 0.16985645933014354 0.4312152991980259 0.08516746411483254 0.06292412091301666
6 0.12105263157894737 0.36366440468846395 0.09473684210526316 0.0795805058605799
6 0.2334928229665072 0.24830351634793338 0.1090909090909091 0.0931523750771129
6 0.3770334928229665 0.19494139420111042 0.13588516746411483 0.10610734114743986
6 0.5803827751196172 0.22609500308451574 0.10622009569377991 0.0931523750771129
6 0.7918660287081339 0.432449105490438 0.11196172248803828 0.10857495373226404
4 0.5377990430622009 0.41116594694632946 0.1090909090909091 0.08698334361505244
4 0.41866028708133973 0.41671807526218385 0.10047846889952153 0.0795805058605799
4 0.3196172248803828 0.45311536088834053 0.10334928229665072 0.0795805058605799
4 0.23301435406698565 0.49537322640345466 0.11196172248803828 0.07402837754472548
4 0.7253588516746412 0.5293028994447871 0.12057416267942585 0.08143121529919803
3 0.5377990430622009 0.4879703886489821 0.09760765550239235 0.11227637260950031
3 0.4244019138755981 0.4935225169648365 0.10622009569377991 0.1270820481184454
3 0.33588516746411484 0.5138803207896361 0.09952153110047847 0.09500308451573103
3 0.26555023923444976 0.5450339296730413 0.11770334928229666 0.0931523750771129
2 0.6129186602870813 0.6363355953115362 0.17129186602870813 0.09685379395434918
1 0.36363636363636365 0.7893275755706355 0.11483253588516747 0.1462060456508328
0 0.4736842105263158 0.769586674892042 0.1703349282296651 0.135101789019124
