0 0.43193997856377275 0.8412162162162162 0.13933547695605572 0.17084942084942084
1 0.3252947481243301 0.8354247104247104 0.08252947481243302 0.1438223938223938
2 0.5680600214362272 0.6732625482625483 0.14790996784565916 0.10328185328185328
3 0.5353697749196141 0.5038610038610039 0.08681672025723472 0.14671814671814673
3 0.44480171489817794 0.48503861003861004 0.08360128617363344 0.12065637065637067
3 0.3654876741693462 0.5038610038610039 0.07502679528403002 0.11583011583011583
3 0.29367631296891744 0.5497104247104247 0.07288317256162916 0.11486486486486487
4 0.2583065380493033 0.4831081081081081 0.08145766345123258 0.08204633204633205
4 0.3558413719185423 0.42905405405405406 0.08145766345123258 0.09749034749034749
4 0.4571275455519829 0.3894787644787645 0.09967845659163987 0.10521235521235521
4 0.567524115755627 0.40685328185328185 0.11254019292604502 0.10521235521235521
4 0.6907824222936763 0.5796332046332047 0.11468381564844587 0.09362934362934364
6 0.7872454448017149 0.49903474903474904 0.16184351554126475 0.11969111969111969
6 0.6409431939978564 0.2002895752895753 0.0857449088960343 0.10521235521235521
6 0.4887459807073955 0.14575289575289577 0.07717041800643087 0.11196911196911197
6 0.3247588424437299 0.19063706563706564 0.09003215434083602 0.10907335907335908
6 0.14790996784565916 0.3441119691119691 0.08145766345123258 0.08590733590733592
5 0.20364415862808147 0.4198841698841699 0.0857449088960343 0.06563706563706564
5 0.3403001071811361 0.3127413127413127 0.09110396570203644 0.07915057915057916
5 0.47856377277599144 0.2702702702702703 0.08896034297963558 0.08108108108108109
5 0.6045016077170418 0.3030888030888031 0.09217577706323687 0.07528957528957529
