5 0.6770152505446624 0.27665589660743134 0.12091503267973858 0.09612277867528272
5 0.5059912854030502 0.24636510500807757 0.12745098039215688 0.09208400646203554
5 0.3632897603485839 0.2851373182552504 0.1122004357298475 0.0840064620355412
5 0.2510893246187364 0.3747980613893377 0.1122004357298475 0.07108239095315025
6 0.20315904139433552 0.2726171243941842 0.11002178649237473 0.11227786752827142
6 0.3474945533769064 0.1538772213247173 0.13507625272331156 0.11712439418416802
6 0.5103485838779956 0.11106623586429726 0.1122004357298475 0.12035541195476576
6 0.69281045751634 0.1631663974151858 0.13507625272331156 0.11470113085621972
6 0.8747276688453159 0.4115508885298869 0.1459694989106754 0.14943457189014542
4 0.6301742919389979 0.40024232633279483 0.11655773420479304 0.12681744749596124
4 0.5114379084967321 0.3982229402261713 0.12091503267973858 0.12277867528271406
4 0.40141612200435733 0.4309369951534734 0.11002178649237473 0.11873990306946688
4 0.2957516339869281 0.46486268174474965 0.12962962962962965 0.11227786752827142
3 0.32843137254901966 0.5516962843295639 0.09694989106753814 0.12277867528271406
3 0.40141612200435733 0.5181744749596123 0.08823529411764706 0.10420032310177707
3 0.4967320261437909 0.4995961227786753 0.09586056644880175 0.12520193861066237
3 0.6176470588235294 0.5004038772213247 0.11328976034858389 0.13489499192245558
4 0.8001089324618738 0.5436187399030695 0.12962962962962965 0.10985460420032311
2 0.6748366013071896 0.7164781906300485 0.18191721132897606 0.12924071082390953
1 0.4030501089324619 0.8921647819063006 0.12418300653594773 0.14458804523424879
0 0.5364923747276689 0.8699515347334411 0.18845315904139434 0.1777059773828756
