0 0.4747327502429543 0.8698347107438017 0.19727891156462585 0.1928374655647383
1 0.3498542274052478 0.8553719008264463 0.11661807580174927 0.15013774104683197
2 0.6637512147716229 0.6773415977961432 0.20019436345966957 0.12878787878787878
3 0.5903790087463556 0.5278925619834711 0.119533527696793 0.1356749311294766
3 0.47959183673469385 0.5227272727272727 0.09037900874635568 0.13360881542699726
3 0.40330417881438285 0.5554407713498623 0.09912536443148688 0.13980716253443526
3 0.314868804664723 0.5829889807162535 0.1010689990281827 0.12741046831955924
4 0.7531584062196307 0.5733471074380165 0.13411078717201166 0.09986225895316805
4 0.6107871720116618 0.43147382920110194 0.12536443148688045 0.10399449035812672
4 0.4854227405247813 0.43044077134986225 0.10787172011661807 0.11019283746556474
4 0.3882410106899903 0.4559228650137741 0.1098153547133139 0.1184573002754821
4 0.2866861030126336 0.5089531680440772 0.11661807580174927 0.10192837465564739
6 0.8503401360544217 0.46866391184573003 0.17298347910592807 0.13980716253443526
6 0.6336248785228377 0.23002754820936638 0.1107871720116618 0.12947658402203857
6 0.47084548104956264 0.20041322314049587 0.10787172011661807 0.10330578512396695
6 0.32847424684159376 0.23760330578512398 0.10495626822157433 0.10192837465564739
6 0.1715257531584062 0.3519283746556474 0.1020408163265306 0.09366391184573003
5 0.22206025267249757 0.43044077134986225 0.119533527696793 0.05509641873278237
5 0.35131195335276966 0.3488292011019284 0.119533527696793 0.07369146005509641
5 0.4825072886297376 0.3212809917355372 0.12536443148688045 0.06955922865013775
5 0.6277939747327502 0.33712121212121215 0.1282798833819242 0.08057851239669422
