5 0.6556650246305418 0.2664150943396226 0.11133004926108374 0.10566037735849056
5 0.4699507389162561 0.24716981132075472 0.12216748768472906 0.07622641509433963
5 0.3448275862068965 0.30150943396226415 0.11625615763546797 0.10037735849056603
5 0.18669950738916255 0.3992452830188679 0.11724137931034481 0.0739622641509434
6 0.13251231527093596 0.2981132075471698 0.1251231527093596 0.0981132075471698
6 0.32118226600985217 0.15396226415094338 0.1083743842364532 0.13584905660377358
6 0.441871921182266 0.09622641509433962 0.11133004926108374 0.12301886792452829
6 0.6615763546798029 0.1381132075471698 0.11133004926108374 0.12981132075471696
6 0.8901477832512315 0.4143396226415094 0.1586206896551724 0.14641509433962263
4 0.6226600985221674 0.40264150943396226 0.13399014778325122 0.1109433962264151
4 0.48817733990147777 0.40981132075471693 0.1251231527093596 0.09962264150943395
4 0.37290640394088664 0.4437735849056604 0.10541871921182265 0.10415094339622641
4 0.26798029556650244 0.500377358490566 0.11428571428571428 0.07849056603773584
3 0.29901477832512313 0.5664150943396226 0.09950738916256156 0.11698113207547169
3 0.3881773399014778 0.5290566037735849 0.1024630541871921 0.12075471698113208
3 0.4950738916256157 0.5045283018867924 0.1270935960591133 0.13660377358490566
3 0.6157635467980295 0.4950943396226415 0.13004926108374384 0.13433962264150942
4 0.8029556650246304 0.5554716981132075 0.12807881773399013 0.11018867924528301
2 0.6807881773399014 0.7169811320754716 0.1773399014778325 0.14490566037735847
1 0.3793103448275862 0.9041509433962264 0.1359605911330049 0.1781132075471698
0 0.5098522167487685 0.8871698113207547 0.1940886699507389 0.18037735849056602
