0 0.4956140350877193 0.815739570164349 0.16666666666666666 0.16750948166877372
1 0.3859649122807018 0.827117572692794 0.10526315789473685 0.13590391908975982
2 0.6491228070175439 0.706700379266751 0.2105263157894737 0.10872313527180785
3 0.6157894736842106 0.5423514538558787 0.1 0.1415929203539823
3 0.506140350877193 0.5192793931731985 0.08070175438596491 0.10303413400758535
3 0.4144736842105263 0.5316055625790139 0.08157894736842106 0.09734513274336284
3 0.3364035087719298 0.5597345132743363 0.09736842105263158 0.11061946902654868
4 0.7793859649122807 0.6210493046776233 0.15350877192982457 0.084070796460177
4 0.6228070175438597 0.4608091024020228 0.10526315789473685 0.08596713021491784
4 0.5131578947368421 0.44690265486725667 0.1 0.08723135271807839
4 0.41578947368421054 0.4614412136536031 0.08947368421052632 0.09355246523388117
4 0.3162280701754386 0.490834386852086 0.08859649122807017 0.08912768647281923
6 0.8600877192982457 0.5344500632111252 0.12368421052631579 0.11441213653603036
6 0.6859649122807018 0.2563211125158028 0.10526315789473685 0.09924146649810367
6 0.5508771929824562 0.21649810366624528 0.09473684210526316 0.09292035398230089
6 0.4052631578947368 0.240834386852086 0.11578947368421053 0.10745891276864729
6 0.2482456140350877 0.33343868520859676 0.10526315789473685 0.08533501896333756
5 0.268859649122807 0.4042351453855879 0.11315789473684211 0.0638432364096081
5 0.40131578947368424 0.3508217446270544 0.10789473684210527 0.06573957016434893
5 0.5359649122807018 0.3274336283185841 0.0912280701754386 0.0695322376738306
5 0.6754385964912281 0.3587231352718079 0.10526315789473685 0.07774968394437422
