5 0.623395853899309 0.2935667752442997 0.13326752221125368 0.09201954397394137
5 0.4950641658440276 0.2687296416938111 0.12734452122408685 0.10097719869706841
5 0.3371174728529121 0.2915309446254072 0.10562685093780848 0.09120521172638436
5 0.22902270483711745 0.3794788273615635 0.1362290227048371 0.09446254071661238
6 0.14856860809476802 0.2719869706840391 0.11944718657453109 0.10260586319218241
6 0.3050345508390918 0.15268729641693812 0.1362290227048371 0.13599348534201955
6 0.4851924975320829 0.10830618892508144 0.12537018756169793 0.1237785016286645
6 0.6495557749259624 0.1754885993485342 0.12438302073050345 0.1262214983713355
6 0.8667324777887463 0.4682410423452769 0.16386969397828233 0.12866449511400652
4 0.5997038499506416 0.40960912052117265 0.11352418558736425 0.12214983713355049
4 0.47581441263573543 0.40594462540716614 0.11056268509378084 0.10993485342019545
4 0.3770977295162882 0.43281758957654726 0.09674234945705823 0.0985342019543974
4 0.26850937808489633 0.4588762214983714 0.12043435340572556 0.10993485342019545
4 0.751233958538993 0.5757328990228013 0.13030602171767028 0.09446254071661238
3 0.5853899308983218 0.500814332247557 0.1085883514313919 0.13355048859934854
3 0.4703849950641658 0.504885993485342 0.10562685093780848 0.14169381107491857
3 0.38943731490621913 0.5244299674267101 0.09970384995064165 0.13517915309446255
3 0.30750246791707797 0.5541530944625408 0.10365251727541953 0.1490228013029316
2 0.613030602171767 0.7056188925081434 0.16979269496544916 0.1245928338762215
1 0.30602171767028624 0.877442996742671 0.1224086870681145 0.1669381107491857
0 0.44471865745310957 0.8908794788273616 0.18657453109575517 0.18078175895765472
