0 0.4673321234119782 0.7234525837592277 0.17422867513611615 0.14537194775695628
1 0.36116152450090744 0.7314026121521863 0.10526315789473684 0.12947189097103917
2 0.6220508166969146 0.5971039182282794 0.16606170598911071 0.10732538330494037
3 0.31261343012704174 0.4957410562180579 0.09528130671506352 0.1408290743895514
3 0.3806715063520871 0.46223736513344693 0.09709618874773139 0.10562180579216354
3 0.4764065335753176 0.4349801249290176 0.08892921960072595 0.10221465076660988
3 0.5834845735027223 0.44690516751845544 0.0998185117967332 0.10107893242475866
4 0.7409255898366606 0.49233390119250425 0.1279491833030853 0.08290743895513912
4 0.5989110707803993 0.3747870528109029 0.10707803992740471 0.09426462237365134
4 0.4791288566243194 0.37081203861442363 0.09437386569872958 0.08631459398069279
4 0.38248638838475496 0.3796138557637706 0.1043557168784029 0.09596819988642817
4 0.29128856624319416 0.4131175468483816 0.08711433756805807 0.08461101646791595
6 0.8162431941923775 0.41396933560477 0.14609800362976405 0.10562180579216354
6 0.6882940108892922 0.2118114707552527 0.10980036297640652 0.07836456558773425
6 0.4941016333938294 0.1564452015900057 0.08983666061705989 0.08915388983532084
6 0.3294010889292196 0.1845542305508234 0.11252268602540834 0.09085746734809767
6 0.205535390199637 0.2714366837024418 0.10980036297640652 0.08631459398069279
5 0.23865698729582577 0.3427030096536059 0.09437386569872958 0.056218057921635436
5 0.3430127041742287 0.28620102214650767 0.12522686025408347 0.06700738216922203
5 0.4954627949183303 0.2614991482112436 0.12704174228675136 0.06871095968199886
5 0.6510889292196007 0.28620102214650767 0.1279491833030853 0.0704145371947757
