5 0.5734421364985163 0.3479228486646884 0.04896142433234421 0.04599406528189911
5 0.5051928783382789 0.33654797230464883 0.05390702274975272 0.049950544015825916
5 0.4485657764589515 0.37166172106824924 0.04253214638971315 0.04896142433234421
5 0.40281899109792285 0.4218595450049456 0.04698318496538081 0.03956478733926805
6 0.3761127596439169 0.3704253214638971 0.05192878338278931 0.05539070227497527
6 0.43867457962413453 0.304648862512364 0.04154302670623145 0.05934718100890207
6 0.4957962413452027 0.27002967359050445 0.049950544015825916 0.06033630069238378
6 0.5769040553907022 0.28758654797230465 0.04797230464886251 0.06280909990108803
6 0.6421859545004945 0.4198813056379822 0.05291790306627102 0.0712166172106825
4 0.42754698318496537 0.46364985163204747 0.04698318496538081 0.049950544015825916
4 0.4631552917903066 0.4413946587537092 0.04302670623145401 0.04896142433234421
4 0.5061819980217606 0.41938674579624136 0.04599406528189911 0.05341246290801187
4 0.5576162215628091 0.41691394658753705 0.04896142433234421 0.05637982195845697
4 0.6172106824925816 0.4854104846686449 0.04648862512363996 0.04797230464886251
3 0.5489614243323442 0.4688427299703264 0.04747774480712166 0.0712166172106825
3 0.5069238377843719 0.46834817012858554 0.03857566765578635 0.06528189910979228
3 0.4718100890207715 0.4873887240356083 0.03560830860534125 0.07072205736894165
3 0.4443620178041543 0.5056874381800197 0.03214638971315529 0.06577645895153314
2 0.584322453016815 0.5689910979228486 0.06478733926805143 0.06973293768545993
1 0.4708209693372898 0.6792779426310583 0.04549950544015826 0.07270029673590504
0 0.5257171117705242 0.6765578635014836 0.076162215628091 0.10089020771513353
