0 0.5079136690647482 0.7388797364085667 0.21582733812949642 0.12520593080724876
1 0.33525179856115106 0.7532948929159803 0.15251798561151078 0.13097199341021418
1 0.6949640287769784 0.5914332784184514 0.21870503597122304 0.12026359143327842
3 0.6172661870503597 0.41680395387149916 0.13237410071942446 0.13179571663920922
3 0.4841726618705036 0.4056836902800659 0.12805755395683455 0.10955518945634267
3 0.3683453237410072 0.4242174629324547 0.11510791366906475 0.11202635914332784
3 0.26402877697841726 0.4625205930807249 0.1366906474820144 0.1243822075782537
4 0.7956834532374101 0.4468698517298188 0.1237410071942446 0.09308072487644152
4 0.6302158273381295 0.32207578253706753 0.12949640287769784 0.10214168039538715
4 0.4913669064748202 0.3191927512355848 0.1223021582733813 0.09637561779242175
4 0.3575539568345324 0.34308072487644153 0.13956834532374102 0.09308072487644152
4 0.24172661870503598 0.3768533772652389 0.13237410071942446 0.09472817133443164
6 0.8446043165467626 0.3319604612850082 0.15251798561151078 0.12685337726523888
6 0.6971223021582734 0.11243822075782538 0.14820143884892087 0.10461285008237232
6 0.5273381294964029 0.0671334431630972 0.14820143884892087 0.10626029654036244
6 0.3467625899280576 0.10502471169686985 0.11798561151079137 0.0914332784184514
6 0.2079136690647482 0.19522240527182866 0.12517985611510793 0.10214168039538715
5 0.22158273381294966 0.2911861614497529 0.1381294964028777 0.06013179571663921
5 0.3474820143884892 0.22899505766062603 0.12517985611510793 0.0642504118616145
5 0.5115107913669065 0.19604612850082373 0.11654676258992806 0.0757825370675453
5 0.6776978417266187 0.21869851729818782 0.14964028776978416 0.07331136738056013
