5 0.559931506849315 0.18358208955223881 0.1358447488584475 0.09850746268656717
5 0.3955479452054794 0.1925373134328358 0.12442922374429223 0.08507462686567165
5 0.2591324200913242 0.2373134328358209 0.1324200913242009 0.07164179104477612
5 0.1449771689497717 0.31455223880597016 0.11643835616438356 0.0664179104477612
6 0.09931506849315068 0.21828358208955223 0.11643835616438356 0.09179104477611941
6 0.21061643835616436 0.12649253731343282 0.10616438356164383 0.09179104477611941
6 0.3607305936073059 0.08395522388059702 0.1141552511415525 0.09328358208955224
6 0.5570776255707762 0.08880597014925373 0.13013698630136986 0.09701492537313433
6 0.8921232876712328 0.35522388059701493 0.16095890410958902 0.11940298507462686
4 0.5650684931506849 0.3078358208955224 0.13013698630136986 0.10373134328358209
4 0.4235159817351598 0.32425373134328356 0.1278538812785388 0.08134328358208956
4 0.3162100456621004 0.3492537313432836 0.1141552511415525 0.09402985074626866
4 0.21746575342465752 0.3858208955223881 0.11986301369863013 0.1
4 0.7819634703196346 0.45970149253731346 0.136986301369863 0.09104477611940298
3 0.569634703196347 0.3970149253731343 0.11643835616438356 0.11940298507462686
3 0.4417808219178082 0.40634328358208954 0.11187214611872145 0.13208955223880597
3 0.3424657534246575 0.42388059701492536 0.1187214611872146 0.10746268656716418
3 0.24942922374429222 0.4552238805970149 0.10388127853881278 0.1
2 0.6615296803652968 0.5843283582089552 0.1906392694063927 0.10895522388059702
1 0.3578767123287671 0.744776119402985 0.13356164383561642 0.15074626865671642
0 0.4948630136986301 0.7347014925373134 0.2226027397260274 0.17686567164179104
