0 0.5018882175226587 0.8188073394495413 0.14274924471299094 0.1710353866317169
1 0.3987915407854985 0.8401048492791612 0.09365558912386707 0.15465268676277852
2 0.5981873111782477 0.6884010484927916 0.1510574018126888 0.1107470511140236
3 0.5657099697885196 0.5239187418086501 0.0891238670694864 0.15137614678899083
3 0.4901812688821752 0.5068807339449541 0.07250755287009064 0.11205766710353866
3 0.4240936555891239 0.5114678899082569 0.06873111782477341 0.10026212319790302
3 0.3595166163141994 0.5530799475753604 0.05740181268882175 0.11664482306684142
4 0.7197885196374623 0.6166448230668414 0.11027190332326284 0.08125819134993446
4 0.5876132930513596 0.43610747051114024 0.1042296072507553 0.09764089121887287
4 0.4898036253776435 0.4239842726081258 0.08534743202416918 0.09043250327653997
4 0.4078549848942598 0.44331585845347315 0.08308157099697885 0.10681520314547838
4 0.341012084592145 0.4921363040629096 0.08081570996978851 0.08256880733944955
6 0.8338368580060423 0.562254259501966 0.14501510574018128 0.09567496723460027
6 0.6533232628398792 0.22706422018348624 0.09818731117824774 0.11467889908256881
6 0.46941087613293053 0.17595019659239844 0.09894259818731117 0.0963302752293578
6 0.3459214501510574 0.21854521625163828 0.08761329305135952 0.0963302752293578
6 0.23074018126888218 0.33879423328964614 0.09138972809667674 0.10747051114023591
5 0.2847432024169184 0.42365661861074705 0.08761329305135952 0.05701179554390563
5 0.3802870090634441 0.33715596330275227 0.09592145015105741 0.07929226736566186
5 0.48678247734138974 0.30013106159895153 0.10045317220543806 0.07601572739187418
5 0.6242447129909365 0.3423984272608126 0.10649546827794562 0.07536041939711664
