5 0.5934237995824634 0.28784219001610306 0.11586638830897703 0.0893719806763285
5 0.4556367432150313 0.2556360708534622 0.12839248434237996 0.08454106280193237
5 0.33977035490605423 0.28421900161030594 0.10960334029227556 0.09178743961352658
5 0.19206680584551147 0.355475040257649 0.10855949895615866 0.071658615136876
6 0.15187891440501042 0.2604669887278583 0.11586638830897703 0.10386473429951691
6 0.34655532359081415 0.14895330112721417 0.10229645093945719 0.10950080515297907
6 0.47494780793319413 0.1215780998389694 0.10229645093945719 0.11916264090177134
6 0.598643006263048 0.17954911433172302 0.10542797494780792 0.10144927536231885
6 0.8408141962421711 0.47624798711755234 0.1764091858037578 0.13123993558776167
4 0.558455114822547 0.394524959742351 0.12526096033402923 0.1111111111111111
4 0.4525052192066805 0.38446054750402575 0.1033402922755741 0.10869565217391304
4 0.34655532359081415 0.4074074074074074 0.10855949895615866 0.0966183574879227
4 0.2369519832985386 0.4492753623188406 0.09603340292275574 0.09178743961352658
4 0.731732776617954 0.572061191626409 0.12526096033402923 0.10869565217391304
3 0.25835073068893527 0.5249597423510467 0.11586638830897703 0.13848631239935588
3 0.34342379958246344 0.49597423510466987 0.10229645093945719 0.13365539452495975
3 0.4378914405010438 0.46980676328502413 0.08663883089770354 0.1215780998389694
3 0.5490605427974947 0.48188405797101447 0.09603340292275574 0.1215780998389694
2 0.5741127348643006 0.6851851851851852 0.17327766179540707 0.11594202898550725
1 0.2473903966597077 0.8095813204508857 0.11273486430062629 0.16344605475040258
0 0.3768267223382046 0.8341384863123994 0.1962421711899791 0.16586151368760063
