0 0.5284510010537408 0.6910237388724035 0.14436248682824024 0.163946587537092
1 0.4114857744994731 0.6795252225519288 0.0958904109589041 0.1483679525222552
2 0.6780821917808219 0.5244807121661721 0.15489989462592202 0.10385756676557864
3 0.6069546891464699 0.37351632047477745 0.10537407797681769 0.1327893175074184
3 0.5068493150684931 0.37870919881305637 0.08640674394099052 0.10905044510385757
3 0.42360379346680715 0.39094955489614247 0.07586933614330874 0.09792284866468844
3 0.357218124341412 0.4235905044510386 0.09483667017913593 0.10534124629080119
4 0.7834562697576396 0.4280415430267063 0.11064278187565858 0.08605341246290801
4 0.6185458377239199 0.2867210682492582 0.09272918861959957 0.10014836795252226
4 0.5084299262381454 0.29525222551928787 0.11275026343519494 0.09643916913946587
4 0.40516332982086406 0.3193620178041543 0.09799789251844046 0.10014836795252226
4 0.3203371970495258 0.3660979228486647 0.1095890410958904 0.07937685459940653
6 0.8998946259220231 0.3701780415430267 0.15173867228661747 0.10534124629080119
6 0.6870389884088514 0.11127596439169139 0.10326659641728134 0.08753709198813056
6 0.48103266596417277 0.09124629080118694 0.0874604847207587 0.09643916913946587
6 0.31822971548998946 0.13983679525222553 0.10537407797681769 0.08234421364985163
6 0.196522655426765 0.23479228486646886 0.09799789251844046 0.08679525222551929
5 0.2629083245521602 0.3037833827893175 0.09799789251844046 0.051186943620178046
5 0.35985247629083245 0.22959940652818991 0.0958904109589041 0.06157270029673591
5 0.5005268703898841 0.18805637982195847 0.12223393045310853 0.06602373887240356
5 0.6585879873551106 0.1991839762611276 0.1095890410958904 0.06750741839762611
