5 0.6801169590643275 0.24358974358974358 0.15087719298245614 0.06894586894586895
5 0.5017543859649123 0.22535612535612534 0.1239766081871345 0.07008547008547009
5 0.34093567251461987 0.2547008547008547 0.13216374269005848 0.058119658119658114
5 0.17309941520467836 0.3313390313390313 0.12631578947368421 0.05413105413105413
6 0.10877192982456141 0.24444444444444444 0.14035087719298245 0.09344729344729344
6 0.3175438596491228 0.145014245014245 0.16257309941520467 0.0905982905982906
6 0.4912280701754386 0.12250712250712249 0.12631578947368421 0.0866096866096866
6 0.7070175438596491 0.1564102564102564 0.11111111111111112 0.09173789173789174
6 0.8754385964912281 0.34074074074074073 0.12280701754385966 0.10826210826210826
4 0.652046783625731 0.34444444444444444 0.12280701754385966 0.08034188034188033
4 0.4970760233918129 0.337037037037037 0.12631578947368421 0.08603988603988603
4 0.3713450292397661 0.3641025641025641 0.11345029239766082 0.07293447293447293
4 0.25321637426900584 0.41025641025641024 0.11111111111111112 0.06267806267806267
3 0.2935672514619883 0.46068376068376066 0.13801169590643275 0.07578347578347577
3 0.3859649122807018 0.4279202279202279 0.09590643274853801 0.08888888888888888
3 0.5035087719298246 0.40655270655270653 0.12046783625730995 0.0962962962962963
3 0.6356725146198831 0.40655270655270653 0.10175438596491228 0.0792022792022792
4 0.8385964912280702 0.449002849002849 0.14035087719298245 0.07749287749287749
1 0.7309941520467836 0.5484330484330484 0.23391812865497078 0.08148148148148147
2 0.4087719298245614 0.6769230769230768 0.14152046783625732 0.09344729344729344
0 0.5421052631578948 0.6609686609686609 0.20935672514619882 0.11396011396011395
