0 0.47181372549019607 0.6708675263774911 0.17892156862745098 0.1846424384525205
1 0.3480392156862745 0.6729191090269636 0.12745098039215685 0.14536928487690504
2 0.6454248366013072 0.5290152403282532 0.18137254901960784 0.12133645955451347
4 0.7332516339869282 0.42203985932004684 0.12990196078431374 0.08206330597889801
4 0.5910947712418301 0.29337631887456034 0.10866013071895425 0.08851113716295428
4 0.47794117647058826 0.2913247362250879 0.09967320261437909 0.08909730363423211
4 0.377859477124183 0.317116060961313 0.10049019607843138 0.08909730363423211
4 0.28839869281045755 0.3596131301289566 0.09640522875816994 0.08264947245017584
3 0.31004901960784315 0.4170574443141852 0.0727124183006536 0.09320046893317702
3 0.38848039215686275 0.39536928487690504 0.08415032679738563 0.1189917936694021
3 0.47303921568627455 0.37045720984759667 0.09640522875816994 0.10433763188745603
3 0.5837418300653595 0.36283704572098474 0.09395424836601307 0.10199296600234466
6 0.8178104575163399 0.34114888628370454 0.1454248366013072 0.11957796014067995
6 0.6331699346405228 0.10316529894490034 0.10294117647058824 0.08675263774912075
6 0.47303921568627455 0.08382180539273153 0.09640522875816994 0.09495896834701055
6 0.3357843137254902 0.11635404454865181 0.09967320261437909 0.10023446658851114
6 0.19934640522875818 0.2048651817116061 0.10947712418300654 0.09554513481828839
5 0.23897058823529413 0.2813599062133646 0.1119281045751634 0.0738569753810082
5 0.352124183006536 0.21424384525205156 0.10294117647058824 0.0697538100820633
5 0.4791666666666667 0.18698710433763188 0.10866013071895425 0.07151230949589683
5 0.6213235294117647 0.19109026963657677 0.11519607843137256 0.07151230949589683
