5 0.6645129224652087 0.2842993396918562 0.13220675944333996 0.07997065297138665
5 0.49950298210735583 0.24614820249449745 0.11431411530815108 0.08290535583272195
5 0.3732604373757455 0.27696258253851797 0.1202783300198807 0.07410124724871607
5 0.2460238568588469 0.3492296404988995 0.1202783300198807 0.09537784299339692
6 0.19681908548707752 0.25128393250183423 0.12524850894632206 0.11812179016874542
6 0.3325049701789264 0.14196625091709464 0.11232604373757454 0.10931768158473955
6 0.5034791252485089 0.11408657373440939 0.10636182902584491 0.10344827586206896
6 0.695328031809145 0.17057960381511372 0.09840954274353876 0.0975788701393984
6 0.8633200795228627 0.42186353631694795 0.1540755467196819 0.1408657373440939
4 0.28081510934393633 0.42479823917828324 0.11431411530815108 0.10124724871606751
4 0.3846918489065606 0.384446074834923 0.10934393638170974 0.11151870873074102
4 0.4910536779324055 0.3730741012472487 0.1033797216699801 0.10491562729273661
4 0.6153081510934393 0.384446074834923 0.12326043737574552 0.11151870873074102
4 0.7524850894632206 0.5267791636096846 0.13121272365805167 0.09537784299339692
3 0.3116302186878727 0.5102714600146735 0.09840954274353876 0.123991195891416
3 0.3931411530815109 0.4702861335289802 0.09244532803180913 0.11005135730007337
3 0.48409542743538764 0.46221570066030815 0.09542743538767395 0.12619222303741748
3 0.5984095427435387 0.46221570066030815 0.11729622266401589 0.09684519442406457
2 0.6257455268389661 0.6537050623624359 0.16799204771371767 0.1173881144534116
1 0.2992047713717694 0.7898019075568599 0.10934393638170974 0.1504035216434336
0 0.430417495029821 0.8162142333088775 0.20477137176938368 0.169479090242113
