0 0.4540719696969697 0.7640970735189151 0.19223484848484848 0.1891506067094932
1 0.3347537878787879 0.7451820128479657 0.10511363636363637 0.15560314061384725
2 0.6231060606060607 0.6013561741613134 0.2159090909090909 0.10349750178443969
3 0.5662878787878788 0.43219129193433264 0.10227272727272728 0.13204853675945752
3 0.4630681818181818 0.42469664525339046 0.08712121212121213 0.1256245538900785
3 0.390625 0.453604568165596 0.08049242424242424 0.12348322626695218
3 0.31865530303030304 0.46823697359029265 0.10511363636363637 0.11848679514632406
4 0.7353219696969697 0.5099928622412563 0.11079545454545454 0.09207708779443255
4 0.5748106060606061 0.3333333333333333 0.09659090909090909 0.10563882940756603
4 0.46732954545454547 0.33369022127052106 0.08996212121212122 0.09635974304068523
4 0.3868371212121212 0.36866523911491794 0.09943181818181819 0.08779443254817987
4 0.2850378787878788 0.39721627408993576 0.08712121212121213 0.08779443254817987
6 0.8432765151515151 0.43504639543183443 0.1543560606060606 0.09493219129193434
6 0.6231060606060607 0.1470378301213419 0.09848484848484848 0.11420413990007137
6 0.49053030303030304 0.10492505353319058 0.09659090909090909 0.10992148465381871
6 0.34611742424242425 0.15988579586009993 0.11647727272727273 0.11420413990007137
6 0.19460227272727273 0.23911491791577444 0.10511363636363637 0.10135617416131334
5 0.22964015151515152 0.3194147037830121 0.09375 0.06780870806566738
5 0.35984848484848486 0.2630264097073519 0.11363636363636365 0.07494646680942184
5 0.48200757575757575 0.21698786581013563 0.09659090909090909 0.06995003568879372
5 0.6070075757575758 0.24660956459671662 0.10795454545454546 0.07209136331192005
