5 0.6625141562853908 0.30071599045346065 0.09966024915062288 0.06523468575974543
5 0.549263873159683 0.2724741447891806 0.10192525481313704 0.07557677008750995
5 0.4110985277463194 0.29992044550517105 0.12684031710079277 0.06364359586316627
5 0.2808607021517554 0.36992840095465396 0.09513023782559457 0.06364359586316627
6 0.2718006795016988 0.27128082736674625 0.1087202718006795 0.10660302307080351
6 0.4043035107587769 0.1809864757358791 0.10645526613816535 0.11694510739856802
6 0.5532276330690827 0.1507557677008751 0.12344280860702153 0.12330946698488465
6 0.6715741789354474 0.1953062848050915 0.09286523216308042 0.10580747812251393
6 0.862400906002265 0.4737470167064439 0.1551528878822197 0.11694510739856802
4 0.6234428086070216 0.4053301511535402 0.11664779161947905 0.09785202863961814
4 0.5045300113250284 0.40015910898965795 0.10305775764439412 0.08750994431185362
4 0.4003397508493772 0.4196499602227526 0.10079275198187997 0.0883054892601432
4 0.28822197055492643 0.45704057279236276 0.10079275198187997 0.08353221957040573
4 0.7446206115515289 0.5608591885441527 0.11664779161947905 0.07955449482895784
3 0.3040770101925255 0.530230708035004 0.09399773499433749 0.11217183770883056
3 0.3935447338618347 0.49562450278440734 0.10532276330690828 0.1034208432776452
3 0.4864099660249151 0.48090692124105017 0.09626274065685164 0.11694510739856802
3 0.60079275198188 0.4916467780429595 0.10985277463193659 0.11933174224343676
2 0.6041902604756513 0.6690533015115354 0.1710079275198188 0.12251392203659507
1 0.3193657984144961 0.8162291169451075 0.1291053227633069 0.15592680986475738
0 0.4450736126840317 0.8210023866348449 0.2129105322763307 0.1575178997613365
