0 0.5427794263105835 0.7045004945598418 0.10039564787339268 0.119188921859545
1 0.4762611275964391 0.7178536102868447 0.0712166172106825 0.10534124629080119
2 0.5944609297725024 0.5786350148367952 0.09099901088031652 0.11177052423343224
3 0.5618199802176063 0.47057368941641936 0.05242334322453017 0.10534124629080119
3 0.5061819980217606 0.48318496538081107 0.05192878338278931 0.09792284866468842
3 0.4710682492581602 0.498269040553907 0.04302670623145401 0.08654797230464886
3 0.43620178041543023 0.5242334322453016 0.043521266073194856 0.09000989119683481
4 0.6233926805143423 0.49085064292779423 0.05291790306627102 0.061819980217606325
4 0.5623145400593471 0.4033135509396637 0.058358061325420374 0.06973293768545993
4 0.5074183976261127 0.4183976261127596 0.04945598417408506 0.0722057368941642
4 0.4629080118694362 0.43743818001978235 0.04648862512363996 0.06973293768545993
4 0.41666666666666663 0.4681008902077151 0.06083086053412463 0.06478733926805143
6 0.637240356083086 0.41394658753709196 0.05588526211671612 0.08110781404549951
6 0.5625618199802176 0.25370919881305637 0.050939663699307615 0.06429277942631058
6 0.5079129574678536 0.23516320474777447 0.04846686449060336 0.06577645895153314
6 0.4406528189910979 0.26310583580613256 0.04549950544015826 0.06824925816023739
6 0.37166172106824924 0.34198813056379823 0.04698318496538081 0.06577645895153314
5 0.3939169139465875 0.4013353115727003 0.04797230464886251 0.050939663699307615
5 0.44584569732937684 0.34619188921859545 0.04797230464886251 0.054401582591493566
5 0.503461918892186 0.3194856577645895 0.054401582591493566 0.05637982195845697
5 0.5586053412462908 0.3229475766567755 0.06083086053412463 0.058358061325420374
