0 0.5078023407022106 0.7901080631753948 0.20156046814044215 0.16209476309226933
1 0.39466840052015606 0.8075644222776392 0.1469440832249675 0.1404821280133001
1 0.6853055916775033 0.6122194513715711 0.21326397919375814 0.11554447215295095
3 0.6196358907672301 0.44472152950955945 0.13133940182054615 0.11970074812967581
3 0.4947984395318596 0.43059019118869496 0.10533159947984395 0.11305070656691604
3 0.3953185955786736 0.4630091438071488 0.10143042912873862 0.1113881961762261
3 0.3088426527958388 0.4912718204488778 0.0975292587776333 0.10972568578553617
4 0.7607282184655397 0.47880299251870323 0.11963589076723018 0.09975062344139651
4 0.6326397919375812 0.3512053200332502 0.1235370611183355 0.11055694098088113
4 0.4947984395318596 0.35203657522859516 0.1235370611183355 0.0972568578553616
4 0.38036410923276986 0.3807148794679967 0.11313394018205462 0.0914380714879468
4 0.2776332899869961 0.42186201163757275 0.11053315994798439 0.08395677472984206
6 0.8368010403120937 0.36824605153782214 0.13133940182054615 0.12136325852036575
6 0.7002600780234071 0.14671654197838738 0.11053315994798439 0.0889443059019119
6 0.4960988296488947 0.10473815461346633 0.13133940182054615 0.09642560266001662
6 0.3400520156046814 0.13881961762261014 0.11313394018205462 0.10473815461346633
6 0.15929778933680105 0.2502078137988362 0.11833550065019506 0.08478802992518704
5 0.2152145643693108 0.3341645885286783 0.11313394018205462 0.06650041562759768
5 0.35565669700910274 0.2626766417290108 0.09492847854356307 0.06650041562759768
5 0.4967490247074122 0.2198669991687448 0.11963589076723018 0.07231920199501247
5 0.6710013003901171 0.2489609310058188 0.1378413524057217 0.07231920199501247
