5 0.6875631951466128 0.22278225806451615 0.11526794742163803 0.08266129032258066
5 0.5591506572295248 0.19690860215053765 0.10313447927199192 0.0685483870967742
5 0.4180990899898888 0.21975806451612906 0.10819009100101112 0.07661290322580645
5 0.269464105156724 0.28830645161290325 0.09403437815975733 0.05510752688172044
6 0.23609706774519718 0.2086693548387097 0.1365015166835187 0.08400537634408603
6 0.4302325581395349 0.10551075268817205 0.10819009100101112 0.09543010752688173
6 0.5813953488372093 0.08904569892473119 0.11526794742163803 0.1028225806451613
6 0.7143579373104146 0.13373655913978497 0.1122345803842265 0.08333333333333334
6 0.8801820020222447 0.38676075268817206 0.1526794742163802 0.10147849462365592
4 0.6359959555106168 0.3158602150537635 0.11526794742163803 0.09408602150537636
4 0.5273003033367037 0.30880376344086025 0.09605662285136501 0.09206989247311828
4 0.4196157735085946 0.3266129032258065 0.10111223458038424 0.08736559139784947
4 0.3109201213346815 0.3578629032258065 0.11021233569261882 0.08400537634408603
4 0.7800808897876643 0.4727822580645162 0.12234580384226491 0.07325268817204302
3 0.6193124368048534 0.40322580645161293 0.10414560161779576 0.12634408602150538
3 0.5136501516683519 0.39650537634408606 0.0910010111223458 0.125
3 0.4180990899898888 0.4089381720430108 0.08998988877654196 0.12970430107526884
3 0.33822042467138524 0.43380376344086025 0.08998988877654196 0.11760752688172044
2 0.6435793731041456 0.5635080645161291 0.17087967644084934 0.09341397849462367
1 0.3690596562184024 0.7053091397849462 0.1314459049544995 0.12029569892473119
0 0.4944388270980789 0.7029569892473119 0.17593528816986856 0.17473118279569894
