0 0.5132211538461539 0.7381831610044314 0.19711538461538464 0.18833087149187594
1 0.3852163461538462 0.7259970457902511 0.12860576923076925 0.12112259970457903
2 0.6959134615384616 0.5465288035450517 0.2355769230769231 0.14032496307237816
3 0.6310096153846154 0.40546528803545057 0.13461538461538464 0.11816838995568686
3 0.5198317307692308 0.4117429837518464 0.11899038461538462 0.12481536189069425
3 0.4242788461538462 0.4154357459379616 0.10576923076923078 0.10413589364844905
3 0.3401442307692308 0.44497784342688335 0.0889423076923077 0.11004431314623339
4 0.7974759615384616 0.43648449039881837 0.11658653846153846 0.08862629246676515
4 0.6400240384615385 0.31831610044313147 0.11658653846153846 0.09896602658788775
4 0.5186298076923077 0.3168389955686854 0.11658653846153846 0.09896602658788775
4 0.41586538461538464 0.33788774002954214 0.10336538461538462 0.09231905465288036
4 0.3082932692307693 0.3737075332348597 0.11658653846153846 0.07976366322008863
6 0.8701923076923077 0.33308714918759236 0.1466346153846154 0.11669128508124077
6 0.6610576923076923 0.13183161004431315 0.10336538461538462 0.08641063515509602
6 0.5360576923076923 0.09379615952732645 0.09134615384615385 0.09158050221565732
6 0.40805288461538464 0.12259970457902512 0.11899038461538462 0.09010339734121123
6 0.2403846153846154 0.20901033973412114 0.09615384615384616 0.08862629246676515
5 0.27403846153846156 0.29172821270310195 0.10817307692307693 0.0620384047267356
5 0.39543269230769235 0.23227474150664698 0.11298076923076923 0.07016248153618908
5 0.5258413461538461 0.20716395864106352 0.11177884615384616 0.07607090103397342
5 0.6574519230769231 0.2307976366322009 0.11057692307692309 0.07311669128508125
