5 0.640625 0.2723756906077348 0.11125 0.09171270718232045
5 0.5175 0.23314917127071824 0.1 0.08839779005524863
5 0.390625 0.2685082872928177 0.10125 0.10386740331491713
5 0.28375 0.35745856353591166 0.09 0.07403314917127073
6 0.26 0.2552486187845304 0.105 0.11491712707182321
6 0.388125 0.13535911602209946 0.08625000000000001 0.1270718232044199
6 0.520625 0.10552486187845304 0.09375 0.11602209944751382
6 0.6675 0.15027624309392265 0.085 0.11049723756906078
6 0.8200000000000001 0.46850828729281774 0.115 0.1281767955801105
4 0.610625 0.39005524861878454 0.10625 0.11049723756906078
4 0.504375 0.37679558011049724 0.09625 0.11049723756906078
4 0.41000000000000003 0.3961325966850829 0.1125 0.10497237569060774
4 0.319375 0.4414364640883978 0.08875 0.09613259668508288
4 0.726875 0.556353591160221 0.11125 0.10497237569060774
3 0.6 0.5044198895027625 0.09 0.15138121546961328
3 0.504375 0.4806629834254144 0.08375 0.12154696132596686
3 0.421875 0.4977900552486188 0.08125 0.11381215469613261
3 0.33875 0.5303867403314918 0.0925 0.11933701657458565
2 0.635 0.6922651933701658 0.17250000000000001 0.11823204419889503
1 0.3225 0.8292817679558012 0.11 0.14475138121546963
0 0.4475 0.8502762430939227 0.1875 0.1845303867403315
