0 0.45725108225108224 0.8830364058869095 0.21103896103896103 0.16731216111541442
1 0.3327922077922078 0.8675445391169636 0.11796536796536797 0.1549186676994578
2 0.6141774891774892 0.7060418280402789 0.18073593073593072 0.12470952749806352
3 0.538961038961039 0.5329202168861348 0.12337662337662338 0.1409759876065066
3 0.4145021645021645 0.5398915569326104 0.09523809523809523 0.13013168086754454
3 0.3300865800865801 0.5677769171185129 0.10822510822510822 0.12083656080557707
3 0.2591991341991342 0.6057319907048799 0.10064935064935066 0.12083656080557707
4 0.770021645021645 0.5731990704879938 0.1590909090909091 0.11154144074360961
4 0.5546536796536796 0.43299767621998453 0.12878787878787878 0.12393493415956623
4 0.41125541125541126 0.4364833462432223 0.12337662337662338 0.11386522075910148
4 0.3051948051948052 0.47714949651433003 0.11904761904761904 0.11154144074360961
4 0.21861471861471862 0.5321456235476375 0.10606060606060606 0.10999225406661503
6 0.8814935064935064 0.4670797831138653 0.17857142857142858 0.12858249419054996
6 0.6298701298701299 0.21494965143299768 0.1341991341991342 0.1200619674670798
6 0.4161255411255411 0.18048024786986833 0.1331168831168831 0.12393493415956623
6 0.2564935064935065 0.2455460883036406 0.11038961038961038 0.11773818745158793
6 0.10822510822510822 0.35979860573199074 0.08874458874458875 0.09217660728117738
5 0.16071428571428573 0.4465530596436871 0.12012987012987013 0.061192873741285826
5 0.27705627705627706 0.35979860573199074 0.10822510822510822 0.06893880712625872
5 0.4172077922077922 0.3175832687838885 0.12012987012987013 0.069713400464756
5 0.5974025974025974 0.3237800154918668 0.14285714285714285 0.07591014717273432
