5 0.6005535055350554 0.26208333333333333 0.11070110701107011 0.0775
5 0.4524907749077491 0.24708333333333335 0.10239852398523985 0.08916666666666667
5 0.35239852398523985 0.29083333333333333 0.1014760147601476 0.09333333333333334
5 0.23616236162361623 0.3720833333333334 0.1088560885608856 0.08083333333333334
6 0.20202952029520294 0.27083333333333337 0.1143911439114391 0.12666666666666668
6 0.3238007380073801 0.14958333333333335 0.1088560885608856 0.1125
6 0.42343173431734316 0.09458333333333334 0.11070110701107011 0.11416666666666668
6 0.6148523985239852 0.14708333333333334 0.10055350553505535 0.12083333333333333
6 0.8311808118081181 0.47500000000000003 0.13837638376383762 0.125
4 0.5747232472324723 0.39708333333333334 0.1033210332103321 0.12250000000000001
4 0.728321033210332 0.58375 0.13007380073800737 0.10416666666666667
4 0.4640221402214022 0.39708333333333334 0.11070110701107011 0.10583333333333333
4 0.375 0.42833333333333334 0.08763837638376383 0.10500000000000001
4 0.2915129151291513 0.46708333333333335 0.11070110701107011 0.10583333333333333
3 0.3118081180811808 0.5454166666666667 0.07749077490774907 0.11750000000000001
3 0.3856088560885609 0.5241666666666667 0.07011070110701106 0.13166666666666668
3 0.46448339483394835 0.4916666666666667 0.09132841328413284 0.13
3 0.5641143911439114 0.4979166666666667 0.10055350553505535 0.1391666666666667
2 0.5890221402214022 0.7166666666666667 0.19280442804428044 0.13833333333333334
1 0.3173431734317343 0.8558333333333333 0.11254612546125461 0.15666666666666668
0 0.4312730627306273 0.8716666666666667 0.17250922509225092 0.17
