0 0.5492524186455585 0.7980445043830074 0.13104661389621813 0.14632501685772084
1 0.4569041336851363 0.799055967633176 0.06948109058927002 0.11193526635198921
2 0.6596306068601584 0.6476736345246122 0.13896218117854003 0.09777478084962912
3 0.5954265611257696 0.4908968307484828 0.07739665787159192 0.11463250168577208
3 0.5105540897097626 0.49561699258260283 0.07827616534740546 0.10654079568442347
3 0.4467897977132806 0.5222521915037087 0.07739665787159192 0.10316925151719487
3 0.3812664907651715 0.552596089008766 0.08179419525065963 0.10182063385030343
4 0.7783641160949868 0.5411328388401888 0.12313104661389622 0.08293998651382332
4 0.613896218117854 0.41031692515171947 0.08795074758135445 0.10182063385030343
4 0.5083553210202287 0.41571139581928523 0.08970976253298153 0.09372892784895483
4 0.42963940193491645 0.44942683749157114 0.09586631486367635 0.10182063385030343
4 0.3566402814423923 0.4908968307484828 0.06948109058927002 0.0782198246797033
6 0.8623570800351803 0.44774106540795683 0.1345646437994723 0.1078894133513149
6 0.6943711521547934 0.22690492245448415 0.12225153913808268 0.09238031018206339
6 0.5070360598065083 0.1968981793661497 0.10817941952506596 0.1078894133513149
6 0.3786279683377309 0.24241402562373568 0.08355321020228672 0.10182063385030343
6 0.23966578715919087 0.3597437626432906 0.09234828496042216 0.07349966284558328
5 0.3007915567282322 0.4268374915711396 0.11257695690413369 0.056641942009440324
5 0.40105540897097625 0.3442346594740391 0.08795074758135445 0.05461901550910317
5 0.5123131046613897 0.29703304113283885 0.09410729991204926 0.06405933917734322
5 0.6464379947229552 0.31523937963587323 0.10026385224274406 0.06271072151045179
