5 0.639751552795031 0.2831188493565481 0.07985803016858918 0.08781226343679031
5 0.5159716060337178 0.25775927327781983 0.09494232475598935 0.07040121120363362
5 0.3806566104702751 0.29901589704769116 0.0940550133096717 0.0635881907645723
5 0.2759538598047915 0.39742619227857684 0.07453416149068323 0.06813020439061317
6 0.20585625554569656 0.3152914458743376 0.11357586512866016 0.0991672975018925
6 0.35226264418811004 0.17638152914458743 0.11002661934338953 0.10295230885692658
6 0.5288376220053239 0.13133989401968205 0.10825199645075421 0.10825132475397427
6 0.6863354037267081 0.18470855412566237 0.11268855368234251 0.09992429977289932
6 0.811002661934339 0.4390613171839515 0.14729370008873116 0.12566237698713095
4 0.5993788819875777 0.3925056775170325 0.09671694764862467 0.10068130204390613
4 0.5013309671694766 0.3890991672975019 0.10115350488021296 0.09235427706283118
4 0.40683229813664595 0.42127176381529147 0.08251996450754215 0.07797123391370174
4 0.3234250221827862 0.4595003785011355 0.0878438331854481 0.07115821347464042
4 0.7169476486246673 0.5431491294473884 0.10115350488021296 0.08251324753974262
3 0.5767524401064774 0.4761544284632854 0.0816326530612245 0.1271763815291446
3 0.4858030168589175 0.4598788796366389 0.08074534161490683 0.10673732021196064
3 0.422360248447205 0.48485995457986375 0.07275953859804792 0.11279333838001514
3 0.35226264418811004 0.5105980317940954 0.0709849157054126 0.10370931112793338
2 0.6180124223602484 0.653671461014383 0.11978704525288376 0.11279333838001514
1 0.4117125110913931 0.7990158970476912 0.11357586512866016 0.12944738834216502
0 0.5004436557231589 0.7982588947766843 0.15794143744454303 0.17032551097653292
