0 0.5270700636942675 0.8929765886287625 0.19426751592356686 0.16220735785953178
1 0.40233545647558383 0.887123745819398 0.12314225053078556 0.15719063545150502
2 0.6666666666666666 0.685200668896321 0.16772823779193205 0.15133779264214048
3 0.5918259023354565 0.4970735785953177 0.13481953290870488 0.16304347826086957
3 0.49150743099787686 0.5171404682274248 0.09554140127388534 0.1362876254180602
3 0.40764331210191085 0.5372073578595318 0.09554140127388534 0.1245819397993311
3 0.33121019108280253 0.5936454849498327 0.11677282377919321 0.13377926421404682
4 0.7664543524416135 0.5171404682274248 0.14437367303609341 0.10785953177257525
4 0.5780254777070064 0.38545150501672243 0.11995753715498939 0.12709030100334448
4 0.4676220806794055 0.4168060200668896 0.11995753715498939 0.1245819397993311
4 0.38375796178343946 0.4607023411371237 0.12632696390658174 0.12709030100334448
4 0.2776008492569002 0.5112876254180602 0.12208067940552017 0.10618729096989966
6 0.8248407643312102 0.3963210702341137 0.15498938428874734 0.13210702341137123
6 0.5329087048832272 0.15342809364548496 0.1316348195329087 0.09615384615384615
6 0.3662420382165605 0.14381270903010032 0.11677282377919321 0.11036789297658862
6 0.2643312101910828 0.20317725752508362 0.11040339702760085 0.12040133779264214
6 0.14278131634819533 0.34657190635451507 0.10721868365180467 0.112876254180602
5 0.21337579617834396 0.43687290969899667 0.10828025477707007 0.06605351170568562
5 0.3046709129511677 0.3311036789297659 0.1040339702760085 0.0802675585284281
5 0.4166666666666667 0.2713210702341137 0.10509554140127389 0.07775919732441472
5 0.5615711252653928 0.2591973244147157 0.12314225053078556 0.08193979933110368
