5 0.64125 0.28222222222222226 0.0925 0.07733333333333334
5 0.54 0.25422222222222224 0.1 0.06933333333333333
5 0.42562500000000003 0.28711111111111115 0.09125 0.06755555555555556
5 0.30625 0.3502222222222222 0.105 0.064
6 0.315 0.256 0.0925 0.09955555555555556
6 0.448125 0.16355555555555557 0.08875 0.10133333333333334
6 0.555625 0.12844444444444444 0.09125 0.0968888888888889
6 0.649375 0.168 0.07625 0.09244444444444445
6 0.77875 0.4 0.1075 0.14400000000000002
4 0.623125 0.4017777777777778 0.11375 0.10311111111111111
4 0.51 0.38666666666666666 0.1 0.10666666666666667
4 0.40750000000000003 0.4168888888888889 0.10250000000000001 0.08711111111111111
4 0.30062500000000003 0.4448888888888889 0.10625 0.09511111111111112
4 0.754375 0.5275555555555556 0.11875000000000001 0.08800000000000001
3 0.61125 0.49733333333333335 0.105 0.13955555555555557
3 0.499375 0.47955555555555557 0.10875 0.11644444444444445
3 0.40750000000000003 0.49733333333333335 0.0975 0.11822222222222223
3 0.31 0.5266666666666667 0.0975 0.12355555555555556
2 0.650625 0.6808888888888889 0.17375000000000002 0.10666666666666667
1 0.3625 0.8657777777777779 0.13 0.14044444444444446
0 0.49375 0.8502222222222222 0.1925 0.184
