0 0.5894396551724138 0.8636986301369863 0.14094827586206896 0.16986301369863013
1 0.48857758620689656 0.8761986301369863 0.09612068965517241 0.10513698630136986
2 0.6924568965517242 0.7196917808219178 0.12025862068965518 0.10513698630136986
3 0.6297413793103448 0.550513698630137 0.08620689655172414 0.11952054794520547
3 0.5446120689655173 0.5496575342465754 0.07198275862068966 0.10821917808219178
3 0.47650862068965516 0.576027397260274 0.05991379310344828 0.08767123287671233
3 0.422198275862069 0.6063356164383562 0.06422413793103449 0.11335616438356165
4 0.7691810344827587 0.5982876712328767 0.09612068965517241 0.07465753424657534
4 0.6377155172413793 0.46763698630136985 0.09008620689655172 0.08116438356164384
4 0.5547413793103448 0.4748287671232877 0.08017241379310344 0.07979452054794521
4 0.47435344827586207 0.5083904109589041 0.07629310344827586 0.07636986301369864
4 0.40129310344827585 0.5441780821917809 0.07413793103448275 0.07808219178082192
6 0.8353448275862069 0.4898972602739726 0.11637931034482758 0.10034246575342466
6 0.6928879310344828 0.26558219178082193 0.07629310344827586 0.09075342465753425
6 0.596551724137931 0.24794520547945206 0.08017241379310344 0.08767123287671233
6 0.45625 0.28304794520547943 0.07629310344827586 0.09075342465753425
6 0.32198275862068965 0.37705479452054796 0.08017241379310344 0.09726027397260274
5 0.3441810344827586 0.46284246575342464 0.09612068965517241 0.05582191780821918
5 0.46379310344827585 0.3972602739726027 0.09224137931034483 0.07191780821917808
5 0.5797413793103449 0.3561643835616438 0.08189655172413793 0.0589041095890411
5 0.6739224137931035 0.3587328767123288 0.07801724137931035 0.060616438356164384
