5 0.6665697674418605 0.35344827586206895 0.12034883720930233 0.09482758620689655
5 0.5191860465116279 0.2959051724137931 0.1127906976744186 0.08318965517241379
5 0.3816860465116279 0.32155172413793104 0.12383720930232558 0.09482758620689655
6 0.15290697674418605 0.4351293103448276 0.15465116279069768 0.1495689655172414
6 0.3700581395348837 0.19245689655172413 0.10872093023255813 0.11767241379310345
6 0.5383720930232558 0.16228448275862067 0.10465116279069767 0.11508620689655172
6 0.7069767441860465 0.2185344827586207 0.13953488372093023 0.10948275862068965
6 0.8215116279069767 0.34892241379310346 0.12790697674418605 0.10905172413793103
5 0.7517441860465116 0.44375 0.11976744186046512 0.08060344827586206
4 0.22063953488372093 0.5573275862068966 0.1436046511627907 0.11206896551724138
4 0.39709302325581397 0.4538793103448276 0.12441860465116279 0.11206896551724138
4 0.5133720930232558 0.44956896551724135 0.10813953488372093 0.10948275862068965
4 0.6180232558139535 0.4896551724137931 0.09302325581395349 0.12068965517241378
4 0.7031976744186046 0.5443965517241379 0.09709302325581395 0.10948275862068965
3 0.4046511627906977 0.55 0.11627906976744186 0.13793103448275862
3 0.515406976744186 0.5415948275862069 0.09709302325581395 0.10905172413793103
3 0.5968023255813953 0.5814655172413793 0.08546511627906976 0.1146551724137931
3 0.6781976744186047 0.631896551724138 0.10058139534883721 0.12931034482758622
2 0.30959302325581395 0.7308189655172413 0.1680232558139535 0.16594827586206895
0 0.4369186046511628 0.9273706896551724 0.2063953488372093 0.18836206896551724
1 0.5811046511627906 0.9273706896551724 0.14244186046511628 0.1375
