0 0.4844924812030075 0.782530553558591 0.17011278195488722 0.17038102084831058
1 0.3576127819548872 0.7958303378864127 0.1362781954887218 0.15240833932422718
2 0.6452067669172932 0.6297627606038821 0.21334586466165412 0.11502516175413371
3 0.5742481203007519 0.4475197699496765 0.10714285714285714 0.15025161754133717
3 0.4765037593984962 0.4370956146657081 0.10150375939849623 0.1365923795830338
3 0.39097744360902253 0.4543493889288282 0.08646616541353383 0.12365204888569375
3 0.30122180451127817 0.48526240115025165 0.09868421052631579 0.13227893601725377
4 0.7767857142857142 0.5438533429187635 0.1306390977443609 0.09561466570812366
4 0.606203007518797 0.35010783608914453 0.12406015037593984 0.10639827462257369
4 0.48355263157894735 0.3346513299784328 0.10432330827067668 0.10136592379583034
4 0.36607142857142855 0.3648454349388929 0.106203007518797 0.1085549964054637
4 0.274906015037594 0.40654205607476634 0.09304511278195488 0.10424155283968368
6 0.8811090225563909 0.44895758447160317 0.1588345864661654 0.12149532710280374
6 0.6875 0.1509705248023005 0.1531954887218045 0.11933860531991373
6 0.4746240601503759 0.09669302659956866 0.12218045112781954 0.11286843997124371
6 0.3125 0.13371675053918045 0.1212406015037594 0.11502516175413371
6 0.18139097744360902 0.23759884974838247 0.11842105263157894 0.09705248023005032
5 0.22180451127819548 0.32818116462976277 0.10150375939849623 0.07548526240115025
5 0.3341165413533834 0.2451473759884975 0.1306390977443609 0.07764198418404027
5 0.4671052631578947 0.21315600287562905 0.10714285714285714 0.0884255930984903
5 0.6409774436090225 0.24406901509705248 0.11278195488721804 0.07979870596693027
