5 0.6607954545454545 0.26448170731707316 0.1284090909090909 0.06859756097560976
5 0.5051136363636364 0.23513719512195122 0.13068181818181818 0.08765243902439025
5 0.3482954545454545 0.2782012195121951 0.11931818181818181 0.08841463414634147
5 0.19829545454545452 0.36089939024390244 0.10568181818181818 0.06478658536585366
6 0.1596590909090909 0.26333841463414637 0.13068181818181818 0.11356707317073171
6 0.3386363636363636 0.14710365853658536 0.11136363636363636 0.10060975609756098
6 0.5340909090909091 0.1051829268292683 0.11136363636363636 0.09451219512195122
6 0.6795454545454546 0.15472560975609756 0.1159090909090909 0.0899390243902439
6 0.865340909090909 0.4058689024390244 0.16704545454545452 0.11966463414634147
4 0.6159090909090909 0.3822408536585366 0.1340909090909091 0.12423780487804878
4 0.4795454545454545 0.37690548780487804 0.11136363636363636 0.10899390243902439
4 0.35624999999999996 0.40739329268292684 0.13068181818181818 0.09832317073170732
4 0.2409090909090909 0.4565548780487805 0.1159090909090909 0.07926829268292683
4 0.7721590909090909 0.5285823170731707 0.1284090909090909 0.10289634146341464
3 0.5897727272727272 0.48551829268292684 0.1568181818181818 0.14786585365853658
3 0.4698863636363636 0.4721798780487805 0.10568181818181818 0.1288109756097561
3 0.3704545454545454 0.49085365853658536 0.11818181818181818 0.12652439024390244
3 0.27954545454545454 0.5240091463414634 0.12727272727272726 0.11661585365853659
2 0.6323863636363636 0.669969512195122 0.18295454545454545 0.11432926829268293
1 0.31136363636363634 0.8170731707317074 0.1409090909090909 0.1524390243902439
0 0.4602272727272727 0.8342225609756098 0.22727272727272727 0.1913109756097561
