0 0.5260314341846758 0.8168744007670182 0.1286836935166994 0.16490891658676893
1 0.4273084479371316 0.8245445829338446 0.08447937131630648 0.14189837008628955
2 0.6414538310412573 0.634228187919463 0.13948919449901767 0.11217641418983701
3 0.6095284872298624 0.45781399808245443 0.07760314341846758 0.12176414189837008
3 0.525049115913556 0.45877277085330775 0.07563850687622789 0.11984659635666346
3 0.46070726915520627 0.49616490891658677 0.07269155206286837 0.11984659635666346
3 0.39587426326129665 0.5249280920421859 0.06876227897838899 0.11792905081495685
4 0.7190569744597249 0.48801534036433364 0.0805500982318271 0.08820709491850431
4 0.6296660117878192 0.36720997123681687 0.07072691552062868 0.099712368168744
4 0.5333988212180746 0.3624161073825503 0.08840864440078584 0.09587727708533077
4 0.456286836935167 0.3974113135186961 0.08546168958742632 0.09875359539789069
4 0.3722986247544204 0.4391179290508149 0.07662082514734773 0.08245445829338446
6 0.7735756385068762 0.3772770853307766 0.09724950884086443 0.10642377756471716
6 0.7141453831041257 0.17497603068072864 0.09233791748526522 0.10834132310642378
6 0.581532416502947 0.12703739213806328 0.08447937131630648 0.11409395973154361
6 0.4528487229862475 0.1653883029721956 0.0805500982318271 0.10450623202301054
6 0.28781925343811393 0.274209012464046 0.09037328094302553 0.11505273250239692
5 0.31630648330058936 0.36625119846596355 0.08644400785854617 0.06327900287631831
5 0.4479371316306483 0.2751677852348993 0.0805500982318271 0.06903163950143816
5 0.5609037328094302 0.23633748801534035 0.08447937131630648 0.09300095877277084
5 0.674361493123772 0.2722914669223394 0.08939096267190569 0.06903163950143816
