5 0.5731969860064585 0.25474452554744526 0.10656620021528525 0.07883211678832117
5 0.4590958019375672 0.24197080291970802 0.1022604951560818 0.0854014598540146
5 0.3315392895586652 0.2817518248175182 0.09257265877287404 0.08321167883211679
5 0.21205597416576963 0.34890510948905107 0.09257265877287404 0.0656934306569343
6 0.18083961248654465 0.2635036496350365 0.116254036598493 0.10072992700729927
6 0.3331539289558665 0.15474452554744525 0.10871905274488697 0.11240875912408758
6 0.4639397201291711 0.11642335766423358 0.10548977395048438 0.09854014598540145
6 0.6033369214208826 0.14671532846715327 0.11302475780409041 0.1094890510948905
6 0.8003229278794401 0.38138686131386856 0.19483315392895584 0.12627737226277372
4 0.5522066738428417 0.3521897810218978 0.12271259418729816 0.09854014598540145
4 0.4424111948331539 0.35656934306569343 0.10333692142088266 0.09416058394160583
4 0.33961248654467163 0.3857664233576642 0.10871905274488697 0.09416058394160583
4 0.24381054897739501 0.42664233576642335 0.10871905274488697 0.0854014598540146
4 0.7029063509149622 0.4824817518248175 0.13562970936490848 0.08467153284671532
3 0.2717976318622174 0.5003649635036496 0.10656620021528525 0.13503649635036497
3 0.34445640473627553 0.46131386861313867 0.07965554359526372 0.10072992700729927
3 0.4305705059203444 0.4364963503649635 0.09903121636167922 0.11386861313868613
3 0.5371367061356297 0.43430656934306566 0.09257265877287404 0.1240875912408759
2 0.5931108719052745 0.6080291970802919 0.17222820236813777 0.12116788321167883
1 0.35952637244348756 0.7686131386861313 0.12271259418729816 0.145985401459854
0 0.4677072120559741 0.75 0.1883745963401507 0.18175182481751823
