0 0.42099681866383887 0.8025270758122743 0.1951219512195122 0.1740072202166065
1 0.2905620360551432 0.7981949458483754 0.11876988335100744 0.13935018050541514
2 0.5890774125132556 0.6342960288808663 0.18981972428419938 0.12490974729241877
3 0.5174973488865324 0.4566787003610108 0.11876988335100744 0.13212996389891696
3 0.4040296924708378 0.4494584837545126 0.10816542948038177 0.13212996389891696
3 0.3085896076352068 0.48014440433212996 0.08907741251325557 0.11985559566787003
3 0.21845174973488868 0.5129963898916967 0.11876988335100744 0.13212996389891696
4 0.7083775185577943 0.515884476534296 0.14422057264050903 0.09025270758122743
4 0.5381760339342524 0.36967509025270756 0.11134676564156946 0.10252707581227437
4 0.4072110286320255 0.3675090252707581 0.10816542948038177 0.09530685920577617
4 0.2979851537645812 0.39566787003610104 0.11876988335100744 0.09819494584837545
4 0.19671261930010606 0.4368231046931408 0.11134676564156946 0.08808664259927797
6 0.775185577942736 0.3971119133574007 0.1357370095440085 0.1328519855595668
6 0.5986214209968187 0.16064981949458482 0.12831389183457054 0.11913357400722022
6 0.41516436903499476 0.1115523465703971 0.10074231177094381 0.10613718411552346
6 0.2550371155885472 0.14259927797833935 0.11134676564156946 0.12057761732851985
6 0.11770943796394487 0.2642599277978339 0.10816542948038177 0.09241877256317689
5 0.15005302226935313 0.3462093862815884 0.10922587486744434 0.06714801444043321
5 0.2741251325556734 0.26859205776173284 0.11558854718981973 0.06353790613718412
5 0.4125132555673383 0.23285198555956677 0.09544008483563098 0.06859205776173284
5 0.5779427359490987 0.2545126353790614 0.12089077412513256 0.08592057761732852
