5 0.6110074626865671 0.19472681067344347 0.08955223880597014 0.06035578144853876
5 0.5074626865671642 0.17534942820838628 0.10634328358208955 0.08005082592121983
5 0.4085820895522388 0.18773824650571794 0.0914179104477612 0.07052096569250318
5 0.2905783582089552 0.2452350698856417 0.08861940298507462 0.0724269377382465
6 0.2667910447761194 0.1823379923761118 0.11753731343283581 0.0914866581956798
6 0.4123134328358209 0.09371029224904702 0.10261194029850747 0.08831003811944092
6 0.5163246268656716 0.06289707750952986 0.10914179104477612 0.0914866581956798
6 0.7747201492537313 0.29256670902160103 0.146455223880597 0.09593392630241424
4 0.31949626865671643 0.3148030495552732 0.08675373134328358 0.07433290978398983
4 0.40158582089552236 0.2684243964421855 0.10354477611940298 0.10736975857687421
4 0.4846082089552239 0.26493011435832275 0.08861940298507462 0.07623888182973317
4 0.5792910447761194 0.2731893265565439 0.08022388059701492 0.0940279542566709
4 0.6851679104477612 0.36721728081321475 0.0830223880597015 0.0698856416772554
3 0.3414179104477612 0.3662642947903431 0.08582089552238806 0.09212198221092757
3 0.40578358208955223 0.34625158831003816 0.06343283582089553 0.09021601016518425
3 0.47621268656716415 0.3316391359593393 0.07742537313432836 0.0914866581956798
3 0.566231343283582 0.3414866581956798 0.07462686567164178 0.0997458703939009
2 0.6021455223880597 0.4606099110546379 0.14085820895522388 0.08767471410419314
1 0.38013059701492535 0.602287166454892 0.10914179104477612 0.12960609911054638
0 0.48134328358208955 0.6038754764930114 0.14925373134328357 0.1429479034307497
