0 0.5022002200220022 0.8565719360568383 0.1793179317931793 0.18738898756660746
1 0.37458745874587457 0.8725577264653641 0.1221122112211221 0.16429840142095917
2 0.6534653465346534 0.6838365896980462 0.22442244224422442 0.14742451154529307
3 0.2964796479647965 0.5572824156305506 0.09790979097909791 0.16429840142095917
3 0.3784378437843784 0.5142095914742452 0.0814081408140814 0.15808170515097691
3 0.4845984598459846 0.5106571936056838 0.1023102310231023 0.19715808170515098
3 0.5918591859185919 0.48978685612788636 0.0858085808580858 0.12877442273534637
4 0.759075907590759 0.5634991119005329 0.1144114411441144 0.12877442273534637
4 0.6127612761276128 0.39253996447602135 0.10121012101210121 0.12433392539964476
4 0.49449944994499445 0.37921847246891655 0.1023102310231023 0.13143872113676733
4 0.3806380638063806 0.4058614564831261 0.10121012101210121 0.12433392539964476
4 0.2623762376237624 0.4649200710479574 0.1023102310231023 0.09857904085257549
6 0.875137513751375 0.4515985790408526 0.1463146314631463 0.16429840142095917
6 0.6919691969196919 0.16429840142095917 0.1144114411441144 0.15452930728241562
6 0.5104510451045104 0.11145648312611013 0.11001100110011 0.11456483126110124
6 0.34763476347634764 0.1407637655417407 0.11001100110011 0.12166962699822381
6 0.132013201320132 0.2841918294849023 0.10121012101210121 0.10479573712255773
5 0.20517051705170516 0.38632326820603907 0.1177117711771177 0.09236234458259325
5 0.3641364136413641 0.2775310834813499 0.1188118811881188 0.09147424511545293
5 0.5071507150715071 0.24289520426287745 0.11001100110011 0.07548845470692718
5 0.6672167216721672 0.28730017761989346 0.1221122112211221 0.09857904085257549
