5 0.6574539363484088 0.30584415584415586 0.1407035175879397 0.10909090909090909
5 0.478643216080402 0.3 0.12646566164154105 0.10519480519480519
5 0.3576214405360134 0.3525974025974026 0.11557788944723618 0.09350649350649351
5 0.23492462311557788 0.45292207792207795 0.10301507537688442 0.08766233766233766
6 0.15912897822445563 0.37597402597402596 0.1407035175879397 0.12467532467532468
6 0.3149078726968174 0.2357142857142857 0.1407035175879397 0.11688311688311688
6 0.47110552763819097 0.17142857142857143 0.13149078726968175 0.12077922077922078
6 0.7127303182579564 0.21428571428571427 0.12060301507537688 0.12077922077922078
6 0.8559463986599665 0.44805194805194803 0.1457286432160804 0.13636363636363635
4 0.6105527638190955 0.4051948051948052 0.12060301507537688 0.11688311688311688
4 0.4916247906197655 0.4305194805194805 0.11055276381909548 0.1012987012987013
4 0.3982412060301508 0.4646103896103896 0.09296482412060302 0.09155844155844156
4 0.304857621440536 0.5136363636363637 0.08040201005025126 0.06493506493506493
4 0.7688442211055276 0.5535714285714286 0.10887772194304858 0.08636363636363636
3 0.5887772194304858 0.5003246753246753 0.10217755443886098 0.1344155844155844
3 0.4849246231155779 0.5152597402597403 0.10217755443886098 0.1512987012987013
3 0.4154103852596315 0.5402597402597402 0.08375209380234507 0.11818181818181818
3 0.34380234505862645 0.5766233766233766 0.11809045226130653 0.12987012987012986
2 0.6649916247906198 0.6701298701298701 0.15577889447236182 0.11818181818181818
1 0.44304857621440535 0.836038961038961 0.12060301507537688 0.12272727272727273
0 0.5607202680067002 0.8227272727272728 0.17671691792294808 0.14935064935064934
