0 0.5842274678111588 0.8383699633699634 0.17489270386266095 0.1858974358974359
1 0.46620171673819744 0.8392857142857143 0.10836909871244635 0.14926739926739926
2 0.6936695278969957 0.6401098901098901 0.12339055793991416 0.12454212454212454
3 0.5992489270386266 0.4674908424908425 0.09978540772532189 0.14926739926739926
3 0.5026824034334764 0.49404761904761907 0.09334763948497854 0.1565934065934066
3 0.42757510729613735 0.5155677655677655 0.09763948497854077 0.11355311355311355
3 0.3669527896995708 0.5608974358974359 0.0815450643776824 0.09432234432234432
4 0.7687768240343348 0.4967948717948718 0.10407725321888411 0.10714285714285714
4 0.6013948497854077 0.3663003663003663 0.10407725321888411 0.10256410256410256
4 0.4742489270386266 0.39056776556776557 0.09012875536480687 0.10347985347985347
4 0.39645922746781115 0.44276556776556775 0.08047210300429185 0.09432234432234432
4 0.32242489270386265 0.5114468864468864 0.07832618025751073 0.07967032967032966
6 0.8401287553648069 0.40201465201465203 0.1223175965665236 0.1282051282051282
6 0.6078326180257511 0.15705128205128205 0.08690987124463519 0.09798534798534798
6 0.38680257510729615 0.14056776556776557 0.09120171673819742 0.1108058608058608
6 0.24624463519313305 0.222985347985348 0.11051502145922747 0.10531135531135531
6 0.19206008583690987 0.4107142857142857 0.09012875536480687 0.0815018315018315
5 0.2446351931330472 0.4606227106227106 0.07939914163090128 0.06593406593406594
5 0.3159871244635193 0.31547619047619047 0.10407725321888411 0.08333333333333333
5 0.42542918454935624 0.2651098901098901 0.0890557939914163 0.0815018315018315
5 0.6056866952789699 0.25686813186813184 0.10836909871244635 0.07967032967032966
