5 0.631307929969104 0.31739755571531275 0.11534500514933058 0.06685837526959022
5 0.5211122554067971 0.300862688713156 0.10504634397528322 0.08267433501078361
5 0.4047373841400618 0.32602444284687276 0.09886714727085479 0.08123652048885695
5 0.27703398558187436 0.3738317757009346 0.09886714727085479 0.058950395398993535
6 0.2646755921730175 0.28324946081955427 0.121524201853759 0.10927390366642703
6 0.4093717816683831 0.20668583752695904 0.09577754891864057 0.09273903666427032
6 0.5283213182286303 0.1811646297627606 0.10710607621009269 0.09920920201294034
6 0.6426364572605561 0.2228612508986341 0.09886714727085479 0.100647016534867
6 0.8130792996910401 0.48957584471603166 0.13079299691040164 0.10927390366642703
4 0.5993820803295571 0.4263120057512581 0.121524201853759 0.09489575844716032
4 0.7317198764160658 0.586628324946082 0.13903192584963955 0.08914450035945364
4 0.49330587023686917 0.42343637670740475 0.10092687950566426 0.08914450035945364
4 0.39855818743563337 0.4374550682961898 0.09268795056642636 0.09273903666427032
4 0.3043254376930999 0.4565061107117182 0.09577754891864057 0.09345794392523366
3 0.3027806385169928 0.5201294033069734 0.07826982492276004 0.09705248023005032
3 0.39340885684860966 0.5093457943925234 0.09268795056642636 0.102803738317757
3 0.4830072090628218 0.4953271028037383 0.09268795056642636 0.10352264557872035
3 0.5849639546858908 0.5053918044572251 0.10504634397528322 0.10783608914450037
2 0.5818743563336766 0.692667145938174 0.1791967044284243 0.10136592379583034
1 0.2790937178166838 0.7785765636232926 0.121524201853759 0.14378145219266716
0 0.398043254376931 0.8191948238677211 0.18846549948506694 0.15744069015097054
