0 0.6098265895953757 0.7796934865900383 0.2670520231213873 0.1839080459770115
1 0.4520231213872833 0.7796934865900383 0.14335260115606938 0.14559386973180077
2 0.7630057803468209 0.6021711366538953 0.16878612716763006 0.13154533844189017
3 0.6953757225433527 0.44540229885057475 0.1699421965317919 0.13984674329501917
3 0.5549132947976879 0.4406130268199234 0.11791907514450868 0.13665389527458494
3 0.46473988439306363 0.46360153256704983 0.12023121387283238 0.13282247765006386
3 0.3855491329479769 0.4993614303959132 0.13294797687861273 0.12388250319284803
4 0.8658959537572255 0.471264367816092 0.13641618497109828 0.10089399744572158
4 0.6959537572254336 0.3492975734355045 0.13641618497109828 0.10089399744572158
4 0.5595375722543353 0.35727969348659006 0.13641618497109828 0.10280970625798212
4 0.45086705202312144 0.3834610472541507 0.1271676300578035 0.10408684546615582
4 0.34277456647398846 0.4217752234993615 0.13294797687861273 0.09514687100893998
6 0.9069364161849711 0.3477011494252874 0.1630057803468208 0.11302681992337166
6 0.6832369942196532 0.15900383141762453 0.13410404624277458 0.10217113665389528
6 0.5167630057803468 0.12005108556832696 0.11329479768786128 0.09706257982120052
6 0.3641618497109827 0.16091954022988506 0.1271676300578035 0.10983397190293742
6 0.2485549132947977 0.2640485312899106 0.10404624277456648 0.1079182630906769
5 0.27745664739884396 0.3508939974457216 0.12023121387283238 0.05810983397190294
5 0.38150289017341044 0.2678799489144317 0.1294797687861272 0.08620689655172414
5 0.5317919075144509 0.2359514687100894 0.13410404624277458 0.06832694763729247
5 0.6988439306358382 0.25031928480204346 0.13757225433526013 0.07918263090676884
