5 0.5625618199802176 0.4114737883283877 0.05489614243323442 0.05637982195845697
5 0.49752720079129575 0.4033135509396637 0.05637982195845697 0.05489614243323442
5 0.43249258160237386 0.4287833827893175 0.05885262116716122 0.058358061325420374
5 0.367457962413452 0.48095944609297725 0.04945598417408506 0.05687438180019782
6 0.3464391691394659 0.40875370919881304 0.06577645895153314 0.07665677546983185
6 0.4280415430267062 0.3363006923837784 0.05291790306627102 0.0791295746785361
6 0.49381800197823933 0.30588526211671613 0.06083086053412463 0.08061325420375866
6 0.5682492581602374 0.3400098911968348 0.06231454005934718 0.08259149357072205
6 0.6597428288822947 0.5118694362017804 0.0712166172106825 0.09693372898120672
4 0.5534124629080118 0.494807121661721 0.06231454005934718 0.07665677546983185
4 0.49282888229475763 0.48837784371909 0.05489614243323442 0.07171117705242334
4 0.4379327398615232 0.5101384767556875 0.050939663699307615 0.06775469831849654
4 0.3840257171117705 0.537833827893175 0.05687438180019782 0.06379821958456973
4 0.6362512363996043 0.591246290801187 0.06379821958456973 0.06973293768545993
3 0.5514342235410484 0.5551434223541049 0.06231454005934718 0.09545004945598418
3 0.494807121661721 0.5524233432245301 0.050939663699307615 0.10089020771513353
3 0.4463402571711177 0.574431256181998 0.05291790306627102 0.09347181008902077
3 0.4020771513353116 0.6001483679525222 0.06033630069238378 0.10039564787339268
2 0.576162215628091 0.6792779426310583 0.09000989119683481 0.09149357072205737
1 0.4371909000989119 0.8051434223541049 0.0712166172106825 0.11177052423343224
0 0.5029673590504451 0.7987141444114738 0.10089020771513353 0.12858555885262116
