0 0.545361875637105 0.7374024130589071 0.1957186544342508 0.19588360539389638
1 0.42150866462793074 0.7519517388218595 0.10091743119266056 0.1185237757274663
2 0.698776758409786 0.5642299503193755 0.16207951070336393 0.127750177430802
3 0.6396534148827727 0.4237047551454933 0.109072375127421 0.14052519517388218
3 0.533639143730887 0.4070262597586941 0.09887869520897044 0.1185237757274663
3 0.44597349643221207 0.42228530872959547 0.08256880733944955 0.12349183818310859
3 0.36595310907237516 0.4620298083747339 0.09378185524974517 0.134847409510291
2 0.7849133537206933 0.44180269694819024 0.12844036697247707 0.1185237757274663
4 0.6610601427115189 0.33144073811213626 0.12130479102956168 0.11497515968772179
4 0.5417940876656473 0.30979418026969485 0.10295616717635067 0.1114265436479773
4 0.44342507645259943 0.3388928317955997 0.10397553516819573 0.1114265436479773
4 0.34403669724770647 0.3797019162526615 0.10295616717635067 0.0965223562810504
6 0.8394495412844037 0.3289567068843151 0.1416921508664628 0.11710432931156849
6 0.7013251783893987 0.127750177430802 0.10805300713557595 0.10929737402413059
6 0.5321100917431193 0.08552164655784245 0.10601427115188584 0.10432931156848829
6 0.40214067278287463 0.11036195883605394 0.10295616717635067 0.10432931156848829
6 0.21661569826707444 0.22817601135557133 0.11111111111111112 0.0915542938254081
5 0.27828746177370034 0.30376153300212916 0.11416921508664629 0.0667139815471966
5 0.41845056065239555 0.23101490418736695 0.11111111111111112 0.0688431511710433
5 0.5443425076452599 0.18985095812633074 0.10805300713557595 0.0645848119233499
5 0.6783893985728848 0.2228530872959546 0.11314984709480123 0.07381121362668559
