5 0.658974358974359 0.3597560975609756 0.08102564102564103 0.08130081300813008
5 0.49974358974358973 0.3207317073170732 0.09589743589743589 0.07479674796747968
5 0.38 0.3546747967479675 0.10051282051282051 0.07439024390243902
5 0.24435897435897436 0.4400406504065041 0.09794871794871794 0.06951219512195123
6 0.1930769230769231 0.33922764227642277 0.08564102564102564 0.09146341463414634
6 0.381025641025641 0.22154471544715448 0.10666666666666666 0.1
6 0.517948717948718 0.18699186991869918 0.09435897435897436 0.1016260162601626
6 0.6994871794871795 0.24776422764227643 0.10051282051282051 0.09308943089430895
6 0.8179487179487179 0.5223577235772358 0.1558974358974359 0.12845528455284552
4 0.5928205128205128 0.4691056910569106 0.09846153846153846 0.1
4 0.4805128205128205 0.45975609756097563 0.08717948717948718 0.1048780487804878
4 0.381025641025641 0.48577235772357724 0.08102564102564103 0.1
4 0.2858974358974359 0.5298780487804878 0.0917948717948718 0.08983739837398375
4 0.7348717948717949 0.6290650406504065 0.13641025641025642 0.09634146341463415
3 0.30846153846153845 0.6063008130081301 0.08974358974358974 0.11341463414634147
3 0.3864102564102564 0.5697154471544715 0.07025641025641026 0.10528455284552846
3 0.47615384615384615 0.5493902439024391 0.0835897435897436 0.11178861788617886
3 0.5766666666666667 0.551829268292683 0.07948717948717948 0.11341463414634147
2 0.6076923076923076 0.7467479674796748 0.13641025641025642 0.11382113821138211
1 0.36 0.8865853658536585 0.12615384615384614 0.14715447154471545
0 0.47410256410256413 0.8721544715447155 0.16666666666666666 0.17276422764227642
