0 0.4764102564102564 0.9058943089430894 0.14564102564102563 0.15569105691056911
1 0.38 0.9254065040650407 0.10051282051282051 0.1288617886178862
2 0.6215384615384615 0.7475609756097561 0.1282051282051282 0.12682926829268293
3 0.5861538461538461 0.5715447154471545 0.10256410256410256 0.13902439024390245
3 0.48794871794871797 0.5670731707317073 0.08564102564102564 0.14065040650406505
3 0.40897435897435896 0.5916666666666667 0.08153846153846153 0.13211382113821138
3 0.34076923076923077 0.6282520325203252 0.08974358974358974 0.11666666666666667
4 0.7251282051282051 0.6264227642276423 0.10461538461538461 0.0983739837398374
4 0.6066666666666667 0.4733739837398374 0.09641025641025641 0.11178861788617886
4 0.49666666666666665 0.47052845528455284 0.09384615384615384 0.11016260162601627
4 0.40897435897435896 0.49959349593495933 0.08153846153846153 0.10325203252032521
4 0.331025641025641 0.5392276422764227 0.0917948717948718 0.09796747967479674
6 0.8146153846153846 0.5195121951219512 0.12153846153846154 0.12845528455284552
6 0.676923076923077 0.2725609756097561 0.10461538461538461 0.09634146341463415
6 0.5743589743589743 0.21402439024390243 0.10051282051282051 0.10528455284552846
6 0.40897435897435896 0.24959349593495936 0.08153846153846153 0.0951219512195122
6 0.2956410256410256 0.3461382113821138 0.08974358974358974 0.09796747967479674
5 0.3041025641025641 0.43922764227642275 0.09846153846153846 0.06788617886178862
5 0.4035897435897436 0.3723577235772358 0.09230769230769231 0.06585365853658537
5 0.5371794871794872 0.3384146341463415 0.10717948717948718 0.06951219512195123
5 0.6451282051282051 0.36056910569105693 0.10051282051282051 0.06585365853658537
