5 0.608296943231441 0.25845697329376854 0.11266375545851529 0.08249258160237388
5 0.45240174672489086 0.243026706231454 0.14497816593886464 0.08367952522255193
5 0.33013100436681225 0.28516320474777446 0.09956331877729258 0.08367952522255193
5 0.22358078602620088 0.3566765578635015 0.11004366812227075 0.0712166172106825
6 0.18253275109170305 0.26943620178041544 0.09956331877729258 0.08545994065281899
6 0.3205240174672489 0.1774480712166172 0.12925764192139738 0.10207715133531158
6 0.45109170305676854 0.12729970326409495 0.12139737991266376 0.10029673590504451
6 0.6161572052401747 0.15370919881305636 0.10218340611353711 0.09851632047477744
6 0.8192139737991266 0.40296735905044506 0.1554585152838428 0.10207715133531158
4 0.5707423580786026 0.35341246290801187 0.12838427947598255 0.09673590504451038
4 0.44541484716157204 0.35074183976261125 0.11528384279475982 0.09495548961424333
4 0.35458515283842795 0.38545994065281897 0.09956331877729258 0.09080118694362017
4 0.27074235807860264 0.4246290801186943 0.09956331877729258 0.08961424332344213
4 0.7414847161572052 0.49317507418397627 0.10480349344978167 0.09851632047477744
3 0.5528384279475983 0.4275964391691395 0.11004366812227075 0.11335311572700296
3 0.45240174672489086 0.4356083086053412 0.10131004366812227 0.11513353115727003
3 0.377292576419214 0.457566765578635 0.08558951965065502 0.10801186943620178
3 0.29126637554585155 0.49584569732937683 0.09694323144104804 0.10029673590504451
2 0.6165938864628822 0.5875370919881305 0.1851528384279476 0.10919881305637982
1 0.39344978165938865 0.7406528189910979 0.12314410480349346 0.14480712166172105
0 0.5043668122270742 0.7329376854599406 0.17729257641921398 0.1661721068249258
