0 0.4629972247918594 0.7411320754716981 0.14153561517113783 0.15245283018867925
1 0.3755781683626272 0.740754716981132 0.0906567992599445 0.1411320754716981
2 0.6059204440333025 0.6030188679245283 0.12395929694727105 0.09358490566037736
3 0.5920444033302498 0.44490566037735846 0.07955596669750231 0.11396226415094339
3 0.49491211840888066 0.44075471698113206 0.08325624421831637 0.12981132075471696
3 0.42506938020351526 0.4562264150943396 0.07308048103607771 0.11547169811320754
3 0.3496762257169288 0.47660377358490563 0.06845513413506013 0.1109433962264151
4 0.7386679000925069 0.5230188679245282 0.09898242368177614 0.08452830188679245
4 0.6091581868640148 0.37660377358490565 0.08788159111933395 0.09358490566037736
4 0.5078630897317299 0.35471698113207545 0.0962072155411656 0.0981132075471698
4 0.42090656799259946 0.37584905660377355 0.07770582793709528 0.10566037735849056
4 0.3242368177613321 0.4150943396226415 0.08603145235892692 0.07849056603773584
6 0.8478260869565217 0.46415094339622637 0.15263644773358004 0.10716981132075472
6 0.7002775208140611 0.20830188679245282 0.10730804810360778 0.09660377358490566
6 0.528677150786309 0.14037735849056604 0.09898242368177614 0.0981132075471698
6 0.3667900092506938 0.1649056603773585 0.09898242368177614 0.10188679245283018
6 0.22294172062904719 0.27283018867924524 0.10360777058279372 0.08981132075471698
5 0.2645698427382054 0.34830188679245283 0.08325624421831637 0.06113207547169811
5 0.39500462534690106 0.2784905660377358 0.09435707678075857 0.06490566037735848
5 0.5240518038852914 0.2528301886792453 0.08603145235892692 0.0739622641509434
5 0.666049953746531 0.29245283018867924 0.10360777058279372 0.06113207547169811
