5 0.642550911039657 0.25036710719530103 0.10396570203644158 0.08370044052863436
5 0.4646302250803859 0.2408223201174743 0.09753483386923902 0.06461086637298091
5 0.3520900321543408 0.29809104258443464 0.08681672025723472 0.06020558002936857
5 0.2052518756698821 0.3828928046989721 0.09753483386923902 0.06828193832599118
6 0.1382636655948553 0.28928046989720996 0.09860664523043944 0.09397944199706314
6 0.33815648445873525 0.18098384728340675 0.09967845659163987 0.09177679882525697
6 0.45819935691318325 0.12371512481644639 0.11039657020364416 0.09911894273127753
6 0.6666666666666666 0.14427312775330395 0.11361200428724544 0.09618208516886931
6 0.8719185423365488 0.395374449339207 0.15969989281886388 0.11086637298091041
4 0.5894962486602358 0.35242290748898675 0.11146838156484459 0.10425844346549192
4 0.4683815648445874 0.3623348017621145 0.10289389067524116 0.09030837004405286
4 0.36816720257234725 0.40712187958883994 0.09967845659163987 0.09765051395007342
4 0.27116827438370844 0.4585168869309838 0.09003215434083602 0.09030837004405286
4 0.77491961414791 0.49926578560939794 0.12218649517684887 0.09397944199706314
3 0.5852090032154341 0.44566813509544784 0.09431939978563772 0.12334801762114536
3 0.4667738478027867 0.4585168869309838 0.11468381564844587 0.1343612334801762
3 0.3858520900321543 0.48384728340675476 0.0857449088960343 0.10425844346549192
3 0.2909967845659164 0.5124816446402349 0.08038585209003216 0.09544787077826725
3 0.6666666666666666 0.6229809104258444 0.18006430868167203 0.09765051395007342
1 0.3660235798499464 0.8024963289280469 0.12968917470525188 0.12922173274596183
0 0.492497320471597 0.8054331864904551 0.19185423365487675 0.18649045521292215
