0 0.5645661157024794 0.8659545141281875 0.20144628099173553 0.15368711233631976
1 0.43233471074380164 0.8866299104066161 0.13119834710743802 0.12749827705031014
2 0.7128099173553719 0.6936595451412819 0.19834710743801653 0.1233631977946244
3 0.6203512396694215 0.511026878015162 0.11466942148760331 0.13990351481736732
3 0.4984504132231405 0.5292901447277739 0.10433884297520661 0.15024121295658166
3 0.40082644628099173 0.5475534114403859 0.09710743801652894 0.14128187456926258
3 0.32489669421487605 0.5992419021364576 0.10433884297520661 0.13439007580978635
4 0.7809917355371901 0.5406616126809097 0.12809917355371903 0.1082012405237767
4 0.6234504132231405 0.4169538249483115 0.12086776859504132 0.11164713990351481
4 0.49483471074380164 0.4255685733976568 0.11983471074380166 0.1082012405237767
4 0.3904958677685951 0.4548587181254307 0.09917355371900827 0.10475534114403859
4 0.3006198347107438 0.505513439007581 0.10743801652892562 0.1082012405237767
6 0.8414256198347108 0.40179186767746383 0.1353305785123967 0.15024121295658166
6 0.6549586776859504 0.18297725706409373 0.11776859504132231 0.11371467953135768
6 0.49483471074380164 0.15506547208821503 0.11983471074380166 0.09097174362508614
6 0.3455578512396694 0.19331495520330805 0.14359504132231404 0.1206064782908339
6 0.20144628099173553 0.3142660234321158 0.12603305785123967 0.09372846312887663
5 0.2453512396694215 0.4073053066850448 0.16012396694214875 0.07856650585802895
5 0.3677685950413223 0.33459682977257066 0.12809917355371903 0.0737422467263956
5 0.5005165289256198 0.2935906271536871 0.125 0.07856650585802895
5 0.6415289256198348 0.30151619572708477 0.13016528925619836 0.0833907649896623
