0 0.5530575539568345 0.9250353606789251 0.1906474820143885 0.1485148514851485
1 0.427158273381295 0.9250353606789251 0.12410071942446044 0.12164073550212165
2 0.7189748201438849 0.7305516265912306 0.19874100719424462 0.17821782178217824
3 0.6348920863309353 0.5431400282885431 0.10791366906474821 0.16265912305516267
3 0.5256294964028777 0.5473833097595474 0.09982014388489209 0.1371994342291372
3 0.4491906474820144 0.580975954738331 0.09082733812949641 0.13932107496463933
3 0.3579136690647482 0.6184582743988685 0.10251798561151079 0.14356435643564358
4 0.79181654676259 0.5795615275813296 0.12140287769784174 0.11527581329561527
4 0.6497302158273381 0.4367043847241867 0.11061151079136691 0.11103253182461104
4 0.5269784172661871 0.4536775106082037 0.10251798561151079 0.11103253182461104
4 0.4204136690647482 0.487977369165488 0.10521582733812951 0.11315417256011316
4 0.3246402877697842 0.5442008486562943 0.10791366906474821 0.09547383309759548
6 0.8489208633093526 0.43422913719943423 0.14928057553956836 0.14992927864214994
6 0.6803057553956835 0.2004950495049505 0.10521582733812951 0.12234794908062235
6 0.4518884892086331 0.17644978783592646 0.125 0.1181046676096181
6 0.30935251798561153 0.23302687411598302 0.13309352517985612 0.13083451202263083
6 0.18884892086330937 0.3698727015558699 0.10791366906474821 0.10891089108910891
5 0.2446043165467626 0.46534653465346537 0.1223021582733813 0.07637906647807638
5 0.3552158273381295 0.36810466760961813 0.11330935251798561 0.09971711456859972
5 0.4865107913669065 0.31577086280056577 0.12769784172661872 0.09123055162659123
5 0.6663669064748202 0.32531824611032534 0.1223021582733813 0.08486562942008487
