5 0.6779005524861879 0.27458333333333335 0.09834254143646409 0.07583333333333334
5 0.530939226519337 0.26208333333333333 0.1005524861878453 0.08416666666666667
5 0.40055248618784534 0.30541666666666667 0.09834254143646409 0.0775
5 0.2524861878453039 0.41958333333333336 0.09834254143646409 0.06583333333333334
6 0.17955801104972377 0.3466666666666667 0.10939226519337017 0.11333333333333334
6 0.3839779005524862 0.19291666666666668 0.09171270718232045 0.11416666666666668
6 0.5281767955801105 0.14833333333333334 0.10607734806629834 0.10500000000000001
6 0.6861878453038674 0.17875000000000002 0.08618784530386742 0.09916666666666667
6 0.894475138121547 0.4116666666666667 0.15138121546961328 0.12666666666666668
4 0.6403314917127072 0.3775 0.1116022099447514 0.10333333333333335
4 0.5270718232044199 0.38583333333333336 0.10386740331491713 0.10333333333333335
4 0.4287292817679558 0.41708333333333336 0.0972375690607735 0.09916666666666667
4 0.3243093922651934 0.4741666666666667 0.1116022099447514 0.08166666666666667
4 0.8022099447513813 0.5012500000000001 0.10386740331491713 0.09250000000000001
3 0.6220994475138122 0.4629166666666667 0.10386740331491713 0.13083333333333333
3 0.5193370165745856 0.46708333333333335 0.09502762430939227 0.11416666666666668
3 0.44309392265193376 0.48708333333333337 0.08618784530386742 0.09916666666666667
3 0.3607734806629834 0.53125 0.08950276243093923 0.1125
2 0.6767955801104973 0.6312500000000001 0.13149171270718232 0.10750000000000001
1 0.47624309392265196 0.8045833333333334 0.1281767955801105 0.14583333333333334
0 0.5889502762430939 0.8033333333333333 0.18784530386740333 0.19166666666666668
