0 0.4488078541374474 0.8151232511658895 0.14305750350631136 0.15789473684210525
1 0.3502805049088359 0.8201199200532978 0.0876577840112202 0.15056628914057296
2 0.5750350631136045 0.6645569620253164 0.12482468443197756 0.1459027315123251
3 0.5308555399719495 0.47734843437708196 0.10659186535764376 0.1552298467688208
3 0.4358345021037868 0.46702198534310463 0.08064516129032258 0.13324450366422386
3 0.3643057503506311 0.4993337774816789 0.08064516129032258 0.11658894070619587
3 0.3022440392706872 0.5423051299133911 0.091164095371669 0.11858760826115923
4 0.7103786816269284 0.5656229180546303 0.1093969144460028 0.11325782811459027
4 0.5476858345021037 0.37741505662891406 0.10378681626928471 0.12325116588940706
4 0.4396914446002805 0.379746835443038 0.08835904628330996 0.1105929380413058
4 0.3607994389901823 0.42038640906062624 0.08345021037868162 0.11592271818787475
4 0.27244039270687237 0.48234510326449037 0.07784011220196353 0.10126582278481013
6 0.8180224403927069 0.5039973351099267 0.11150070126227209 0.12325116588940706
6 0.6034361851332398 0.15789473684210525 0.11430575035063113 0.14123917388407728
6 0.46072931276297335 0.13424383744170554 0.11220196353436185 0.12325116588940706
6 0.3446704067321178 0.1725516322451699 0.09046283309957924 0.12125249833444371
6 0.1935483870967742 0.2871419053964024 0.1093969144460028 0.13857428381079281
5 0.24649368863955118 0.3967355096602265 0.10869565217391304 0.07395069953364423
5 0.3537868162692847 0.3054630246502332 0.09326788218793829 0.09127248500999334
5 0.44775596072931273 0.26482345103264493 0.08625525946704067 0.08594270486342438
5 0.573632538569425 0.2748167888074617 0.08835904628330996 0.08594270486342438
