5 0.6294520547945206 0.30231143552311435 0.1 0.09124087591240876
5 0.5133561643835617 0.27220194647201945 0.09520547945205479 0.08454987834549879
5 0.4017123287671233 0.3242092457420925 0.1184931506849315 0.08637469586374696
5 0.31575342465753425 0.4157542579075426 0.07671232876712329 0.06630170316301703
6 0.28698630136986303 0.3281630170316302 0.09726027397260274 0.10523114355231143
6 0.3904109589041096 0.1818734793187348 0.09041095890410959 0.12165450121654502
6 0.4993150684931507 0.13534063260340634 0.0863013698630137 0.14051094890510948
6 0.6075342465753425 0.18491484184914841 0.10684931506849316 0.11557177615571776
6 0.8825342465753425 0.46411192214111924 0.15136986301369862 0.13017031630170317
4 0.6352739726027398 0.4239659367396594 0.11575342465753424 0.11557177615571776
4 0.7780821917808219 0.5663017031630171 0.1095890410958904 0.09489051094890512
4 0.5181506849315068 0.41788321167883213 0.1047945205479452 0.10340632603406326
4 0.41575342465753423 0.45194647201946475 0.1 0.11313868613138686
4 0.33458904109589044 0.5012165450121655 0.09931506849315068 0.09732360097323602
3 0.35342465753424657 0.5897201946472019 0.09041095890410959 0.1380778588807786
3 0.4297945205479452 0.5340632603406327 0.07602739726027398 0.12165450121654502
3 0.510958904109589 0.5076034063260341 0.09041095890410959 0.12347931873479319
3 0.6328767123287671 0.5060827250608273 0.07945205479452055 0.11557177615571776
2 0.6671232876712329 0.712287104622871 0.14383561643835616 0.10705596107055962
0 0.5383561643835616 0.8871654501216545 0.17397260273972603 0.18552311435523114
1 0.40993150684931506 0.8972019464720195 0.11164383561643836 0.14598540145985403
