0 0.49525862068965515 0.7160958904109589 0.1146551724137931 0.13493150684931507
1 0.4122844827586207 0.7155821917808219 0.07198275862068966 0.13321917808219177
2 0.59375 0.5840753424657534 0.12456896551724138 0.09143835616438356
3 0.5519396551724138 0.47756849315068495 0.07456896551724138 0.09897260273972602
3 0.49137931034482757 0.4720890410958904 0.052586206896551725 0.07979452054794521
3 0.43491379310344824 0.48732876712328765 0.045689655172413794 0.08356164383561644
3 0.38469827586206895 0.501541095890411 0.05043103448275862 0.08184931506849315
4 0.697198275862069 0.5215753424657534 0.09094827586206897 0.06095890410958904
4 0.563146551724138 0.41404109589041094 0.0625 0.07054794520547945
4 0.4877155172413793 0.4083904109589041 0.05991379310344828 0.07431506849315068
4 0.4228448275862069 0.4284246575342466 0.06465517241379311 0.0684931506849315
4 0.3631465517241379 0.4559931506849315 0.07456896551724138 0.05924657534246575
6 0.7631465517241379 0.4559931506849315 0.10301724137931034 0.07773972602739726
6 0.6385775862068965 0.27517123287671236 0.07887931034482759 0.08184931506849315
6 0.48275862068965514 0.23150684931506849 0.06465517241379311 0.07808219178082192
6 0.3762931034482759 0.2542808219178082 0.07155172413793104 0.07431506849315068
6 0.23254310344827586 0.3636986301369863 0.0814655172413793 0.06095890410958904
5 0.29331896551724135 0.4126712328767123 0.06939655172413793 0.05684931506849315
5 0.39676724137931035 0.34366438356164386 0.06939655172413793 0.06267123287671234
5 0.48038793103448274 0.3188356164383562 0.07887931034482759 0.05136986301369863
5 0.5918103448275862 0.33801369863013697 0.07155172413793104 0.05547945205479452
