0 0.5286796536796536 0.7995188452285485 0.17424242424242425 0.19406575781876503
1 0.4069264069264069 0.8051323175621492 0.11038961038961038 0.1619887730553328
2 0.6525974025974026 0.6042502004811547 0.15151515151515152 0.11948676824378508
3 0.586038961038961 0.43865276663993585 0.10064935064935066 0.12510024057738572
3 0.4816017316017316 0.44747393744987973 0.10822510822510822 0.12510024057738572
3 0.3961038961038961 0.4759422614274258 0.09307359307359307 0.1226944667201283
3 0.32305194805194803 0.516840417000802 0.08766233766233766 0.11948676824378508
4 0.7656926406926406 0.4963913392141139 0.11147186147186147 0.08019246190858059
4 0.5909090909090909 0.35565356856455493 0.09523809523809523 0.0954290296712109
4 0.4788961038961039 0.35846030473135526 0.09848484848484848 0.10425020048115477
4 0.3804112554112554 0.3905372894947875 0.09848484848484848 0.10104250200481155
4 0.29274891774891776 0.44266238973536487 0.09848484848484848 0.08981555733761026
6 0.8690476190476191 0.3949478748997594 0.1645021645021645 0.12429831595829992
6 0.645021645021645 0.14795509222133119 0.1277056277056277 0.1082598235765838
6 0.49134199134199136 0.11627906976744186 0.10822510822510822 0.11226944667201283
6 0.3430735930735931 0.17963111467522053 0.11255411255411256 0.10425020048115477
6 0.1856060606060606 0.29149959903769046 0.11147186147186147 0.09382518043303929
5 0.23647186147186147 0.37570168404170007 0.10064935064935066 0.06335204490777867
5 0.3566017316017316 0.29069767441860467 0.10064935064935066 0.061748195669607056
5 0.48917748917748916 0.24017642341619888 0.1038961038961039 0.06976744186046512
5 0.6168831168831169 0.256214915797915 0.10822510822510822 0.07457898957497995
