0 0.5129650507328072 0.7715953307392996 0.16234498308906425 0.18287937743190663
1 0.6189402480270575 0.77431906614786 0.11724915445321307 0.14163424124513618
2 0.40191657271702363 0.630739299610895 0.14543404735062007 0.09883268482490273
4 0.2666290868094701 0.5408560311284047 0.12514092446448702 0.09649805447470818
4 0.43573844419391206 0.3743190661478599 0.11161217587373168 0.09494163424124515
4 0.544532130777903 0.37237354085603114 0.08793686583990981 0.09105058365758756
4 0.6206313416009019 0.4003891050583658 0.07779030439684329 0.11439688715953308
4 0.7074408117249155 0.44241245136186774 0.08906426155580609 0.08482490272373541
3 0.4577226606538895 0.4509727626459144 0.09695603156708005 0.12996108949416343
3 0.5473506200676437 0.45642023346303506 0.08906426155580609 0.10817120622568094
3 0.6133032694475761 0.4778210116731518 0.0653889515219842 0.09649805447470818
3 0.6792559188275085 0.5 0.08004509582863585 0.09883268482490273
6 0.19222096956031567 0.4256809338521401 0.12514092446448702 0.11361867704280157
6 0.3878241262683202 0.16070038910505838 0.0992108229988726 0.10038910505836576
6 0.5434047350620067 0.14202334630350197 0.11950394588500562 0.1019455252918288
6 0.6984216459977451 0.20622568093385216 0.10033821871476888 0.09649805447470818
6 0.8528748590755355 0.3175097276264592 0.12288613303269447 0.08249027237354087
5 0.40191657271702363 0.2700389105058366 0.11161217587373168 0.0669260700389105
5 0.5293122886133033 0.2649805447470817 0.08004509582863585 0.06147859922178989
5 0.6471251409244645 0.3058365758754864 0.10597519729425028 0.059143968871595336
5 0.7886133032694476 0.39027237354085603 0.10935738444193911 0.06303501945525292
