5 0.6558641975308642 0.2274436090225564 0.12037037037037038 0.08796992481203009
5 0.4747942386831276 0.2172932330827068 0.12654320987654322 0.08571428571428572
5 0.3312757201646091 0.2796992481203008 0.11728395061728396 0.08571428571428572
5 0.19650205761316875 0.37443609022556396 0.1337448559670782 0.07669172932330827
5 0.13786008230452676 0.27819548872180455 0.12962962962962965 0.11127819548872181
5 0.30401234567901236 0.14210526315789473 0.12654320987654322 0.11127819548872181
5 0.47325102880658443 0.0887218045112782 0.1234567901234568 0.12481203007518797
5 0.6697530864197532 0.12330827067669174 0.1358024691358025 0.1067669172932331
5 0.8899176954732511 0.41015037593984965 0.1522633744855967 0.13909774436090228
4 0.6033950617283951 0.3406015037593985 0.11625514403292182 0.11578947368421054
4 0.45318930041152267 0.35037593984962406 0.13271604938271606 0.11127819548872181
4 0.3580246913580247 0.4 0.1131687242798354 0.09473684210526316
4 0.23765432098765435 0.449624060150376 0.1131687242798354 0.09774436090225565
4 0.800925925925926 0.5086466165413535 0.13271604938271606 0.1
4 0.5905349794238683 0.4368421052631579 0.11728395061728396 0.1593984962406015
4 0.4578189300411523 0.44511278195488724 0.1234567901234568 0.13834586466165413
4 0.35956790123456794 0.4890977443609023 0.09156378600823047 0.15263157894736842
4 0.2757201646090535 0.530451127819549 0.11934156378600824 0.13909774436090228
2 0.6553497942386832 0.6432330827067669 0.18724279835390947 0.13007518796992482
1 0.37088477366255146 0.818421052631579 0.11419753086419754 0.16917293233082709
0 0.506687242798354 0.8139097744360902 0.20267489711934158 0.18721804511278198
