0 0.5073126142595978 0.66125 0.14076782449725778 0.145
1 0.4017367458866545 0.6637500000000001 0.10146252285191956 0.11375
2 0.6339122486288848 0.5231250000000001 0.1636197440585009 0.0975
3 0.5653564899451554 0.365 0.0923217550274223 0.10125
3 0.4689213893967093 0.3753125 0.08409506398537477 0.098125
3 0.3930530164533821 0.408125 0.07861060329067641 0.10125
3 0.31124314442413165 0.4340625 0.07769652650822668 0.089375
4 0.7385740402193784 0.4290625 0.10968921389396709 0.080625
4 0.5836380255941499 0.2925 0.0923217550274223 0.09
4 0.47303473491773307 0.2984375 0.0923217550274223 0.094375
4 0.3807129798903108 0.33125 0.09049360146252285 0.09
4 0.27696526508226693 0.38625 0.10786106032906764 0.07625
6 0.8135283363802559 0.3425 0.11151736745886655 0.10125
6 0.6288848263254113 0.1203125 0.10968921389396709 0.08687500000000001
6 0.46755027422303475 0.094375 0.0996343692870201 0.09375
6 0.3203839122486289 0.135 0.09780621572212066 0.12
6 0.136654478976234 0.2603125 0.10694698354661791 0.088125
5 0.20886654478976233 0.3253125 0.0886654478976234 0.059375000000000004
5 0.3546617915904936 0.2390625 0.09872029250457039 0.058125
5 0.48171846435100546 0.2034375 0.09872029250457039 0.063125
5 0.6119744058500914 0.208125 0.0923217550274223 0.07625
