0 0.5381315538608198 0.8796296296296297 0.18779790276453764 0.14957264957264957
1 0.4094375595805529 0.8675213675213675 0.10581506196377502 0.12535612535612536
2 0.6734985700667302 0.7240028490028491 0.14013346043851285 0.1274928774928775
3 0.6148713060057197 0.5487891737891738 0.09914204003813155 0.14886039886039887
3 0.5019065776930409 0.5356125356125356 0.08484270734032412 0.11396011396011396
3 0.4242135367016206 0.5662393162393162 0.09914204003813155 0.11823361823361823
3 0.34032411820781694 0.6064814814814815 0.09723546234509056 0.1160968660968661
4 0.7397521448999046 0.5783475783475783 0.1086749285033365 0.08974358974358974
4 0.6101048617731173 0.45441595441595445 0.10295519542421354 0.09686609686609687
4 0.5047664442326024 0.45121082621082625 0.09628217349857006 0.10327635327635327
4 0.4151572926596759 0.48931623931623935 0.09437559580552907 0.10541310541310542
4 0.334604385128694 0.5445156695156695 0.09723546234509056 0.08760683760683761
6 0.7612011439466158 0.4654558404558405 0.12297426120114394 0.13603988603988604
6 0.6205910390848427 0.23860398860398863 0.09342230695900858 0.09401709401709402
6 0.5133460438512869 0.19230769230769232 0.08484270734032412 0.09401709401709402
6 0.4146806482364156 0.23860398860398863 0.0877025738798856 0.10541310541310542
6 0.27121067683508104 0.35363247863247865 0.09437559580552907 0.12321937321937322
5 0.2878932316491897 0.4501424501424502 0.1086749285033365 0.06552706552706553
5 0.40514775977121065 0.3611111111111111 0.09151572926596759 0.07264957264957266
5 0.5076263107721639 0.31196581196581197 0.09628217349857006 0.07834757834757836
5 0.6239275500476644 0.3336894586894587 0.11725452812202097 0.07905982905982907
