5 0.5702586206896552 0.41027397260273973 0.10086206896551723 0.06301369863013699
5 0.46616379310344824 0.3761986301369863 0.08836206896551724 0.055136986301369866
5 0.3594827586206896 0.4160958904109589 0.07672413793103448 0.07808219178082192
5 0.2540948275862069 0.4731164383561644 0.07198275862068966 0.055136986301369866
6 0.23146551724137931 0.39315068493150684 0.10258620689655172 0.07808219178082192
6 0.36357758620689656 0.30633561643835616 0.09094827586206897 0.09897260273972602
6 0.4709051724137931 0.2761986301369863 0.08405172413793104 0.0839041095890411
6 0.596551724137931 0.3190068493150685 0.09568965517241379 0.08184931506849315
6 0.709051724137931 0.525513698630137 0.13879310344827586 0.11404109589041096
4 0.5439655172413793 0.5034246575342466 0.08620689655172414 0.08561643835616438
4 0.44590517241379307 0.4854452054794521 0.0814655172413793 0.09143835616438356
4 0.3631465517241379 0.5140410958904109 0.06939655172413793 0.07602739726027398
4 0.2853448275862069 0.5416095890410959 0.08620689655172414 0.07431506849315068
4 0.6368534482758621 0.6183219178082192 0.09094827586206897 0.07226027397260273
3 0.5217672413793103 0.5761986301369864 0.0814655172413793 0.09897260273972602
3 0.2984913793103448 0.6034246575342466 0.06939655172413793 0.09863013698630137
3 0.3728448275862069 0.5748287671232877 0.07413793103448275 0.08732876712328767
3 0.4517241379310345 0.5662671232876713 0.0793103448275862 0.09691780821917809
2 0.5523706896551724 0.7222602739726027 0.12198275862068965 0.09315068493150686
1 0.3308189655172414 0.8613013698630138 0.07198275862068966 0.1047945205479452
0 0.41551724137931034 0.8558219178082191 0.16551724137931034 0.14452054794520547
