0 0.3930425752855659 0.8499228395061728 0.1526479750778816 0.14429012345679013
1 0.2814122533748702 0.8676697530864197 0.12253374870197299 0.13348765432098764
2 0.5467289719626168 0.7160493827160493 0.2004153686396677 0.125
3 0.5290758047767393 0.5435956790123456 0.10903426791277258 0.11651234567901234
3 0.4200415368639668 0.5358796296296297 0.09657320872274143 0.1087962962962963
3 0.3364485981308411 0.5482253086419753 0.08515057113187954 0.10262345679012345
3 0.254932502596054 0.5837191358024691 0.07580477673935618 0.11496913580246913
4 0.661993769470405 0.6180555555555555 0.102803738317757 0.09259259259259259
4 0.5467289719626168 0.4579475308641975 0.10488058151609553 0.1087962962962963
4 0.4418483904465213 0.4571759259259259 0.09449636552440291 0.10108024691358024
4 0.3406022845275182 0.47955246913580246 0.08722741433021806 0.09953703703703703
4 0.23260643821391486 0.505787037037037 0.09138110072689512 0.10108024691358024
6 0.745067497403946 0.537037037037037 0.13811007268951195 0.12962962962962962
6 0.5934579439252337 0.27314814814814814 0.10488058151609553 0.09876543209876543
6 0.480269989615784 0.23109567901234568 0.102803738317757 0.10262345679012345
6 0.36033229491173413 0.27044753086419754 0.0976116303219107 0.10262345679012345
6 0.17705088265835928 0.3576388888888889 0.10903426791277258 0.11342592592592592
5 0.20093457943925233 0.43904320987654316 0.09034267912772585 0.06327160493827161
5 0.35254413291796466 0.38541666666666663 0.09657320872274143 0.05632716049382716
5 0.45950155763239875 0.347608024691358 0.09865005192107995 0.07175925925925926
5 0.5758047767393562 0.36612654320987653 0.09449636552440291 0.07638888888888888
