5 0.5931818181818181 0.27965465465465467 0.11181818181818182 0.07132132132132132
5 0.4731818181818182 0.2774024024024024 0.09 0.07132132132132132
5 0.3568181818181818 0.30855855855855857 0.0809090909090909 0.08258258258258258
5 0.20727272727272728 0.40202702702702703 0.0890909090909091 0.06681681681681681
6 0.16136363636363638 0.31681681681681684 0.1318181818181818 0.0990990990990991
6 0.3572727272727273 0.18393393393393392 0.11454545454545455 0.1111111111111111
6 0.48409090909090907 0.15165165165165165 0.09545454545454546 0.1111111111111111
6 0.6118181818181818 0.1906906906906907 0.10363636363636364 0.1021021021021021
6 0.8322727272727273 0.5075075075075075 0.14272727272727273 0.1111111111111111
4 0.5486363636363636 0.378003003003003 0.09 0.10585585585585586
4 0.44363636363636366 0.38738738738738737 0.09818181818181818 0.1111111111111111
4 0.3440909090909091 0.42042042042042044 0.1009090909090909 0.0945945945945946
4 0.24909090909090909 0.47484984984984985 0.08363636363636363 0.08333333333333333
4 0.7418181818181818 0.5690690690690691 0.11454545454545455 0.08108108108108109
3 0.5390909090909091 0.47147147147147145 0.10909090909090909 0.13663663663663664
3 0.4381818181818182 0.47372372372372373 0.09272727272727273 0.12762762762762764
3 0.35545454545454547 0.5015015015015015 0.1 0.13213213213213212
3 0.27545454545454545 0.5465465465465466 0.10363636363636364 0.12012012012012012
2 0.5877272727272728 0.6411411411411412 0.16818181818181818 0.1111111111111111
1 0.38636363636363635 0.8224474474474475 0.12363636363636364 0.16891891891891891
0 0.48545454545454547 0.8093093093093093 0.18181818181818182 0.20270270270270271
