0 0.5885572139303482 0.7889447236180904 0.1462686567164179 0.16917922948073702
1 0.4781094527363184 0.7876884422110553 0.11840796019900497 0.14489112227805695
2 0.6935323383084576 0.6134840871021776 0.13930348258706468 0.10636515912897823
3 0.6238805970149254 0.44765494137353434 0.08557213930348258 0.12311557788944724
3 0.5502487562189055 0.45896147403685095 0.09552238805970148 0.14237855946398661
3 0.48407960199004973 0.4824120603015075 0.072636815920398 0.12060301507537688
3 0.41940298507462687 0.5142378559463987 0.08059701492537313 0.11725293132328309
4 0.7437810945273632 0.5004187604690117 0.09850746268656715 0.08961474036850921
4 0.6348258706467661 0.36055276381909546 0.09751243781094526 0.09296482412060302
4 0.5502487562189055 0.35971524288107204 0.09552238805970148 0.09966499162479062
4 0.47213930348258704 0.4007537688442211 0.09054726368159204 0.09296482412060302
4 0.4054726368159204 0.4484924623115578 0.08855721393034825 0.0829145728643216
6 0.7925373134328357 0.3923785594639866 0.1462686567164179 0.11809045226130653
6 0.6447761194029851 0.15284757118927975 0.0835820895522388 0.09798994974874373
6 0.5577114427860697 0.12227805695142378 0.07064676616915422 0.10385259631490787
6 0.4651741293532338 0.173785594639866 0.07064676616915422 0.10134003350083752
6 0.33681592039800995 0.2734505862646566 0.09054726368159204 0.10636515912897823
5 0.3781094527363184 0.37018425460636517 0.07363184079601989 0.07370184254606366
5 0.47014925373134325 0.2914572864321608 0.09054726368159204 0.07035175879396985
5 0.5671641791044776 0.2483249581239531 0.07761194029850746 0.0678391959798995
5 0.6447761194029851 0.26214405360134 0.09353233830845771 0.06532663316582915
