5 0.6513227513227514 0.253257328990228 0.11111111111111112 0.08957654723127036
5 0.47830687830687835 0.23534201954397396 0.10793650793650794 0.08306188925081434
5 0.34761904761904766 0.28786644951140067 0.10264550264550265 0.08224755700325734
5 0.18571428571428572 0.38965798045602607 0.09841269841269842 0.07736156351791532
6 0.12962962962962965 0.30293159609120524 0.12592592592592594 0.10423452768729642
6 0.32222222222222224 0.15553745928338764 0.13015873015873017 0.11726384364820848
6 0.47195767195767196 0.09242671009771987 0.13121693121693123 0.13110749185667753
6 0.6587301587301587 0.13517915309446255 0.11534391534391535 0.11726384364820848
6 0.861904761904762 0.40798045602605865 0.1724867724867725 0.15146579804560262
4 0.6031746031746033 0.3688925081433225 0.11005291005291006 0.13029315960912052
4 0.47830687830687835 0.378257328990228 0.10793650793650794 0.1001628664495114
4 0.380952380952381 0.41327361563517917 0.11005291005291006 0.10993485342019545
4 0.2650793650793651 0.4625407166123779 0.12592592592592594 0.10586319218241043
4 0.7613756613756614 0.5154723127035831 0.13015873015873017 0.10423452768729642
3 0.5888888888888889 0.4686482084690554 0.11111111111111112 0.14250814332247558
3 0.4740740740740741 0.47475570032573294 0.091005291005291 0.14169381107491857
3 0.3936507936507937 0.50814332247557 0.091005291005291 0.13192182410423453
3 0.3084656084656085 0.5317589576547231 0.08783068783068784 0.11563517915309447
2 0.6613756613756614 0.6624592833876222 0.18412698412698414 0.13436482084690554
1 0.3920634920634921 0.8375407166123778 0.11746031746031747 0.13599348534201955
0 0.5010582010582011 0.8489413680781759 0.20634920634920637 0.1685667752442997
