5 0.6367806505421184 0.2987577639751553 0.10758965804837364 0.08571428571428572
5 0.51209341117598 0.30062111801242236 0.10508757297748123 0.07453416149068323
5 0.4057547956630525 0.3484472049689441 0.08256880733944953 0.07080745341614907
5 0.29983319432860717 0.42080745341614906 0.10258548790658882 0.08012422360248447
5 0.2689741451209341 0.35341614906832297 0.11092577147623019 0.08571428571428572
5 0.36530442035029187 0.234472049689441 0.10008340283569642 0.10496894409937889
5 0.4862385321100917 0.17267080745341615 0.10842368640533778 0.1031055900621118
5 0.6313594662218516 0.19627329192546586 0.13678065054211844 0.09316770186335405
5 0.8573811509591326 0.4173913043478261 0.13344453711426188 0.12795031055900621
4 0.6392827356130109 0.41335403726708075 0.10758965804837364 0.09751552795031056
4 0.5404503753127606 0.42111801242236024 0.10008340283569642 0.10186335403726708
4 0.445371142618849 0.4546583850931677 0.10508757297748123 0.09565217391304348
4 0.3711426188490409 0.5052795031055901 0.0950792326939116 0.08633540372670807
4 0.7977481234361968 0.5295031055900621 0.10758965804837364 0.09006211180124224
3 0.6430358632193495 0.5031055900621119 0.10008340283569642 0.12795031055900621
3 0.5458715596330275 0.515527950310559 0.10258548790658882 0.14285714285714285
3 0.4724770642201835 0.5329192546583851 0.09257714762301918 0.1142857142857143
3 0.4061718098415346 0.5760869565217391 0.09007506255212677 0.13975155279503107
2 0.7347789824854045 0.662111801242236 0.16680567139282734 0.1453416149068323
1 0.481651376146789 0.8273291925465839 0.12093411175979983 0.13788819875776398
0 0.5892410341951626 0.8416149068322981 0.1609674728940784 0.17763975155279504
