0 0.5082712985938792 0.782608695652174 0.16129032258064516 0.1636828644501279
1 0.40736145574855254 0.7877237851662404 0.10669975186104218 0.14705882352941177
2 0.6563275434243176 0.639386189258312 0.17783291976840365 0.12020460358056267
3 0.5942928039702233 0.4808184143222507 0.09181141439205956 0.159846547314578
3 0.49421009098428453 0.471227621483376 0.0967741935483871 0.12276214833759591
3 0.4148056244830438 0.48497442455242973 0.07526881720430108 0.13107416879795397
3 0.33829611248966085 0.5099104859335039 0.08105872622001654 0.10677749360613811
2 0.7559966914805625 0.5380434782608696 0.10090984284532671 0.08887468030690537
4 0.619933829611249 0.38714833759590794 0.10339123242349049 0.10805626598465475
4 0.5144747725392886 0.3797953964194374 0.09429280397022333 0.10869565217391305
4 0.39702233250620345 0.40153452685422 0.10256410256410256 0.09718670076726343
4 0.3122415219189413 0.4501278772378517 0.0967741935483871 0.0843989769820972
6 0.8374689826302729 0.4485294117647059 0.12985938792390406 0.10677749360613811
6 0.7224979321753515 0.20556265984654734 0.10835401157981803 0.09398976982097187
6 0.5529363110008271 0.1489769820971867 0.09181141439205956 0.09718670076726343
6 0.3267162944582299 0.18414322250639387 0.1273779983457403 0.10869565217391305
6 0.1695616211745244 0.3190537084398977 0.11745244003308519 0.0843989769820972
5 0.23076923076923078 0.38810741687979544 0.0794044665012407 0.061381074168797956
5 0.3664185277088503 0.2973145780051151 0.10918114143920596 0.06649616368286446
5 0.5351530190239868 0.26310741687979544 0.12406947890818859 0.07225063938618927
5 0.6753515301902399 0.290920716112532 0.10669975186104218 0.07289002557544758
