0 0.5205242334322453 0.7450544015825915 0.09149357072205737 0.11424332344213649
1 0.458704253214639 0.7361523244312561 0.06083086053412463 0.09643916913946587
2 0.5870425321463897 0.6416913946587537 0.0850642927794263 0.07962413452027695
3 0.5578635014836795 0.5388229475766567 0.054401582591493566 0.08753709198813056
3 0.5042037586547972 0.5363501483679525 0.05291790306627102 0.09248269040553907
3 0.46538081107814044 0.5492087042532147 0.05341246290801187 0.08654797230464886
3 0.42631058358061324 0.5667655786350149 0.04945598417408506 0.0722057368941642
4 0.6362512363996043 0.5667655786350149 0.05687438180019782 0.06231454005934718
4 0.5650346191889218 0.4730464886251236 0.05291790306627102 0.07764589515331355
4 0.5029673590504451 0.47255192878338276 0.04846686449060336 0.06874381800197824
4 0.44584569732937684 0.4933234421364985 0.06083086053412463 0.07962413452027695
4 0.3993570722057369 0.5284371909000989 0.05192878338278931 0.06083086053412463
6 0.685459940652819 0.5148367952522255 0.08110781404549951 0.0722057368941642
6 0.604104846686449 0.3526211671612265 0.06083086053412463 0.06824925816023739
6 0.49851632047477745 0.3137982195845697 0.057368941641938676 0.06577645895153314
6 0.4085064292779426 0.347675568743818 0.05934718100890207 0.0722057368941642
6 0.32344213649851633 0.44510385756676557 0.05341246290801187 0.05341246290801187
5 0.35830860534124626 0.48837784371909 0.04797230464886251 0.04698318496538081
5 0.43249258160237386 0.4216122650840752 0.05984174085064293 0.050939663699307615
5 0.5084075173095944 0.39119683481701284 0.054401582591493566 0.050445103857566766
5 0.5801186943620178 0.4114737883283877 0.06330365974282888 0.058358061325420374
