0 0.49817803227485685 0.747787610619469 0.10619469026548672 0.1639770952628839
0 0.42321707444039564 0.7545549193128579 0.06559083810515356 0.1639770952628839
2 0.5856324830817282 0.6121811556480999 0.10203019260801666 0.10411244143675169
3 0.5504945340968246 0.4760541384695471 0.06611140031233732 0.1254554919312858
3 0.4888079125455492 0.47006767308693387 0.05309734513274336 0.10411244143675169
3 0.43883394065590836 0.4963560645497137 0.05101509630400833 0.11504424778761062
3 0.39432587194169705 0.5161374284226965 0.055700156168662154 0.11608537220197813
4 0.6647579385736595 0.5291514836022905 0.09161894846434149 0.07860489328474753
4 0.5614263404476835 0.3932847475273295 0.07444039562727746 0.0952628839146278
4 0.49219156689224364 0.3932847475273295 0.06402915148360229 0.09109838625715773
4 0.43805309734513276 0.4208745445080687 0.061946902654867256 0.08693388859968766
4 0.3805309734513274 0.4474232170744404 0.0614263404476835 0.07652264445601249
6 0.7173347214992192 0.4560124934929724 0.11035918792295679 0.10619469026548672
6 0.6025507548152004 0.22540343571056742 0.07235814679854242 0.09161894846434149
6 0.48802706923477357 0.20223841749089017 0.06819364914107236 0.09109838625715773
6 0.4146277980218636 0.23841749089016137 0.07444039562727746 0.09578344612181156
6 0.34122852680895366 0.3084331077563769 0.08485163977095263 0.0827693909422176
5 0.36257157730348777 0.3870380010411244 0.06402915148360229 0.06611140031233732
5 0.4305049453409682 0.3295158771473191 0.059344091618948464 0.0614263404476835
5 0.4997397188964081 0.2988027069234773 0.0614263404476835 0.0676730869338886
5 0.5866736074960958 0.314679854242582 0.0614263404476835 0.07444039562727746
