5 0.6138392857142857 0.25716332378223494 0.13169642857142858 0.07879656160458452
5 0.4268973214285714 0.23710601719197708 0.14174107142857142 0.07879656160458452
5 0.2901785714285714 0.2947707736389685 0.10714285714285714 0.07664756446991404
5 0.18861607142857142 0.3753581661891117 0.10714285714285714 0.09312320916905444
6 0.14229910714285712 0.2936962750716332 0.15736607142857142 0.09025787965616046
6 0.23828125 0.1826647564469914 0.1484375 0.10744985673352435
6 0.40848214285714285 0.13431232091690545 0.14732142857142858 0.11103151862464183
6 0.6372767857142857 0.1654727793696275 0.12276785714285714 0.10888252148997134
6 0.7935267857142857 0.36031518624641834 0.16964285714285712 0.1346704871060172
4 0.5809151785714285 0.3431232091690544 0.13504464285714285 0.10458452722063037
4 0.43359375 0.35028653295128936 0.11049107142857142 0.09025787965616046
4 0.3359375 0.38968481375358166 0.09821428571428571 0.08022922636103151
4 0.24330357142857142 0.43409742120343836 0.10714285714285714 0.08452722063037249
4 0.7332589285714285 0.460243553008596 0.10044642857142856 0.08524355300859598
3 0.5636160714285714 0.43696275071633234 0.11383928571428571 0.13896848137535817
3 0.43694196428571425 0.4276504297994269 0.11941964285714285 0.11318051575931232
3 0.36272321428571425 0.45630372492836674 0.10714285714285714 0.10888252148997134
3 0.28404017857142855 0.5021489971346704 0.10379464285714285 0.12464183381088825
2 0.6311383928571428 0.5698424068767908 0.1953125 0.10673352435530085
1 0.3643973214285714 0.7600286532951289 0.14174107142857142 0.14326647564469913
0 0.5133928571428571 0.7668338108882521 0.21428571428571427 0.20845272206303725
