0 0.5446871896722939 0.8616874135546335 0.2015888778550149 0.16597510373443985
1 0.4285004965243297 0.8520055325034579 0.15590863952333664 0.11479944674965423
2 0.6698113207547169 0.6756569847856155 0.1618669314796425 0.14661134163208853
3 0.5724925521350546 0.5214384508990318 0.10029791459781529 0.15767634854771784
3 0.4657398212512413 0.5152143845089904 0.1012909632571996 0.11756569847856156
3 0.37785501489572987 0.5615491009681881 0.08838133068520357 0.13416320885200553
3 0.3272095332671301 0.6103042876901799 0.1320754716981132 0.13623789764868605
4 0.7184707050645481 0.5380359612724758 0.13406156901688182 0.11479944674965423
4 0.5809334657398212 0.41390041493775936 0.11717974180734855 0.12932226832641772
4 0.4672293942403178 0.43533886583679116 0.11618669314796425 0.1251728907330567
4 0.36941410129096325 0.47268326417704015 0.1012909632571996 0.11964038727524205
4 0.282025819265144 0.5276625172890733 0.11916583912611718 0.10650069156293224
6 0.7850049652432969 0.41355463347164595 0.14995034756703077 0.13416320885200553
6 0.653922542204568 0.19190871369294607 0.15590863952333664 0.12102351313969571
6 0.5129096325719961 0.1753112033195021 0.14995034756703077 0.10027662517289074
6 0.3535253227408143 0.22337482710926695 0.10327706057596822 0.11479944674965423
6 0.18470705064548162 0.36134163208852005 0.0913604766633565 0.10580912863070539
5 0.224428997020854 0.436030428769018 0.13505461767626614 0.07676348547717843
5 0.358987090367428 0.3488934993084371 0.11022840119165839 0.08091286307053942
5 0.4945382323733863 0.30152143845089907 0.10327706057596822 0.08713692946058092
5 0.6107249255213505 0.30774550484094054 0.10923535253227408 0.08713692946058092
