5 0.6231527093596059 0.28805535324107795 0.13300492610837436 0.101238164603059
5 0.4862068965517241 0.2745812090313183 0.1566502463054187 0.09468317552804079
5 0.3280788177339901 0.3415877640203933 0.12807881773399013 0.09176984705025493
5 0.2275862068965517 0.45302257829570286 0.10443349753694581 0.07137654770575383
6 0.15714285714285714 0.39075018208302986 0.14088669950738916 0.11289147851420248
6 0.280295566502463 0.2283321194464676 0.129064039408867 0.11580480699198835
6 0.45369458128078816 0.16351056081573198 0.13300492610837436 0.10706482155863074
6 0.6497536945812807 0.1809905316824472 0.13694581280788176 0.11580480699198835
6 0.8901477832512315 0.43335761107064824 0.14482758620689654 0.15440640932265115
4 0.31034482758620685 0.5229424617625638 0.11625615763546797 0.09176984705025493
4 0.3926108374384236 0.4617625637290605 0.12118226600985221 0.07720320466132558
4 0.49704433497536943 0.42024763292061185 0.12118226600985221 0.08885651857246905
4 0.6177339901477832 0.40968681718863803 0.12019704433497536 0.10415149308084487
4 0.7935960591133004 0.5378732702112163 0.13300492610837436 0.09249817916970139
2 0.6876847290640393 0.6554989075018208 0.18719211822660098 0.14566642388929352
3 0.3615763546798029 0.5946831755280408 0.1103448275862069 0.14785142024763293
3 0.4236453201970443 0.5367807720320467 0.10049261083743842 0.13109978150036417
3 0.5039408866995073 0.515659140568099 0.10738916256157635 0.157319737800437
3 0.6088669950738915 0.5131099781500364 0.11625615763546797 0.1580480699198835
1 0.42216748768472906 0.8452294246176257 0.13694581280788176 0.16096139839766935
0 0.5472906403940886 0.8474144209759651 0.1940886699507389 0.16533139111434816
