0 0.5053658536585366 0.8592857142857143 0.2146341463414634 0.20142857142857143
1 0.35317073170731705 0.8739285714285714 0.14829268292682926 0.1692857142857143
2 0.6678048780487805 0.6871428571428572 0.22146341463414634 0.16
4 0.7878048780487805 0.5675 0.13560975609756099 0.10642857142857143
4 0.6029268292682927 0.41 0.11902439024390243 0.10857142857142857
4 0.47268292682926827 0.41 0.11609756097560976 0.10857142857142857
4 0.36146341463414633 0.4421428571428571 0.12195121951219512 0.10714285714285714
4 0.2624390243902439 0.49 0.11317073170731708 0.10428571428571429
3 0.2809756097560976 0.5821428571428572 0.10926829268292683 0.15285714285714286
3 0.3648780487804878 0.5360714285714285 0.10926829268292683 0.1407142857142857
3 0.4575609756097561 0.5092857142857142 0.10536585365853658 0.14285714285714285
3 0.5863414634146341 0.5132142857142857 0.11902439024390243 0.155
6 0.871219512195122 0.47928571428571426 0.17170731707317072 0.15
6 0.6580487804878049 0.19678571428571429 0.12585365853658537 0.12214285714285714
6 0.4848780487804878 0.14785714285714285 0.11902439024390243 0.11857142857142858
6 0.33121951219512197 0.18607142857142858 0.11609756097560976 0.13785714285714284
6 0.20634146341463414 0.30892857142857144 0.12 0.11357142857142857
5 0.2370731707317073 0.4017857142857143 0.13073170731707318 0.08785714285714286
5 0.35609756097560974 0.3171428571428571 0.12292682926829268 0.09285714285714286
5 0.47560975609756095 0.2735714285714286 0.11609756097560976 0.09
5 0.6434146341463415 0.3053571428571429 0.14146341463414633 0.10071428571428571
