5 0.593298969072165 0.292098962490024 0.11237113402061856 0.08459696727853153
5 0.4417525773195876 0.26775738228252194 0.10206185567010309 0.08858739026336793
5 0.3097938144329897 0.30327214684756587 0.11443298969072165 0.09098164405426976
5 0.19793814432989693 0.3778930566640064 0.10927835051546392 0.06304868316041501
6 0.17938144329896907 0.2657621707901038 0.1154639175257732 0.11652035115722267
6 0.3154639175257732 0.1464485235434956 0.09896907216494846 0.12529928172386273
6 0.45 0.11252992817238627 0.12268041237113403 0.12130885873902635
6 0.6231958762886598 0.17517956903431764 0.12061855670103093 0.11731843575418995
6 0.8778350515463917 0.5163607342378292 0.1618556701030928 0.1229050279329609
4 0.5458762886597939 0.41580207501995214 0.10412371134020619 0.11492418196328812
4 0.4252577319587629 0.40383080606544297 0.12268041237113403 0.11332801276935356
4 0.311340206185567 0.43335993615323226 0.10103092783505155 0.11332801276935356
4 0.22268041237113403 0.47605746209098165 0.10721649484536083 0.09656823623304071
4 0.75 0.6149241819632881 0.14123711340206185 0.0933758978451716
3 0.5422680412371134 0.5163607342378292 0.1154639175257732 0.12928970470869913
3 0.4195876288659794 0.5023942537909019 0.10927835051546392 0.13328012769353553
3 0.3268041237113402 0.5271348762968875 0.09896907216494846 0.1268954509177973
3 0.2345360824742268 0.5598563447725459 0.09381443298969072 0.11572226656025539
2 0.5958762886597938 0.723463687150838 0.1958762886597938 0.13966480446927376
1 0.30103092783505153 0.9114126097366322 0.13814432989690723 0.1596169193934557
0 0.4278350515463918 0.8727055067837192 0.18556701030927836 0.17158818834796488
