0 0.45975609756097563 0.8738461538461538 0.12357723577235773 0.20717948717948717
1 0.55 0.8984615384615384 0.08130081300813008 0.16923076923076924
2 0.3896341463414634 0.7174358974358974 0.11585365853658537 0.12923076923076923
3 0.4266260162601626 0.5071794871794871 0.07195121951219512 0.15384615384615385
3 0.5042682926829268 0.4976923076923077 0.07357723577235772 0.13487179487179488
3 0.5607723577235773 0.5225641025641026 0.05731707317073171 0.12717948717948718
3 0.6164634146341463 0.5623076923076923 0.06626016260162601 0.12358974358974359
4 0.4258130081300813 0.3964102564102564 0.06788617886178862 0.11384615384615385
4 0.5018292682926829 0.3894871794871795 0.06626016260162601 0.1123076923076923
4 0.5621951219512195 0.4141025641025641 0.06341463414634146 0.11948717948717949
4 0.6282520325203252 0.4571794871794872 0.05731707317073171 0.12153846153846154
4 0.28434959349593497 0.5776923076923077 0.07682926829268293 0.1041025641025641
6 0.22032520325203253 0.4653846153846154 0.11138211382113822 0.14615384615384616
6 0.44552845528455287 0.15974358974358974 0.058536585365853655 0.11948717948717949
6 0.5109756097560976 0.10564102564102563 0.06910569105691057 0.12205128205128205
6 0.5764227642276423 0.1417948717948718 0.061788617886178863 0.12564102564102564
6 0.6426829268292683 0.25384615384615383 0.061788617886178863 0.10666666666666666
5 0.43414634146341463 0.27666666666666667 0.06341463414634146 0.0876923076923077
5 0.5042682926829268 0.24820512820512822 0.06463414634146342 0.08717948717948718
5 0.5703252032520325 0.2805128205128205 0.07073170731707316 0.08
5 0.6390243902439025 0.36205128205128206 0.06341463414634146 0.08
