6 0.634051724137931 0.1351027397260274 0.08362068965517241 0.10376712328767124
6 0.5060344827586207 0.11455479452054794 0.09913793103448276 0.10376712328767124
6 0.41982758620689653 0.15496575342465754 0.07327586206896551 0.10582191780821917
6 0.3137931034482759 0.24315068493150685 0.07586206896551724 0.08698630136986302
5 0.6193965517241379 0.24263698630136987 0.10258620689655172 0.07431506849315068
5 0.5073275862068966 0.23595890410958903 0.09655172413793103 0.08493150684931507
5 0.41314655172413794 0.27842465753424656 0.09698275862068965 0.08287671232876713
5 0.31767241379310346 0.34178082191780823 0.08362068965517241 0.0684931506849315
6 0.8377155172413793 0.39674657534246577 0.14094827586206896 0.12431506849315069
4 0.759698275862069 0.4820205479452055 0.1400862068965517 0.09691780821917809
4 0.6015086206896552 0.35085616438356165 0.10043103448275861 0.10582191780821917
4 0.49741379310344824 0.35941780821917807 0.08620689655172414 0.09965753424657535
4 0.4075431034482759 0.39366438356164385 0.10043103448275861 0.09417808219178082
4 0.33383620689655175 0.4207191780821918 0.09698275862068965 0.09691780821917809
3 0.3426724137931034 0.5121575342465754 0.08620689655172414 0.1482876712328767
3 0.41810344827586204 0.473458904109589 0.08620689655172414 0.1284246575342466
3 0.4881465517241379 0.44931506849315067 0.10043103448275861 0.13972602739726028
3 0.5797413793103449 0.4452054794520548 0.11120689655172414 0.1541095890410959
2 0.6426724137931035 0.611986301369863 0.15086206896551724 0.1226027397260274
1 0.4038793103448276 0.7902397260273972 0.12241379310344827 0.16267123287671234
0 0.5170258620689655 0.7960616438356164 0.19008620689655173 0.19143835616438357
