0 0.4394396551724138 0.7977739726027397 0.14353448275862069 0.1482876712328767
1 0.35474137931034483 0.7943493150684932 0.09224137931034483 0.1393835616438356
2 0.5385775862068966 0.6357876712328767 0.13232758620689655 0.11883561643835616
3 0.4855603448275862 0.5056506849315069 0.10043103448275861 0.12773972602739725
3 0.4021551724137931 0.5089041095890411 0.07758620689655173 0.13013698630136986
3 0.33900862068965515 0.5352739726027397 0.07198275862068966 0.11438356164383562
3 0.2956896551724138 0.5594178082191781 0.08620689655172414 0.10513698630136986
4 0.5875 0.5193493150684931 0.09482758620689655 0.07294520547945206
4 0.48254310344827583 0.42568493150684933 0.07198275862068966 0.0821917808219178
4 0.40366379310344824 0.4315068493150685 0.07456896551724138 0.07534246575342465
4 0.3288793103448276 0.45873287671232876 0.075 0.07979452054794521
4 0.2642241379310345 0.5022260273972603 0.08362068965517241 0.07979452054794521
6 0.6491379310344827 0.4349315068493151 0.12068965517241378 0.10273972602739725
6 0.5256465517241379 0.2476027397260274 0.08318965517241379 0.0910958904109589
6 0.4193965517241379 0.20410958904109588 0.07155172413793104 0.0958904109589041
6 0.31163793103448273 0.25102739726027395 0.075 0.10273972602739725
6 0.19956896551724138 0.34571917808219177 0.075 0.08664383561643836
5 0.23124999999999998 0.4200342465753425 0.08060344827586206 0.05719178082191781
5 0.30732758620689654 0.34794520547945207 0.08362068965517241 0.0547945205479452
5 0.41206896551724137 0.3138698630136986 0.08620689655172414 0.05924657534246575
5 0.506896551724138 0.33202054794520547 0.08620689655172414 0.06404109589041096
