5 0.5556379821958457 0.3780909990108803 0.05192878338278931 0.06083086053412463
5 0.4893669634025717 0.3711671612265084 0.05390702274975272 0.06083086053412463
5 0.42754698318496537 0.40380811078140455 0.05192878338278931 0.05390702274975272
5 0.3664688427299703 0.4579624134520277 0.04747774480712166 0.058358061325420374
6 0.33951533135509393 0.40084075173095945 0.05192878338278931 0.07171117705242334
6 0.40603363006923837 0.3207220573689416 0.06330365974282888 0.07665677546983185
6 0.4814540059347181 0.29154302670623145 0.06083086053412463 0.07665677546983185
6 0.5667655786350149 0.3093471810089021 0.06528189910979228 0.06775469831849654
6 0.6572700296735905 0.46340257171117705 0.06726013847675569 0.08803165182987141
4 0.5499505440158259 0.45202769535113746 0.058358061325420374 0.06528189910979228
4 0.494807121661721 0.4589515331355094 0.05192878338278931 0.06528189910979228
4 0.4512858555885262 0.475024727992087 0.04698318496538081 0.06280909990108803
4 0.4050445103857567 0.5061819980217606 0.051434223541048464 0.06083086053412463
4 0.6258654797230465 0.5348664688427299 0.05390702274975272 0.06083086053412463
3 0.4206231454005935 0.5442631058358061 0.04698318496538081 0.08753709198813056
3 0.4545004945598417 0.5284371909000989 0.04253214638971315 0.08753709198813056
3 0.4915924826904055 0.5229970326409495 0.04945598417408506 0.10830860534124628
3 0.5474777448071216 0.5118694362017804 0.04945598417408506 0.09891196834817012
2 0.5798714144411473 0.6125123639960435 0.09248269040553907 0.09446092977250246
1 0.4545004945598417 0.7433234421364985 0.06528189910979228 0.11275964391691394
0 0.5173095944609297 0.7354104846686449 0.0830860534124629 0.1414441147378833
