0 0.48352242031334414 0.7952458130740141 0.11561318206374932 0.15451107509454348
1 0.41464073473797947 0.7965964343598055 0.06861156131820638 0.13019989195029713
2 0.5672609400324149 0.6628849270664505 0.10588870880605078 0.11777417612101566
3 0.553484602917342 0.534035656401945 0.07077255537547272 0.1204754186925986
3 0.4945975148568342 0.5240410588870881 0.05888708806050783 0.11777417612101566
3 0.446515397082658 0.5399783900594274 0.04916261480280929 0.1129119394921664
3 0.3987034035656402 0.5656401944894651 0.051863857374392225 0.12533765532144786
4 0.6601836844948676 0.6002160994057266 0.07347379794705565 0.08103727714748785
4 0.564559697460832 0.46029173419773095 0.06915180983252296 0.09076175040518639
4 0.4983792544570503 0.44921663965424097 0.06645056726094004 0.09346299297676931
4 0.45029713668287413 0.46029173419773095 0.06645056726094004 0.10048622366288493
4 0.39249054565099945 0.4932468935710427 0.05888708806050783 0.0788762830902215
6 0.720421393841167 0.5324149108589952 0.08589951377633712 0.10318746623446785
6 0.597784981091302 0.29821717990275526 0.061048082117774176 0.08103727714748785
6 0.5067531064289573 0.25013506212857917 0.061588330632090765 0.08860075634792004
6 0.44786601836844947 0.28444084278768234 0.051863857374392225 0.09346299297676931
6 0.3619665045921124 0.34846029173419774 0.075634792004322 0.08860075634792004
5 0.37412209616423553 0.4219340896812534 0.07617504051863858 0.05402485143165856
5 0.4467855213398163 0.37304159913560236 0.06374932468935711 0.06428957320367369
5 0.5054024851431659 0.34737979470556457 0.05888708806050783 0.061588330632090765
5 0.586709886547812 0.375472717450027 0.0788762830902215 0.05942733657482442
