5 0.5767230169050716 0.28024502297090353 0.11833550065019506 0.07503828483920368
5 0.4408322496749025 0.28598774885145484 0.11183355006501951 0.06814701378254212
5 0.3342002600780234 0.3284839203675345 0.10143042912873862 0.06431852986217458
5 0.2080624187256177 0.4165390505359878 0.12483745123537061 0.06584992343032159
6 0.16189856957087126 0.3392036753445636 0.13133940182054615 0.08116385911179173
6 0.3257477243172952 0.22396630934150077 0.11833550065019506 0.09111791730474732
6 0.4232769830949285 0.16998468606431855 0.10273081924577374 0.10260336906584992
6 0.5741222366710013 0.19027565084226647 0.11313394018205462 0.0773353751914242
6 0.7314694408322497 0.37059724349157736 0.11833550065019506 0.11638591117917305
4 0.5643693107932379 0.3889739663093415 0.1222366710013004 0.08728943338437979
4 0.270481144343303 0.4739663093415008 0.0988296488946684 0.07963246554364473
4 0.364109232769831 0.4291730474732006 0.08842652795838751 0.08346094946401225
4 0.4466840052015605 0.3962480857580398 0.0975292587776333 0.08958652373660031
4 0.7048114434330299 0.4770290964777948 0.12483745123537061 0.08575803981623277
3 0.30624187256176855 0.5463246554364471 0.13133940182054615 0.13552833078101073
3 0.3738621586475943 0.5080398162327718 0.10273081924577374 0.1003062787136294
3 0.4577373211963589 0.47511485451761104 0.11183355006501951 0.10796324655436447
3 0.5637191157347204 0.46439509954058195 0.10533159947984395 0.10336906584992343
2 0.6339401820546164 0.6037519142419602 0.17555266579973994 0.10643185298621746
1 0.3985695708712614 0.7714395099540582 0.11833550065019506 0.12787136294027565
0 0.5123537061118335 0.7656967840735069 0.2106631989596879 0.1439509954058193
