1 0.47119815668202764 0.8418131359851989 0.12672811059907835 0.1683626271970398
0 0.5685483870967742 0.8492136910268271 0.17857142857142858 0.2238667900092507
2 0.6831797235023042 0.6369102682701203 0.14746543778801843 0.14338575393154487
3 0.6077188940092166 0.4773358001850139 0.09331797235023041 0.13691026827012026
3 0.521889400921659 0.49074930619796486 0.0944700460829493 0.150786308973173
3 0.44642857142857145 0.5277520814061055 0.09101382488479262 0.13783533765032377
3 0.38536866359447003 0.5605920444033303 0.09331797235023041 0.13506012950971324
4 0.75 0.5106382978723405 0.09907834101382489 0.09435707678075857
4 0.6157834101382489 0.377890841813136 0.10023041474654378 0.11193339500462535
4 0.5080645161290323 0.3908418131359852 0.09907834101382489 0.11378353376503238
4 0.4308755760368664 0.43061979648473636 0.08294930875576037 0.1026827012025902
4 0.3485023041474654 0.46947271045328404 0.10023041474654378 0.11193339500462535
6 0.7793778801843319 0.3769657724329325 0.11405529953917051 0.12858464384828863
6 0.6359447004608295 0.15217391304347827 0.0944700460829493 0.11193339500462535
6 0.5080645161290323 0.11887141535615171 0.09907834101382489 0.11378353376503238
6 0.39400921658986177 0.17622571692876968 0.08755760368663594 0.11378353376503238
6 0.28859447004608296 0.2798334875115634 0.0771889400921659 0.09898242368177614
5 0.3076036866359447 0.3811285846438483 0.0967741935483871 0.06845513413506013
5 0.40264976958525345 0.2969472710453284 0.08870967741935484 0.07770582793709528
5 0.5011520737327189 0.25161887141535616 0.0967741935483871 0.07770582793709528
5 0.6417050691244239 0.26549491211840887 0.11059907834101382 0.07770582793709528
