5 0.653393665158371 0.30560524746571255 0.11402714932126698 0.09242695289206916
5 0.5076923076923077 0.3017292784734645 0.11402714932126698 0.0799045915324985
5 0.3819004524886878 0.3392963625521765 0.11040723981900454 0.0799045915324985
5 0.2728506787330317 0.4254621347644603 0.08778280542986426 0.06141920095408467
6 0.21764705882352942 0.37119856887298747 0.10407239819004525 0.07692307692307691
6 0.33303167420814483 0.24090638044126414 0.10135746606334842 0.09898628503279666
6 0.49547511312217196 0.18455575432319618 0.1167420814479638 0.09242695289206916
6 0.6701357466063349 0.20125223613595705 0.10045248868778281 0.11270125223613595
6 0.8104072398190045 0.3840190816935003 0.12036199095022625 0.10614192009540846
4 0.6217194570135747 0.39773404889683955 0.11402714932126698 0.08586762075134168
4 0.5108597285067874 0.39892665474060823 0.1076923076923077 0.08825283243887895
4 0.42714932126696836 0.4385807990459153 0.08687782805429864 0.09242695289206916
4 0.3411764705882353 0.4940369707811568 0.11040723981900454 0.07930828861061419
4 0.7705882352941177 0.4895646988670244 0.1167420814479638 0.08825283243887895
3 0.616289592760181 0.4883720930232558 0.11040723981900454 0.13953488372093023
3 0.5190045248868779 0.47853309481216455 0.10407239819004525 0.11508646392367322
3 0.44343891402714936 0.5092426952892068 0.09411764705882353 0.11449016100178891
3 0.38506787330316744 0.5474060822898031 0.1167420814479638 0.11687537268932617
2 0.7040723981900453 0.6138938580799046 0.1502262443438914 0.11508646392367322
1 0.46968325791855203 0.7805605247465712 0.10497737556561086 0.1633870005963029
0 0.5678733031674208 0.7808586762075134 0.17828054298642534 0.15802027429934407
