5 0.6122650840751731 0.39540059347181006 0.058358061325420374 0.06973293768545993
5 0.5321463897131553 0.3835311572700297 0.058358061325420374 0.06280909990108803
5 0.45103857566765576 0.4072700296735905 0.058358061325420374 0.06083086053412463
5 0.38921859545004944 0.47230464886251233 0.05637982195845697 0.051434223541048464
6 0.36350148367952523 0.4092482690405539 0.06726013847675569 0.06973293768545993
6 0.43620178041543023 0.3251730959446093 0.07418397626112759 0.08061325420375866
6 0.5410484668644906 0.30712166172106825 0.06726013847675569 0.0850642927794263
6 0.6219090009891196 0.3251730959446093 0.06775469831849654 0.07171117705242334
6 0.7040059347181009 0.49505440158259145 0.09643916913946587 0.0830860534124629
4 0.5937190900098912 0.466864490603363 0.06083086053412463 0.08110781404549951
4 0.5286844708209694 0.46463897131552917 0.05637982195845697 0.08555885262116716
4 0.4757665677546983 0.48813056379821956 0.054401582591493566 0.07418397626112759
4 0.42631058358061324 0.519782393669634 0.058358061325420374 0.06528189910979228
4 0.6552917903066271 0.5600890207715133 0.05934718100890207 0.07072205736894165
3 0.4475766567754698 0.5724530168150346 0.04253214638971315 0.08951533135509396
3 0.4836795252225519 0.5398120672601384 0.04253214638971315 0.08358061325420375
3 0.5264589515331355 0.5252225519287833 0.05192878338278931 0.09396636993076161
3 0.5786350148367952 0.531404549950544 0.058358061325420374 0.10830860534124628
2 0.6122650840751731 0.6478733926805144 0.09000989119683481 0.09198813056379822
1 0.4925816023738872 0.7737388724035608 0.06033630069238378 0.119188921859545
0 0.5405539070227497 0.7608803165182987 0.09198813056379822 0.13699307616221562
