0 0.5229970326409495 0.7047477744807121 0.10237388724035608 0.13550939663699307
1 0.45820969337289813 0.7247774480712166 0.06379821958456973 0.13402571711177053
2 0.6142433234421365 0.5917408506429278 0.11078140454995054 0.09545004945598418
3 0.5781404549950544 0.45919881305637983 0.06033630069238378 0.09248269040553907
3 0.5229970326409495 0.46340257171117705 0.05687438180019782 0.11374876360039564
3 0.47255192878338276 0.475024727992087 0.04896142433234421 0.09050445103857567
3 0.4248269040553907 0.49752720079129575 0.05539070227497527 0.09891196834817012
4 0.6795252225519287 0.5170623145400594 0.06231454005934718 0.07368941641938674
4 0.594213649851632 0.39614243323442133 0.05687438180019782 0.0771513353115727
4 0.5311572700296736 0.3936696340257171 0.058358061325420374 0.0722057368941642
4 0.4708209693372898 0.41468842729970323 0.06231454005934718 0.07072205736894165
4 0.40801186943620177 0.44807121661721067 0.05341246290801187 0.06033630069238378
6 0.7549455984174085 0.4525222551928783 0.10237388724035608 0.09396636993076161
6 0.6493570722057369 0.2579129574678536 0.07418397626112759 0.07566765578635015
6 0.5296735905044511 0.22205736894164194 0.05539070227497527 0.0771513353115727
6 0.4423837784371909 0.24554896142433233 0.05192878338278931 0.07368941641938674
6 0.34520276953511375 0.33160237388724034 0.06231454005934718 0.07566765578635015
5 0.3694362017804154 0.3929277942631058 0.05341246290801187 0.04698318496538081
5 0.4542532146389713 0.33160237388724034 0.06874381800197824 0.05192878338278931
5 0.5343719090009891 0.3024233432245302 0.05192878338278931 0.06676557863501484
5 0.6233926805143423 0.33160237388724034 0.08061325420375866 0.05687438180019782
