5 0.7076023391812866 0.31343283582089554 0.11929824561403508 0.08012568735271014
5 0.5619883040935673 0.2694422623723488 0.12280701754385966 0.08955223880597016
5 0.39415204678362575 0.30479183032207385 0.1473684210526316 0.0816967792615868
5 0.24678362573099416 0.3798114689709348 0.1473684210526316 0.08248232521602514
6 0.20350877192982456 0.28318931657501967 0.13333333333333333 0.10133542812254517
6 0.3695906432748538 0.17910447761194032 0.13333333333333333 0.11626080125687353
6 0.5619883040935673 0.15239591516103693 0.12280701754385966 0.10683424980361352
6 0.756140350877193 0.21563236449332288 0.12280701754385966 0.10133542812254517
6 0.8725146198830409 0.4501178318931658 0.14035087719298245 0.12568735271013354
4 0.7713450292397661 0.5373134328358209 0.13216374269005848 0.09897879025923018
4 0.6391812865497076 0.4171249018067557 0.13216374269005848 0.09897879025923018
4 0.5093567251461988 0.39395129615082486 0.11111111111111112 0.10133542812254517
4 0.39824561403508774 0.4206598586017282 0.11111111111111112 0.09662215239591516
4 0.29005847953216374 0.4595443833464258 0.11929824561403508 0.1021209740769835
3 0.3152046783625731 0.5247446975648076 0.11111111111111112 0.11626080125687353
3 0.4 0.5031421838177533 0.07953216374269007 0.10604870384917518
3 0.49181286549707603 0.4897879025923017 0.10409356725146199 0.12804399057344856
3 0.6099415204678362 0.4945011783189317 0.09005847953216374 0.10919088766692853
2 0.6356725146198831 0.6551453260015712 0.1976608187134503 0.11154752553024352
1 0.32280701754385965 0.8428908091123332 0.13333333333333333 0.15239591516103693
0 0.4649122807017544 0.8531029065200315 0.1976608187134503 0.19324430479183033
