0 0.5257309941520468 0.7243390357698289 0.2023391812865497 0.18895800933125972
1 0.38362573099415204 0.7321150855365475 0.13333333333333333 0.14852255054432348
2 0.6754385964912281 0.5610419906687403 0.19064327485380117 0.12674961119751166
3 0.6175438596491228 0.4191290824261275 0.11929824561403508 0.13374805598755832
3 0.4970760233918129 0.416796267496112 0.0935672514619883 0.1290824261275272
3 0.4035087719298246 0.43779160186625193 0.10760233918128655 0.1244167962674961
3 0.31988304093567255 0.46578538102643857 0.09005847953216374 0.1290824261275272
4 0.795906432748538 0.4646189735614308 0.12280701754385966 0.09564541213063764
4 0.6304093567251462 0.32892690513219286 0.11461988304093568 0.09797822706065319
4 0.4935672514619883 0.32931570762052875 0.1216374269005848 0.10342146189735614
4 0.39707602339181286 0.3545878693623639 0.09707602339181287 0.1026438569206843
4 0.30526315789473685 0.39035769828926903 0.0935672514619883 0.1104199066874028
6 0.8514619883040936 0.3569206842923795 0.14035087719298245 0.1290824261275272
6 0.6783625730994152 0.12713841368584758 0.12631578947368421 0.10964230171073094
6 0.4970760233918129 0.09486780715396578 0.10058479532163743 0.09331259720062209
6 0.3695906432748538 0.13530326594090203 0.12631578947368421 0.09331259720062209
6 0.2432748538011696 0.2286158631415241 0.10526315789473685 0.08864696734059098
5 0.2631578947368421 0.31259720062208396 0.11461988304093568 0.07465007776049767
5 0.3801169590643275 0.2453343701399689 0.11228070175438597 0.06920684292379471
5 0.5058479532163743 0.2072317262830482 0.11111111111111112 0.07387247278382582
5 0.664327485380117 0.22744945567651634 0.13333333333333333 0.07231726283048212
