1 0.3943452380952381 0.8458395245170877 0.10218253968253968 0.16270430906389302
0 0.5287698412698413 0.8469539375928677 0.22023809523809523 0.18722139673105498
2 0.6364087301587301 0.6749628528974739 0.17956349206349206 0.13744427934621098
3 0.615079365079365 0.47994056463595836 0.0992063492063492 0.1649331352154532
3 0.5069444444444444 0.49219910846953935 0.0992063492063492 0.15973254086181277
3 0.4186507936507936 0.5156017830609212 0.0992063492063492 0.1575037147102526
3 0.33928571428571425 0.5609212481426449 0.10317460317460317 0.1485884101040119
4 0.7341269841269841 0.49925705794947994 0.12103174603174602 0.12927191679049033
4 0.6185515873015872 0.3792719167904903 0.11805555555555555 0.12109955423476969
4 0.5064484126984127 0.3889301634472511 0.10615079365079365 0.12407132243684992
4 0.41815476190476186 0.4208766716196137 0.10615079365079365 0.12109955423476969
4 0.3263888888888889 0.4606240713224368 0.10714285714285714 0.1188707280832095
6 0.7842261904761905 0.37221396731054973 0.13194444444444445 0.12927191679049033
6 0.6626984126984127 0.14153046062407132 0.10317460317460317 0.10178306092124814
6 0.5287698412698413 0.11924219910846953 0.0992063492063492 0.10772659732540861
6 0.41468253968253965 0.16196136701337294 0.09126984126984126 0.10401188707280831
6 0.28422619047619047 0.26968796433878156 0.10615079365079365 0.11292719167904902
5 0.3005952380952381 0.362927191679049 0.10714285714285714 0.07206537890044576
5 0.4126984126984127 0.287518573551263 0.11706349206349206 0.07429420505200594
5 0.517361111111111 0.24851411589895986 0.09226190476190475 0.07949479940564635
5 0.6478174603174602 0.2555720653789004 0.11706349206349206 0.07726597325408618
