5 0.6458333333333333 0.26348709929632524 0.1074561403508772 0.08444096950742767
5 0.5104166666666666 0.24628616106333073 0.10416666666666666 0.08444096950742767
5 0.4046052631578947 0.27951524628616103 0.11184210526315788 0.08209538702111024
5 0.2593201754385965 0.3498827208756841 0.11513157894736842 0.09616888193901485
6 0.2308114035087719 0.2611415168100078 0.1282894736842105 0.10320562939796717
6 0.3980263157894737 0.15676309616888193 0.125 0.1055512118842846
6 0.5224780701754386 0.1145426114151681 0.09758771929824561 0.10867865519937452
6 0.6491228070175439 0.16262705238467554 0.1074561403508772 0.0985144644253323
6 0.8294956140350876 0.41985926505082094 0.14144736842105263 0.11102423768569195
4 0.6118421052631579 0.3745113369820172 0.11403508771929824 0.10789679437060203
4 0.49725877192982454 0.3733385457388585 0.10855263157894736 0.1055512118842846
4 0.39747807017543857 0.39601250977326036 0.10416666666666666 0.10867865519937452
4 0.29331140350877194 0.43354182955433934 0.09100877192982455 0.09616888193901485
4 0.7587719298245613 0.5199374511336982 0.11184210526315788 0.08600469116497263
3 0.5986842105263157 0.4718530101641908 0.08771929824561403 0.13995308835027365
3 0.48684210526315785 0.4609069585613761 0.10087719298245613 0.127443315089914
3 0.39418859649122806 0.4741985926505082 0.09758771929824561 0.11493354182955434
3 0.3163377192982456 0.5117279124315872 0.10416666666666666 0.13213448006254885
2 0.6589912280701754 0.6485535574667709 0.1820175438596491 0.11336982017200938
1 0.38925438596491224 0.7998436278342455 0.12061403508771928 0.1563721657544957
0 0.5104166666666666 0.81704456606724 0.1962719298245614 0.19546520719311963
