0 0.499455930359086 0.8841379310344827 0.21327529923830252 0.19448275862068964
1 0.3721436343852013 0.8751724137931034 0.13710554951033732 0.14068965517241377
2 0.6398258977149075 0.6786206896551724 0.18498367791077258 0.13241379310344825
3 0.5614798694232862 0.5341379310344827 0.11316648531011969 0.12206896551724138
3 0.4548422198041349 0.5444827586206896 0.117519042437432 0.13310344827586207
3 0.37431991294885747 0.5679310344827586 0.1044613710554951 0.10965517241379309
3 0.29325353645266594 0.5913793103448275 0.09249183895538629 0.10965517241379309
4 0.7247007616974973 0.5399999999999999 0.16104461371055495 0.10482758620689654
6 0.7850924918389554 0.44620689655172413 0.14907508161044614 0.12
6 0.6240478781284005 0.2379310344827586 0.14907508161044614 0.10758620689655171
6 0.4749727965179543 0.22137931034482758 0.1251360174102285 0.0896551724137931
6 0.3340587595212187 0.26586206896551723 0.117519042437432 0.10689655172413792
6 0.16866158868335146 0.38827586206896547 0.15669205658324264 0.08689655172413792
5 0.2105549510337323 0.46241379310344827 0.14907508161044614 0.08206896551724137
5 0.35038084874863984 0.38206896551724134 0.13275299238302504 0.06344827586206896
5 0.4771490750816105 0.3427586206896551 0.09684439608269858 0.06620689655172413
5 0.6240478781284005 0.3475862068965517 0.1338411316648531 0.07172413793103448
4 0.5821545157780196 0.4337931034482758 0.13275299238302504 0.13241379310344825
4 0.4673558215451578 0.44999999999999996 0.1251360174102285 0.10689655172413792
4 0.3601741022850925 0.4844827586206896 0.09575625680087052 0.09999999999999999
4 0.27149075081610446 0.533103448275862 0.11207834602829163 0.08413793103448275
