4 0.6016260162601627 0.3425925925925926 0.0886178861788618 0.10808080808080808
4 0.5004065040650406 0.3405723905723906 0.07398373983739838 0.10808080808080808
4 0.4215447154471545 0.37323232323232325 0.07398373983739838 0.09595959595959597
4 0.3491869918699187 0.4131313131313131 0.08617886178861789 0.08148148148148149
4 0.7235772357723578 0.4814814814814815 0.0910569105691057 0.08552188552188553
6 0.8034552845528455 0.38552188552188554 0.11341463414634147 0.11245791245791247
6 0.6398373983739838 0.1580808080808081 0.0910569105691057 0.09393939393939395
6 0.4991869918699187 0.12340067340067341 0.08130081300813008 0.08989898989898991
6 0.36869918699186993 0.16515151515151516 0.08617886178861789 0.09595959595959597
6 0.26016260162601623 0.2681818181818182 0.08130081300813008 0.08989898989898991
5 0.2959349593495935 0.3447811447811448 0.08373983739837398 0.05925925925925926
5 0.39471544715447154 0.27542087542087546 0.0886178861788618 0.06734006734006734
5 0.5050813008130082 0.23316498316498319 0.09796747967479674 0.06498316498316499
5 0.625 0.2457912457912458 0.09146341463414634 0.06531986531986532
2 0.6414634146341464 0.5914141414141414 0.16016260162601625 0.1181818181818182
3 0.5979674796747968 0.4282828282828283 0.08617886178861789 0.12457912457912458
3 0.5028455284552845 0.43552188552188553 0.07886178861788617 0.1303030303030303
3 0.4304878048780488 0.4496632996632997 0.07642276422764227 0.10606060606060606
3 0.37357723577235774 0.48653198653198654 0.0910569105691057 0.13063973063973064
1 0.42296747967479675 0.755892255892256 0.10121951219512196 0.15892255892255894
0 0.5207317073170732 0.7415824915824917 0.15040650406504066 0.1612794612794613
