0 0.4607543323139654 0.84277950310559 0.16921508664627932 0.21040372670807453
1 0.5866462793068298 0.8555900621118012 0.13149847094801223 0.17391304347826086
2 0.37104994903160043 0.6781832298136645 0.15494393476044854 0.11878881987577639
3 0.40570846075433237 0.499223602484472 0.09378185524974517 0.14440993788819875
3 0.5040774719673803 0.499223602484472 0.09683995922528034 0.13975155279503104
3 0.5815494393476045 0.5256211180124223 0.07237512742099898 0.12888198757763975
3 0.6508664627930684 0.5582298136645962 0.08664627930682978 0.12111801242236024
4 0.26554536187563715 0.5543478260869564 0.10091743119266056 0.09782608695652173
4 0.38786952089704385 0.42003105590062106 0.1070336391437309 0.11335403726708074
4 0.5035677879714577 0.4029503105590062 0.08970438328236494 0.12111801242236024
4 0.591743119266055 0.4305124223602484 0.08664627930682978 0.11878881987577639
4 0.6595310907237514 0.4871894409937888 0.08970438328236494 0.08928571428571427
6 0.24617737003058107 0.4227484472049689 0.1070336391437309 0.1343167701863354
6 0.317533129459735 0.21972049689440992 0.10295616717635067 0.08695652173913043
6 0.4556574923547401 0.17119565217391303 0.12436289500509685 0.10481366459627328
6 0.580020387359837 0.23447204968944096 0.09582059123343528 0.09006211180124223
6 0.680428134556575 0.32414596273291924 0.08256880733944955 0.07375776397515528
5 0.3379204892966361 0.31094720496894407 0.13149847094801223 0.07841614906832298
5 0.4780835881753313 0.27523291925465837 0.09378185524974517 0.07686335403726707
5 0.6009174311926606 0.3268633540372671 0.07645259938837921 0.06832298136645962
5 0.6885830784913354 0.4029503105590062 0.1070336391437309 0.06832298136645962
