5 0.5493197278911565 0.24939467312348668 0.04761904761904762 0.05972558514931396
5 0.48781179138321995 0.23728813559322032 0.05612244897959184 0.0903954802259887
5 0.4214852607709751 0.2889426957223567 0.04591836734693878 0.07425343018563357
5 0.3772675736961451 0.38983050847457623 0.04591836734693878 0.06295399515738498
6 0.33900226757369617 0.29822437449556094 0.05782312925170068 0.09281678773204197
6 0.39654195011337867 0.16182405165456012 0.06179138321995465 0.10411622276029055
6 0.47534013605442177 0.10411622276029055 0.053854875283446714 0.09846650524616626
6 0.5589569160997733 0.13397901533494752 0.06349206349206349 0.09846650524616626
6 0.6567460317460317 0.3821630347054076 0.05952380952380953 0.13962873284907182
4 0.5408163265306123 0.3672316384180791 0.05782312925170068 0.09846650524616626
4 0.48696145124716556 0.3833736884584342 0.05895691609977324 0.08878127522195318
4 0.44274376417233563 0.4164648910411622 0.04761904761904762 0.09523809523809523
4 0.4084467120181406 0.4628732849071832 0.04591836734693878 0.09281678773204197
4 0.6278344671201814 0.4927360774818402 0.06065759637188209 0.08635996771589992
3 0.5385487528344671 0.4580306698950767 0.054421768707483 0.12510088781275222
3 0.4914965986394558 0.45399515738498786 0.049886621315192746 0.10250201775625505
3 0.45634920634920634 0.4830508474576271 0.046485260770975055 0.0976594027441485
3 0.4237528344671202 0.5129136400322841 0.03798185941043084 0.07506053268765132
2 0.5890022675736961 0.6287328490718321 0.0816326530612245 0.129136400322841
1 0.47023809523809523 0.8248587570621468 0.07199546485260772 0.1549636803874092
0 0.5291950113378685 0.8163841807909604 0.10034013605442177 0.18482647296206617
