1 0.37601626016260165 0.7415824915824917 0.0959349593495935 0.13905723905723907
0 0.4530487804878049 0.7343434343434344 0.14268292682926828 0.1548821548821549
2 0.5707317073170731 0.6058922558922559 0.14065040650406505 0.10404040404040404
3 0.5300813008130081 0.48030303030303034 0.0886178861788618 0.1101010101010101
3 0.45121951219512196 0.47525252525252526 0.06910569105691057 0.1
3 0.39207317073170733 0.48855218855218857 0.05894308943089431 0.09764309764309764
3 0.32439024390243903 0.506902356902357 0.061788617886178863 0.09797979797979799
4 0.6361788617886179 0.506902356902357 0.08373983739837398 0.08989898989898991
4 0.5373983739837398 0.40690235690235693 0.0886178861788618 0.09393939393939395
4 0.4609756097560976 0.39882154882154885 0.07398373983739838 0.08989898989898991
4 0.39227642276422764 0.42121212121212126 0.06910569105691057 0.08956228956228957
4 0.31341463414634146 0.4518518518518519 0.07886178861788617 0.08148148148148149
6 0.6821138211382114 0.40286195286195287 0.0983739837398374 0.1
6 0.5695121951219512 0.2324915824915825 0.07886178861788617 0.08383838383838384
6 0.4796747967479675 0.20286195286195288 0.07642276422764227 0.08989898989898991
6 0.3821138211382114 0.2415824915824916 0.08373983739837398 0.08989898989898991
6 0.26646341463414636 0.30084175084175085 0.08902439024390243 0.08181818181818182
5 0.2886178861788618 0.3744107744107744 0.09349593495934959 0.06127946127946128
5 0.37845528455284555 0.3282828282828283 0.07154471544715447 0.05925925925925926
5 0.46727642276422765 0.3028619528619529 0.06626016260162601 0.0696969696969697
5 0.5621951219512195 0.3161616161616162 0.07886178861788617 0.06734006734006734
