5 0.6291479820627802 0.33084112149532713 0.09596412556053811 0.064797507788162
5 0.4547085201793722 0.305607476635514 0.10582959641255606 0.07040498442367601
5 0.32152466367713006 0.33769470404984425 0.10852017937219731 0.08224299065420561
5 0.2188340807174888 0.4012461059190031 0.09865470852017938 0.064797507788162
6 0.15829596412556055 0.32305295950155766 0.10852017937219731 0.09532710280373832
6 0.27309417040358747 0.22585669781931464 0.11569506726457399 0.09657320872274144
6 0.43632286995515696 0.18629283489096574 0.08340807174887893 0.09844236760124611
6 0.6484304932735426 0.235202492211838 0.12376681614349776 0.08785046728971962
6 0.8318385650224215 0.4884735202492212 0.14798206278026907 0.09221183800623053
4 0.7215246636771301 0.5785046728971963 0.11569506726457399 0.08037383177570094
4 0.5838565022421525 0.42741433021806857 0.11659192825112108 0.09345794392523366
4 0.4587443946188341 0.42398753894081 0.1031390134529148 0.07912772585669782
4 0.36053811659192825 0.44953271028037384 0.09865470852017938 0.08037383177570094
4 0.27219730941704035 0.4772585669781932 0.08340807174887893 0.07725856697819315
3 0.2865470852017937 0.543613707165109 0.08340807174887893 0.09657320872274144
3 0.36278026905829597 0.5230529595015576 0.07802690582959641 0.10529595015576325
3 0.45246636771300447 0.4968847352024922 0.08520179372197309 0.1015576323987539
3 0.5699551569506727 0.5109034267912773 0.10852017937219731 0.11214953271028037
2 0.5874439461883408 0.6828660436137072 0.15964125560538117 0.09844236760124611
0 0.43228699551569505 0.8249221183800624 0.19192825112107623 0.15825545171339564
1 0.30852017937219733 0.8283489096573209 0.11659192825112108 0.1651090342679128
