0 0.5155786350148368 0.7334322453016815 0.06874381800197824 0.10187932739861523
1 0.4661226508407517 0.7415924826904056 0.049950544015825916 0.10830860534124628
2 0.5816023738872403 0.6271018793273986 0.09099901088031652 0.08704253214638971
3 0.5497032640949555 0.533135509396637 0.044015825914935705 0.08110781404549951
3 0.5049455984174085 0.5301681503461919 0.04253214638971315 0.06528189910979228
3 0.4708209693372898 0.5553907022749752 0.050445103857566766 0.0820969337289812
3 0.43892185954500496 0.5734421364985163 0.04698318496538081 0.07270029673590504
4 0.634272997032641 0.5712166172106825 0.05489614243323442 0.05637982195845697
4 0.554648862512364 0.48095944609297725 0.057863501483679525 0.06280909990108803
4 0.4957962413452027 0.47898120672601385 0.05192878338278931 0.06379821958456973
4 0.4562314540059347 0.503461918892186 0.04599406528189911 0.06726013847675569
4 0.41592482690405536 0.5440158259149357 0.044510385756676554 0.05934718100890207
6 0.6852126607319485 0.5232443125618199 0.08358061325420375 0.06726013847675569
6 0.5766567754698319 0.36275964391691395 0.06231454005934718 0.06874381800197824
6 0.45178041543026703 0.34619188921859545 0.05192878338278931 0.05934718100890207
6 0.38921859545004944 0.3840257171117705 0.04549950544015826 0.06280909990108803
6 0.33753709198813053 0.46463897131552917 0.04896142433234421 0.05588526211671612
5 0.37858555885262113 0.5101384767556875 0.05192878338278931 0.044015825914935705
5 0.41765578635014833 0.4463402571711177 0.044015825914935705 0.0410484668644906
5 0.47230464886251233 0.4154302670623145 0.050445103857566766 0.03956478733926805
5 0.5605835806132542 0.4206231454005935 0.07467853610286844 0.049950544015825916
