5 0.6517509727626459 0.3516483516483517 0.11089494163424124 0.07417582417582418
5 0.514591439688716 0.3313873626373627 0.11089494163424124 0.09271978021978022
5 0.38715953307393 0.37259615384615385 0.09533073929961089 0.05288461538461539
5 0.2582684824902724 0.4498626373626374 0.0963035019455253 0.05494505494505495
6 0.21498054474708173 0.37603021978021983 0.11089494163424124 0.09271978021978022
6 0.3735408560311284 0.2692307692307693 0.10505836575875487 0.09478021978021979
6 0.5097276264591439 0.2245879120879121 0.09533073929961089 0.09065934065934067
6 0.6673151750972762 0.25961538461538464 0.11089494163424124 0.09340659340659341
6 0.8404669260700389 0.48454670329670335 0.12256809338521402 0.1201923076923077
4 0.6113813229571985 0.4498626373626374 0.09824902723735408 0.09340659340659341
4 0.5082684824902723 0.45089285714285715 0.09824902723735408 0.0995879120879121
4 0.4173151750972763 0.48385989010989017 0.08949416342412451 0.08035714285714286
4 0.32879377431906615 0.5195741758241759 0.0933852140077821 0.08035714285714286
4 0.767023346303502 0.5848214285714286 0.10214007782101167 0.08447802197802198
3 0.6084630350194553 0.5267857142857143 0.10797665369649806 0.10576923076923078
3 0.5009727626459144 0.5353708791208792 0.08949416342412451 0.10782967032967034
3 0.42461089494163423 0.5521978021978022 0.08073929961089495 0.09065934065934067
3 0.34970817120622566 0.5652472527472527 0.09241245136186771 0.0782967032967033
2 0.6687743190661478 0.6892170329670331 0.18385214007782102 0.10096153846153846
0 0.5291828793774319 0.8416895604395606 0.17120622568093385 0.16277472527472528
1 0.41974708171206226 0.8482142857142858 0.11381322957198443 0.1414835164835165
