1 0.4129373474369406 0.843069873997709 0.12286411716842961 0.13287514318442153
0 0.5390561432058584 0.8450744558991982 0.19609438567941415 0.19415807560137457
2 0.6724979658258746 0.6881443298969072 0.17656631407648493 0.1357388316151203
3 0.6375101708706266 0.4965635738831615 0.096826688364524 0.11912943871706759
3 0.5292921074043938 0.5088774341351661 0.11635475996745322 0.13344788087056128
3 0.43816110659072416 0.5217640320733105 0.1000813669650122 0.11225658648339061
3 0.3498779495524817 0.5561282932416953 0.09275834011391375 0.12142038946162657
4 0.8266883645240032 0.577319587628866 0.13018714401952808 0.10767468499427263
4 0.661920260374288 0.42353951890034364 0.12286411716842961 0.0979381443298969
4 0.5292921074043938 0.41408934707903783 0.11635475996745322 0.09851088201603667
4 0.43002441008950365 0.443298969072165 0.11635475996745322 0.10538373424971363
4 0.32343368592351507 0.48883161512027495 0.1033360455655004 0.0979381443298969
6 0.9178193653376728 0.48997709049255445 0.1822620016273393 0.14261168384879724
6 0.8018714401952807 0.22222222222222224 0.12286411716842961 0.10309278350515465
6 0.5524816924328723 0.16380297823596793 0.14320585842148087 0.10309278350515465
6 0.3637103336045565 0.21620847651775488 0.11391375101708706 0.11053837342497137
6 0.22213181448331976 0.313573883161512 0.13344182262001628 0.08877434135166094
5 0.27379983726607 0.400057273768614 0.11635475996745322 0.070446735395189
5 0.3966639544344996 0.32989690721649484 0.11635475996745322 0.06529209621993128
5 0.5443449959316518 0.2889461626575029 0.11228641171684296 0.07731958762886598
5 0.7453213995117982 0.32531500572737687 0.1529698942229455 0.09392898052691867
