5 0.6758177570093458 0.20416666666666666 0.09929906542056074 0.09166666666666667
5 0.5297897196261682 0.1962962962962963 0.1203271028037383 0.07777777777777778
5 0.42990654205607476 0.26712962962962966 0.09579439252336448 0.09166666666666667
5 0.28212616822429903 0.3939814814814815 0.08294392523364486 0.0638888888888889
6 0.19626168224299065 0.3175925925925926 0.10514018691588785 0.08518518518518518
6 0.3761682242990654 0.13611111111111113 0.09813084112149532 0.10185185185185186
6 0.5151869158878505 0.06944444444444445 0.10046728971962617 0.1
6 0.7021028037383177 0.09537037037037037 0.09345794392523364 0.10740740740740741
6 0.8872663551401868 0.33333333333333337 0.1203271028037383 0.12962962962962962
4 0.6582943925233644 0.3287037037037037 0.10163551401869159 0.10370370370370371
4 0.5549065420560747 0.3375 0.10514018691588785 0.09722222222222222
4 0.46728971962616817 0.38657407407407407 0.1144859813084112 0.09907407407407408
4 0.3755841121495327 0.4638888888888889 0.11331775700934578 0.09074074074074075
4 0.836448598130841 0.45092592592592595 0.1308411214953271 0.1
3 0.661214953271028 0.4217592592592593 0.10514018691588785 0.11944444444444445
3 0.5549065420560747 0.4398148148148148 0.10046728971962617 0.1388888888888889
3 0.48422897196261677 0.4638888888888889 0.08294392523364486 0.11111111111111112
3 0.4228971962616822 0.5115740740740741 0.09813084112149532 0.09537037037037037
2 0.7470794392523364 0.5912037037037037 0.15771028037383175 0.11574074074074074
1 0.5315420560747663 0.774537037037037 0.12383177570093457 0.1398148148148148
0 0.6366822429906541 0.7847222222222222 0.1939252336448598 0.1638888888888889
