0 0.46228448275862066 0.8047945205479452 0.16939655172413792 0.15753424657534246
1 0.35043103448275864 0.7921232876712329 0.11206896551724138 0.14863013698630137
2 0.6163793103448276 0.6392123287671233 0.19827586206896552 0.14143835616438355
3 0.5588362068965517 0.46215753424657535 0.11508620689655172 0.12773972602739725
3 0.46249999999999997 0.47243150684931506 0.09482758620689655 0.1393835616438356
3 0.3907327586206896 0.4839041095890411 0.08318965517241379 0.12123287671232877
3 0.31875 0.5066780821917808 0.10043103448275861 0.11198630136986301
4 0.73125 0.5308219178082192 0.12629310344827585 0.0958904109589041
4 0.5773706896551724 0.36746575342465754 0.10043103448275861 0.09794520547945205
4 0.4724137931034483 0.3719178082191781 0.08620689655172414 0.10273972602739725
4 0.3762931034482759 0.40273972602739727 0.09482758620689655 0.0958904109589041
4 0.2974137931034483 0.4428082191780822 0.08620689655172414 0.09794520547945205
6 0.8101293103448276 0.42448630136986304 0.1521551724137931 0.10719178082191781
6 0.630603448275862 0.1642123287671233 0.09741379310344828 0.09349315068493151
6 0.4853448275862069 0.12876712328767123 0.1060344827586207 0.10273972602739725
6 0.35043103448275864 0.16198630136986303 0.12327586206896551 0.11164383561643836
6 0.20818965517241378 0.2659246575342466 0.09741379310344828 0.09143835616438356
5 0.2439655172413793 0.3527397260273973 0.12931034482758622 0.0684931506849315
5 0.3603448275862069 0.28527397260273973 0.10344827586206896 0.07534246575342465
5 0.4868534482758621 0.24982876712328766 0.12629310344827585 0.07294520547945206
5 0.6118534482758621 0.27157534246575343 0.10646551724137931 0.07054794520547945
