5 0.5504310344827587 0.3707191780821918 0.09913793103448276 0.07226027397260273
5 0.43189655172413793 0.34657534246575344 0.0939655172413793 0.06643835616438357
5 0.33620689655172414 0.3938356164383562 0.08362068965517241 0.0684931506849315
5 0.22241379310344828 0.47363013698630135 0.08620689655172414 0.06232876712328767
6 0.20172413793103447 0.38647260273972606 0.09655172413793103 0.09554794520547945
6 0.32176724137931034 0.274486301369863 0.1021551724137931 0.10376712328767124
6 0.44568965517241377 0.2285958904109589 0.0939655172413793 0.10376712328767124
6 0.5672413793103448 0.2607876712328767 0.10172413793103448 0.10993150684931507
6 0.7338362068965517 0.5053082191780822 0.12284482758620689 0.10993150684931507
4 0.5254310344827586 0.473458904109589 0.09137931034482759 0.09965753424657535
4 0.6409482758620689 0.5998287671232877 0.0939655172413793 0.09143835616438356
4 0.4237068965517241 0.4777397260273973 0.08620689655172414 0.09520547945205479
4 0.3448275862068966 0.5102739726027398 0.08620689655172414 0.09520547945205479
4 0.2655172413793103 0.5503424657534247 0.07844827586206897 0.07465753424657534
3 0.2827586206896552 0.6147260273972602 0.08620689655172414 0.09931506849315068
3 0.3478448275862069 0.5837328767123288 0.07586206896551724 0.10376712328767124
3 0.41982758620689653 0.5587328767123287 0.08362068965517241 0.11198630136986301
3 0.5137931034482759 0.5523972602739726 0.0939655172413793 0.12465753424657534
2 0.5726293103448276 0.7226027397260274 0.14870689655172414 0.11643835616438357
1 0.35193965517241377 0.8825342465753425 0.11508620689655172 0.12054794520547946
0 0.44913793103448274 0.8809931506849316 0.18017241379310345 0.15993150684931506
