0 0.5008873114463177 0.848074179743224 0.15527950310559008 0.15691868758915836
1 0.3917480035492458 0.8470042796005707 0.08251996450754215 0.12196861626248218
2 0.6401952085181899 0.7039942938659058 0.15705412599822538 0.10841654778887304
3 0.6073646850044366 0.5335235378031384 0.09671694764862467 0.11840228245363767
3 0.5168589174800355 0.532453637660485 0.0878438331854481 0.11626248216833096
3 0.440550133096717 0.5517118402282454 0.0754214729370009 0.11911554921540657
3 0.3695652173913044 0.5770328102710414 0.0771960958296362 0.11269614835948645
4 0.7431233362910382 0.5959343794579173 0.1251109139307897 0.09486447931526391
4 0.6344276841171251 0.45221112696148363 0.11180124223602485 0.11697574893009986
4 0.520851818988465 0.4500713266761769 0.11002661934338953 0.10413694721825963
4 0.43788819875776397 0.471469329529244 0.09494232475598935 0.09843081312410842
4 0.35581188997338065 0.5064194008559201 0.09050576752440107 0.0884450784593438
6 0.8504880212954747 0.49821683309557774 0.14463176574977818 0.11626248216833096
6 0.6818988464951198 0.24393723252496435 0.10736468500443656 0.09843081312410842
6 0.518189884649512 0.1979315263908702 0.13487133984028393 0.11483594864479316
6 0.3717834960070985 0.24429386590584878 0.09760425909494233 0.11055634807417974
6 0.2670807453416149 0.3377318116975749 0.10292812777284828 0.10912981455064194
5 0.30567879325643305 0.4222539229671897 0.11446317657497782 0.06419400855920114
5 0.39352262644188113 0.3648359486447932 0.1002661934338953 0.08202567760342368
5 0.525732031943212 0.32132667617689015 0.11978704525288376 0.07631954350927247
5 0.6668145519077197 0.35271041369472184 0.10736468500443656 0.08202567760342368
