5 0.648 0.22823779193205945 0.13942857142857143 0.08421797593772117
5 0.4782857142857143 0.20276008492569003 0.13142857142857145 0.08138711960368011
5 0.3268571428571429 0.25690021231422505 0.12342857142857144 0.089171974522293
5 0.19314285714285714 0.35314932767162066 0.14400000000000002 0.06935598018400567
6 0.16 0.26680820948336875 0.15542857142857144 0.10332625619249823
6 0.31714285714285717 0.13234253361641898 0.136 0.10332625619249823
6 0.4914285714285715 0.0697098372257608 0.12114285714285715 0.11252653927813164
6 0.6565714285714286 0.10721868365180467 0.14514285714285716 0.10120311394196745
6 0.8554285714285715 0.35279547062986555 0.17485714285714288 0.15074309978768577
4 0.6411428571428572 0.343241330502477 0.13942857142857143 0.12738853503184713
4 0.4834285714285715 0.3407643312101911 0.15085714285714286 0.12243453644727531
4 0.34571428571428575 0.3878273177636235 0.14742857142857144 0.11040339702760085
4 0.2262857142857143 0.44550601556970987 0.15542857142857144 0.11535739561217269
4 0.7988571428571429 0.48796886058032557 0.15085714285714286 0.10544939844302902
3 0.25942857142857145 0.5254777070063694 0.128 0.12243453644727531
3 0.35771428571428576 0.47876857749469215 0.11657142857142858 0.12526539278131635
3 0.48571428571428577 0.4416135881104034 0.13942857142857143 0.1316348195329087
3 0.6405714285714286 0.44762915782024065 0.14742857142857144 0.14366595895258316
2 0.7257142857142858 0.6493276716206653 0.224 0.12951167728237792
1 0.37314285714285716 0.8050247699929229 0.14742857142857144 0.14366595895258316
0 0.5222857142857144 0.8301486199575372 0.25142857142857145 0.1656050955414013
