0 0.4917610710607621 0.8723835246455098 0.21318228630278063 0.15800135043889266
1 0.358908341915551 0.8767724510465902 0.12873326467559218 0.1262660364618501
2 0.6611740473738413 0.7258609047940581 0.21009268795056643 0.12559081701553004
3 0.6101956745623068 0.5594193112761648 0.13285272914521112 0.14652261985145174
3 0.5092687950566426 0.5516542876434841 0.10813594232749742 0.1350438892640108
3 0.4340885684860968 0.5722484807562458 0.11225540679711637 0.11681296421336936
3 0.3398558187435633 0.5918298446995274 0.11122554067971163 0.13301823092505066
4 0.7847579814624098 0.5931802835921675 0.15036045314109164 0.10330857528696827
4 0.6246138002059732 0.4510465901417961 0.1431513903192585 0.12153950033760973
4 0.5025746652935118 0.45914922349763676 0.11534500514933058 0.10533423362592843
4 0.4145211122554068 0.48750844024307904 0.10813594232749742 0.11208642808912897
4 0.315653964984552 0.5165428764348413 0.11225540679711637 0.09182984469952735
6 0.8908341915550978 0.4908845374746793 0.15653964984552007 0.14179608372721136
6 0.6627188465499485 0.22923700202565836 0.14933058702368693 0.11681296421336936
6 0.5036045314109165 0.20459149223497639 0.11534500514933058 0.10533423362592843
6 0.36766220391349125 0.2511816340310601 0.12564366632337795 0.10533423362592843
6 0.2384140061791967 0.324105334233626 0.13285272914521112 0.09588116137744768
5 0.25798146240988673 0.42032410533423364 0.15756951596292482 0.06819716407832546
5 0.3764160659114315 0.36765698852126943 0.12873326467559218 0.06819716407832546
5 0.5005149330587023 0.33794733288318707 0.11122554067971163 0.07359891964888589
5 0.6472708547888775 0.34031060094530724 0.13903192584963955 0.08237677245104659
