5 0.6520644511581067 0.32850430696945965 0.12386706948640483 0.08379013312451057
5 0.5030211480362538 0.3034455755677369 0.11782477341389729 0.09162098668754894
5 0.3821752265861027 0.35512920908379014 0.10574018126888217 0.07439310884886452
5 0.26686807653575023 0.44166014095536416 0.09063444108761329 0.07517619420516836
6 0.20292044310171198 0.3570869224745497 0.11178247734138973 0.09397024275646046
6 0.3766364551863041 0.22866092404072044 0.0986908358509567 0.11119812059514488
6 0.4984894259818731 0.1750195771339076 0.1148036253776435 0.105716523101018
6 0.6772406847935549 0.21769772905246673 0.11782477341389729 0.10806577916992952
6 0.8544813695871097 0.4729835552075176 0.15206445115810674 0.12999216914643696
4 0.595669687814703 0.43813625685199686 0.10775427995971802 0.11041503523884104
4 0.48539778449144005 0.43931088488645265 0.0986908358509567 0.1033672670321065
4 0.3992950654582075 0.4827721221613156 0.08962739174219536 0.09945184025058731
4 0.3071500503524673 0.5203602192638997 0.1027190332326284 0.09631949882537197
4 0.7623363544813696 0.5661707126076743 0.1268882175226586 0.09866875489428348
3 0.5845921450151057 0.52858261550509 0.10574018126888217 0.13782302270947533
3 0.48539778449144005 0.5309318715740016 0.09264853977844914 0.11746280344557557
3 0.40483383685800606 0.5552075176194206 0.08056394763343404 0.10806577916992952
3 0.33031218529707956 0.5841816758026624 0.09264853977844914 0.1033672670321065
2 0.6450151057401813 0.70203602192639 0.1701913393756294 0.11354737666405638
1 0.4108761329305136 0.8790133124510572 0.1309164149043303 0.14017227877838684
0 0.5201409869083585 0.8739232576350823 0.17623363544813697 0.15661707126076743
