0 0.48120300751879697 0.8914523449319214 0.17830290010741137 0.16111951588502268
1 0.35875402792696026 0.8914523449319214 0.11600429645542427 0.1157337367624811
2 0.6299677765843179 0.7023449319213313 0.20085929108485498 0.12329803328290469
3 0.5601503759398496 0.5650529500756429 0.11278195488721804 0.15431164901664146
3 0.46455424274973145 0.5695915279878971 0.10204081632653061 0.12859304084720122
3 0.38829215896885066 0.5900151285930408 0.08700322234156821 0.11346444780635401
3 0.3098818474758324 0.6210287443267776 0.09129967776584318 0.11800302571860817
4 0.7158968850698174 0.5809379727685325 0.12352309344790548 0.08925869894099848
4 0.5719656283566058 0.4735249621785174 0.11278195488721804 0.09984871406959153
4 0.4683136412459721 0.47844175491679275 0.11600429645542427 0.1157337367624811
4 0.3754027926960258 0.5 0.11278195488721804 0.11800302571860817
4 0.27926960257787325 0.550302571860817 0.10955961331901182 0.09455370650529502
6 0.7653061224489796 0.4848714069591528 0.13426423200859292 0.11800302571860817
6 0.5773361976369495 0.28252647503782147 0.10848549946294307 0.09757942511346444
6 0.45918367346938777 0.2594553706505295 0.10633727175080558 0.10741301059001514
6 0.35714285714285715 0.2991679273827534 0.12781954887218044 0.10514372163388805
6 0.22073039742212675 0.38993948562783665 0.10848549946294307 0.09757942511346444
5 0.2459720730397422 0.47844175491679275 0.11600429645542427 0.07488653555219364
5 0.36412459720730395 0.4092284417549168 0.10526315789473684 0.06959152798789713
5 0.46133190118152523 0.37859304084720125 0.10204081632653061 0.06883509833585477
5 0.5741138560687433 0.37972768532526474 0.13856068743286787 0.07715582450832073
