5 0.6498516320474778 0.2677595628415301 0.12462908011869436 0.11085089773614364
5 0.4925816023738872 0.2540983606557377 0.13056379821958455 0.10070257611241218
5 0.3466864490603363 0.30327868852459017 0.11374876360039564 0.0975800156128025
5 0.22453016815034618 0.4094457455113193 0.13056379821958455 0.08196721311475409
6 0.17359050445103857 0.29937548790007806 0.10385756676557863 0.1053864168618267
6 0.33679525222551926 0.1721311475409836 0.11374876360039564 0.1053864168618267
6 0.4990108803165183 0.11670569867291179 0.11770524233432245 0.13817330210772832
6 0.69188921859545 0.14988290398126464 0.14737883283877348 0.1249024199843872
6 0.8827893175074184 0.4500390320062451 0.16122650840751732 0.13192818110850899
4 0.5949554896142433 0.3985167837626854 0.12759643916913946 0.1131928181108509
4 0.47230464886251233 0.4063231850117096 0.11770524233432245 0.10850897736143637
4 0.3714144411473788 0.4422326307572209 0.11770524233432245 0.11163153786104606
4 0.2675568743818002 0.492583918813427 0.12363996043521265 0.10616705698672912
4 0.7710187932739861 0.5554254488680718 0.14737883283877348 0.1053864168618267
3 0.5727002967359051 0.4996096799375488 0.12067260138476756 0.16393442622950818
3 0.4708209693372898 0.5136612021857924 0.10089020771513353 0.1592505854800937
3 0.37685459940652816 0.529664324746292 0.10089020771513353 0.13192818110850899
3 0.2858555885262117 0.5757220921155347 0.10089020771513353 0.13505074160811867
2 0.6602373887240356 0.7029664324746292 0.18496538081107813 0.13973458235753317
1 0.35014836795252224 0.8505074160811865 0.1582591493570722 0.16627634660421545
0 0.4757665677546983 0.8817330210772834 0.2314540059347181 0.18501170960187355
