0 0.49950544015825915 0.6946092977250247 0.09297725024727992 0.1231454005934718
1 0.4455984174085064 0.6951038575667655 0.06726013847675569 0.10633036597428289
2 0.579624134520277 0.5833333333333333 0.09099901088031652 0.08358061325420375
3 0.5462413452027696 0.46933728981206724 0.06379821958456973 0.09000989119683481
3 0.4821958456973294 0.47230464886251233 0.051434223541048464 0.09891196834817012
3 0.4357072205736894 0.48813056379821956 0.050445103857566766 0.0850642927794263
3 0.3887240356083086 0.5195351137487636 0.06231454005934718 0.08654797230464886
4 0.6228981206726013 0.49406528189910975 0.06676557863501484 0.06824925816023739
4 0.5499505440158259 0.4075173095944609 0.0712166172106825 0.0820969337289812
4 0.4854104846686449 0.40677546983184965 0.06083086053412463 0.07467853610286844
4 0.43125618199802174 0.43125618199802174 0.05637982195845697 0.06528189910979228
4 0.3793273986152324 0.46933728981206724 0.05341246290801187 0.06528189910979228
6 0.6456478733926805 0.4114737883283877 0.07764589515331355 0.10187932739861523
6 0.5781404549950544 0.269782393669634 0.07319485657764589 0.07764589515331355
6 0.4935707220573689 0.24183976261127596 0.06231454005934718 0.07319485657764589
6 0.41295746785361026 0.2767062314540059 0.06231454005934718 0.08555885262116716
6 0.33976261127596435 0.3496538081107814 0.06231454005934718 0.07022749752720078
5 0.361028684470821 0.41172106824925814 0.0820969337289812 0.04599406528189911
5 0.42433234421364985 0.3536102868447082 0.057368941641938676 0.050445103857566766
5 0.4935707220573689 0.33382789317507416 0.0712166172106825 0.050445103857566766
5 0.56973293768546 0.3390207715133531 0.06528189910979228 0.057863501483679525
