5 0.6490031479538301 0.3686671862821512 0.11647429171038826 0.06703039750584568
5 0.5152151101783841 0.352689010132502 0.11962224554039874 0.0740452065471551
5 0.37355718782791186 0.3838659392049883 0.11332633788037776 0.0740452065471551
5 0.2906610703043022 0.4633671083398285 0.09653725078698847 0.060015588464536244
6 0.236096537250787 0.3901013250194856 0.10283315844700945 0.09119251753702261
6 0.33473242392444913 0.269680436477007 0.12591815320041974 0.12470771628994544
6 0.49790136411332636 0.22681215900233828 0.11647429171038826 0.10600155884645363
6 0.6589716684155299 0.2829306313328137 0.10912906610703044 0.08885424785658613
6 0.8688352570828961 0.48480124707716293 0.13011542497376705 0.1122369446609509
4 0.6180482686253935 0.45518316445830087 0.11332633788037776 0.09820732657833203
4 0.7728226652675761 0.5662509742790335 0.08709338929695698 0.0740452065471551
4 0.5152151101783841 0.46531566640685895 0.0944386149003148 0.08417770849571317
4 0.4281217208814271 0.4789555728760717 0.0944386149003148 0.09586905689789556
4 0.34575026232948586 0.5229929851909587 0.10388247639034628 0.09353078721745908
3 0.37932843651626447 0.5818394388152767 0.08709338929695698 0.08651597817614964
3 0.4349422875131165 0.5565081839438816 0.09338929695697797 0.1122369446609509
3 0.5183630640083946 0.5432579890880749 0.11332633788037776 0.12470771628994544
3 0.6091290661070304 0.5303975058456742 0.09338929695697797 0.11301636788776306
2 0.6878279118572928 0.6656274356975838 0.18782791185729278 0.11067809820732658
1 0.4265477439664218 0.813717848791894 0.11647429171038826 0.13717848791894
0 0.5503672612801679 0.838269680436477 0.16474291710388247 0.16757599376461418
