0 0.5148565573770492 0.8625180897250361 0.1875 0.16931982633863965
1 0.3811475409836066 0.8570911722141823 0.11065573770491804 0.14254703328509405
2 0.670594262295082 0.6747467438494934 0.1915983606557377 0.13241678726483355
3 0.6239754098360656 0.5032561505065123 0.1290983606557377 0.1570188133140376
3 0.5020491803278688 0.5108538350217077 0.10040983606557377 0.1447178002894356
3 0.4252049180327869 0.5437771345875543 0.09426229508196722 0.13965267727930533
3 0.33709016393442626 0.5643994211287988 0.11065573770491804 0.12735166425470332
4 0.7889344262295083 0.5416063675832127 0.1557377049180328 0.10057887120115773
4 0.639344262295082 0.40484804630969606 0.13114754098360656 0.11794500723589
4 0.5020491803278688 0.4182344428364689 0.11475409836065574 0.10564399421128798
4 0.4067622950819672 0.45767004341534007 0.10450819672131148 0.10057887120115773
4 0.30942622950819676 0.4960202604920405 0.10450819672131148 0.09334298118668595
6 0.8504098360655739 0.42040520984081037 0.14549180327868852 0.12301013024602026
6 0.6951844262295083 0.17836468885672938 0.14651639344262296 0.12518089725036177
6 0.49026639344262296 0.1609985528219971 0.11168032786885246 0.11070911722141823
6 0.36014344262295084 0.2098408104196816 0.10758196721311476 0.10998552821997105
6 0.19620901639344263 0.3129522431259045 0.10758196721311476 0.09044862518089725
5 0.24846311475409838 0.40520984081041966 0.12192622950819673 0.07380607814761216
5 0.36834016393442626 0.32778581765557163 0.11782786885245902 0.08104196816208394
5 0.4953893442622951 0.2861794500723589 0.12192622950819673 0.09044862518089725
5 0.6762295081967213 0.29594790159189577 0.13524590163934427 0.08104196816208394
