5 0.6278761061946903 0.35967302452316074 0.08938053097345133 0.07493188010899182
5 0.4831858407079646 0.33753405994550406 0.09557522123893805 0.07697547683923706
5 0.34601769911504426 0.38147138964577654 0.09026548672566372 0.06948228882833787
5 0.23539823008849559 0.47956403269754766 0.07256637168141593 0.061307901907356945
6 0.17787610619469027 0.39373297002724794 0.10265486725663717 0.09400544959128065
6 0.30619469026548674 0.273841961852861 0.09557522123893805 0.10354223433242507
6 0.4831858407079646 0.23194822888283378 0.11504424778761062 0.10013623978201634
6 0.6601769911504425 0.2646457765667575 0.10973451327433628 0.09196185286103542
6 0.8893805309734513 0.5684604904632152 0.1592920353982301 0.10149863760217984
4 0.5915929203539823 0.4536784741144414 0.12477876106194691 0.10762942779291552
4 0.484070796460177 0.460149863760218 0.09734513274336283 0.10013623978201634
4 0.3836283185840708 0.48501362397820164 0.08938053097345133 0.0994550408719346
4 0.29380530973451324 0.537125340599455 0.10442477876106195 0.09196185286103542
4 0.7663716814159292 0.6358991825613078 0.09734513274336283 0.07833787465940054
3 0.5690265486725664 0.5309945504087193 0.08672566371681416 0.1151226158038147
3 0.4730088495575221 0.5466621253405994 0.09469026548672566 0.11103542234332425
3 0.40221238938053094 0.5534741144414169 0.08230088495575222 0.10149863760217984
3 0.3269911504424779 0.5933242506811989 0.08230088495575222 0.09400544959128065
2 0.613716814159292 0.7135558583106266 0.1743362831858407 0.10967302452316076
1 0.4207964601769911 0.853542234332425 0.11946902654867256 0.1416893732970027
0 0.5243362831858407 0.8460490463215259 0.1424778761061947 0.15940054495912806
