0 0.5058187863674148 0.7842003853564546 0.15378221113881962 0.16056518946692355
1 0.39941812136325855 0.7874116891457932 0.10058187863674148 0.14129736673089274
2 0.628428927680798 0.6078998073217726 0.1479634247714048 0.13166345536287732
3 0.5910224438902744 0.44123314065510594 0.10141313383208646 0.1220295439948619
3 0.49085619285120535 0.44605009633911363 0.08395677472984206 0.12395632626846499
3 0.41936824605153783 0.45664739884393063 0.0739817123857024 0.09762363519588953
3 0.34455527847049044 0.4842646114322415 0.07564422277639235 0.11046885035324341
4 0.7103075644222776 0.48073217726396916 0.10556940980881131 0.08285163776493255
4 0.5985037406483791 0.3644829800899165 0.09642560266001662 0.100834938985228
4 0.4995843724023275 0.36062941554271033 0.08645054031587697 0.09055876685934489
4 0.4172901080631754 0.38086062941554266 0.08146300914380715 0.09633911368015413
4 0.3341645885286783 0.4149004495825305 0.08478802992518704 0.09248554913294797
6 0.7772236076475478 0.36962106615285806 0.14962593516209477 0.11496467565831726
6 0.6596009975062345 0.1608863198458574 0.08229426433915212 0.100834938985228
6 0.5266001662510391 0.10372511239563262 0.10723192019950124 0.1111111111111111
6 0.4035743973399834 0.13648041104688502 0.10058187863674148 0.100834938985228
6 0.2572734829592685 0.23892100192678226 0.09060681629260182 0.09762363519588953
5 0.2942643391521197 0.3249839434810533 0.10141313383208646 0.061657032755298644
5 0.4002493765586035 0.2607578676942839 0.10723192019950124 0.07321772639691715
5 0.5141313383208646 0.22992935131663453 0.09891936824605153 0.07321772639691715
5 0.6309226932668329 0.2524084778420038 0.10972568578553617 0.08606294155427102
