5 0.630071599045346 0.2819018404907976 0.11296738265712013 0.09141104294478528
5 0.46658711217183774 0.2588957055214724 0.12649164677804298 0.09570552147239264
5 0.33333333333333337 0.3122699386503068 0.13524264120922833 0.07730061349693251
5 0.21479713603818618 0.4098159509202454 0.10819411296738266 0.0687116564417178
6 0.1579156722354813 0.3141104294478528 0.11376292760540971 0.10184049079754602
6 0.294351630867144 0.19263803680981595 0.10023866348448687 0.10429447852760737
6 0.4828957836117741 0.12822085889570553 0.12092283214001592 0.10797546012269939
6 0.6555290373906126 0.16963190184049082 0.12092283214001592 0.10858895705521474
6 0.8687350835322196 0.45 0.16070007955449483 0.13067484662576687
4 0.5775656324582339 0.38374233128834356 0.12092283214001592 0.11226993865030675
4 0.45743834526650756 0.38496932515337423 0.11296738265712013 0.1098159509202454
4 0.3575974542561655 0.4285276073619632 0.10262529832935562 0.10613496932515339
4 0.2645186953062848 0.4785276073619632 0.11535401750198887 0.10184049079754602
4 0.7776451869530628 0.5386503067484663 0.13444709626093876 0.09815950920245399
3 0.5612569610182976 0.47730061349693254 0.12649164677804298 0.1374233128834356
3 0.4614160700079555 0.49110429447852766 0.12728719172633254 0.15153374233128836
3 0.37788385043754974 0.5202453987730061 0.10501193317422435 0.13128834355828223
3 0.30111376292760544 0.5521472392638037 0.10262529832935562 0.12883435582822086
2 0.6376292760540971 0.6573619631901841 0.17581543357199683 0.12699386503067486
1 0.3834526650755768 0.8539877300613498 0.1431980906921241 0.15828220858895706
0 0.5027844073190135 0.8628834355828221 0.20525059665871123 0.18957055214723928
