0 0.5386243386243387 0.7673397717295873 0.13333333333333333 0.16154521510096576
1 0.44232804232804235 0.7963125548726954 0.11005291005291006 0.14223002633889376
2 0.6343915343915344 0.6049165935030729 0.15767195767195769 0.09833187006145742
3 0.5592592592592593 0.461369622475856 0.09417989417989418 0.11852502194907814
3 0.47671957671957677 0.4736611062335382 0.08571428571428572 0.11852502194907814
3 0.4142857142857143 0.495171202809482 0.08148148148148149 0.10886742756804214
3 0.34285714285714286 0.5219490781387182 0.0634920634920635 0.08340649692712906
4 0.728042328042328 0.5083406496927129 0.07830687830687831 0.07901668129938542
4 0.5566137566137567 0.3880597014925373 0.09312169312169313 0.09833187006145742
4 0.46560846560846564 0.39113257243195787 0.09312169312169313 0.09218612818261633
4 0.3835978835978836 0.4218612818261633 0.08148148148148149 0.09218612818261633
4 0.3074074074074074 0.48507462686567165 0.08571428571428572 0.06760316066725197
6 0.8052910052910054 0.42581211589113255 0.13333333333333333 0.10008779631255488
6 0.5756613756613757 0.1957857769973661 0.091005291005291 0.10184372256365233
6 0.4158730158730159 0.18086040386303776 0.10582010582010583 0.09657594381035997
6 0.2851851851851852 0.24714661984196665 0.08571428571428572 0.09394205443371378
6 0.1619047619047619 0.3810359964881475 0.08677248677248678 0.07550482879719052
5 0.23174603174603176 0.4411764705882353 0.08888888888888889 0.06057945566286216
5 0.3195767195767196 0.3358208955223881 0.10582010582010583 0.07111501316944688
5 0.44391534391534393 0.28884986830553117 0.11322751322751323 0.07199297629499561
5 0.5767195767195767 0.295873573309921 0.11851851851851852 0.07374890254609306
