5 0.6504347826086957 0.2176039119804401 0.09565217391304348 0.06968215158924206
5 0.5126086956521739 0.19682151589242053 0.11043478260869566 0.07334963325183375
5 0.3934782608695652 0.23899755501222494 0.10695652173913044 0.06356968215158924
5 0.28782608695652173 0.30073349633251834 0.12521739130434784 0.06356968215158924
6 0.2491304347826087 0.22677261613691932 0.09652173913043478 0.08068459657701711
6 0.3734782608695652 0.14211491442542787 0.0982608695652174 0.09596577017114914
6 0.5221739130434783 0.10941320293398533 0.11217391304347826 0.0941320293398533
6 0.6678260869565218 0.1356968215158924 0.09391304347826088 0.09046454767726161
6 0.8795652173913043 0.39119804400978 0.14173913043478262 0.097799511002445
4 0.6047826086956521 0.29706601466992666 0.10173913043478261 0.097799511002445
4 0.5030434782608696 0.2992053789731051 0.09130434782608696 0.09352078239608802
4 0.4165217391304348 0.33312958435207823 0.08869565217391305 0.08679706601466992
4 0.3347826086956522 0.36613691931540343 0.09043478260869565 0.07701711491442542
4 0.7582608695652174 0.4501833740831296 0.10956521739130436 0.0715158924205379
3 0.35608695652173916 0.43276283618581907 0.09130434782608696 0.10880195599022005
3 0.4230434782608696 0.40097799511002447 0.0808695652173913 0.10513447432762836
3 0.4965217391304348 0.3780562347188264 0.08869565217391305 0.12408312958435208
3 0.5943478260869566 0.36674816625916873 0.09652173913043478 0.09046454767726161
2 0.6321739130434783 0.5284229828850856 0.16869565217391305 0.09963325183374083
1 0.4004347826086957 0.6763447432762836 0.12086956521739131 0.1265281173594132
0 0.5082608695652174 0.6723716381418093 0.17130434782608697 0.1466992665036675
