0 0.4813519813519814 0.7584033613445378 0.2261072261072261 0.211484593837535
1 0.3269230769230769 0.7485994397759104 0.15734265734265734 0.15266106442577032
2 0.6637529137529138 0.5815826330532213 0.19696969696969696 0.12675070028011204
3 0.6043123543123543 0.42436974789915966 0.12237762237762238 0.13165266106442577
3 0.4825174825174825 0.42436974789915966 0.12121212121212122 0.13165266106442577
3 0.3752913752913753 0.43907563025210083 0.09324009324009325 0.12745098039215685
3 0.2837995337995338 0.47058823529411764 0.11771561771561771 0.11624649859943978
4 0.7808857808857809 0.4488795518207283 0.16083916083916083 0.10364145658263306
4 0.6334498834498834 0.34103641456582634 0.12937062937062938 0.10364145658263306
4 0.49184149184149184 0.32948179271708683 0.1258741258741259 0.1015406162464986
4 0.3712121212121212 0.35329131652661067 0.12237762237762238 0.1057422969187675
4 0.24766899766899766 0.3960084033613445 0.1247086247086247 0.09733893557422969
6 0.8537296037296037 0.3431372549019608 0.175990675990676 0.11204481792717087
6 0.6888111888111889 0.1334033613445378 0.13286713286713286 0.1015406162464986
6 0.5262237762237763 0.08053221288515407 0.14335664335664336 0.10364145658263306
6 0.32284382284382285 0.11484593837535013 0.11888111888111888 0.10364145658263306
6 0.16142191142191142 0.22514005602240897 0.10372960372960373 0.0861344537815126
5 0.1993006993006993 0.3067226890756303 0.1585081585081585 0.06862745098039216
5 0.3339160839160839 0.234593837535014 0.1247086247086247 0.07142857142857142
5 0.5058275058275058 0.20763305322128853 0.11188811188811189 0.06932773109243698
5 0.6713286713286714 0.22829131652661064 0.13986013986013987 0.08403361344537816
