5 0.5624489795918367 0.24348132487667373 0.09959183673469388 0.08104298801973221
5 0.44612244897959186 0.22938689217758987 0.09061224489795919 0.07822410147991543
5 0.3436734693877551 0.2864693446088795 0.10285714285714286 0.07822410147991543
5 0.24244897959183676 0.37279774489076817 0.10612244897959185 0.07329105003523609
6 0.1726530612244898 0.288231148696265 0.12326530612244899 0.10147991543340382
6 0.3073469387755102 0.1536293164200141 0.09714285714285714 0.10993657505285413
6 0.41877551020408166 0.10923185341789994 0.10285714285714286 0.11980267794221283
6 0.5587755102040817 0.12473572938689219 0.09387755102040816 0.12544045102184637
6 0.7636734693877552 0.3587033121916843 0.12653061224489798 0.1437632135306554
4 0.5624489795918367 0.3558844256518675 0.09959183673469388 0.1127554615926709
4 0.4689795918367347 0.3689217758985201 0.10530612244897959 0.11205073995771671
4 0.38734693877551024 0.3988724453840733 0.08734693877551021 0.10993657505285413
4 0.30244897959183675 0.452431289640592 0.09387755102040816 0.10147991543340382
4 0.7183673469387756 0.4809725158562368 0.0963265306122449 0.09654686398872446
3 0.3408163265306123 0.5229034531360113 0.09061224489795919 0.1226215644820296
3 0.40408163265306124 0.4904862579281184 0.08489795918367347 0.12825933756166316
3 0.4722448979591837 0.4630021141649049 0.08734693877551021 0.1536293164200141
3 0.5551020408163265 0.4499647639182523 0.0963265306122449 0.1543340380549683
2 0.6477551020408163 0.6035940803382664 0.1689795918367347 0.13037350246652574
1 0.4175510204081633 0.8076109936575053 0.12326530612244899 0.1536293164200141
0 0.5269387755102041 0.795278365045807 0.17551020408163265 0.17970401691331925
