0 0.4823008849557522 0.7908805031446541 0.1592920353982301 0.1588050314465409
1 0.3678097345132743 0.8046383647798743 0.12057522123893805 0.1360062893081761
2 0.6238938053097345 0.64937106918239 0.19247787610619468 0.1289308176100629
3 0.5790929203539823 0.4713050314465409 0.08738938053097345 0.12971698113207547
3 0.4939159292035398 0.482311320754717 0.10287610619469026 0.1391509433962264
3 0.41426991150442477 0.48742138364779874 0.07853982300884955 0.11320754716981132
3 0.35232300884955753 0.5188679245283019 0.08296460176991151 0.13364779874213836
4 0.7582964601769911 0.5385220125786164 0.12057522123893805 0.11006289308176101
4 0.6001106194690266 0.3879716981132076 0.09845132743362832 0.10927672955974843
4 0.49944690265486724 0.39268867924528306 0.0918141592920354 0.09984276729559749
4 0.4070796460176991 0.41155660377358494 0.08628318584070796 0.10141509433962265
4 0.33517699115044247 0.44732704402515727 0.09513274336283185 0.07389937106918239
6 0.8633849557522124 0.45007861635220126 0.16482300884955753 0.12342767295597484
6 0.6283185840707964 0.1804245283018868 0.11504424778761062 0.09355345911949686
6 0.5005530973451328 0.14897798742138366 0.1006637168141593 0.10141509433962265
6 0.37610619469026546 0.1957547169811321 0.09734513274336283 0.09905660377358491
6 0.2682522123893805 0.31603773584905664 0.08960176991150443 0.08176100628930819
5 0.28761061946902655 0.3836477987421384 0.09513274336283185 0.045597484276729564
5 0.3860619469026549 0.2940251572327044 0.09513274336283185 0.07389937106918239
5 0.5022123893805309 0.2724056603773585 0.08628318584070796 0.06525157232704402
5 0.6128318584070797 0.28537735849056606 0.1172566371681416 0.07547169811320756
