5 0.5740375123395853 0.2886524822695036 0.1470878578479763 0.08652482269503546
5 0.43731490621915103 0.2765957446808511 0.12043435340572556 0.0723404255319149
5 0.31638696939782823 0.33581560283687945 0.11352418558736425 0.08865248226950355
5 0.20236920039486672 0.399290780141844 0.12043435340572556 0.0723404255319149
6 0.15597235932872655 0.3056737588652482 0.140177690029615 0.10070921985815603
6 0.28479763079960513 0.2046099290780142 0.11747285291214214 0.1198581560283688
6 0.4155972359328726 0.15921985815602838 0.1441263573543929 0.1297872340425532
6 0.5794669299111549 0.17588652482269504 0.13030602171767028 0.11063829787234043
6 0.8277393879565647 0.4163120567375887 0.1609081934846989 0.15602836879432624
4 0.5730503455083908 0.40780141843971635 0.13721618953603157 0.10780141843971631
4 0.4590325765054294 0.41595744680851066 0.13030602171767028 0.10567375886524824
4 0.3603158933859822 0.44751773049645394 0.10661401776900295 0.11063829787234043
4 0.2680157946692991 0.4918439716312057 0.13721618953603157 0.10283687943262412
4 0.74284304047384 0.5397163120567376 0.13721618953603157 0.11063829787234043
3 0.5720631786771964 0.5085106382978724 0.11747285291214214 0.14184397163120568
3 0.4689042448173741 0.5173758865248227 0.12438302073050345 0.15390070921985816
3 0.376604146100691 0.5475177304964539 0.09378084896347483 0.14184397163120568
3 0.3015794669299111 0.5712765957446809 0.10957551826258637 0.13687943262411348
2 0.6461006910167818 0.6858156028368795 0.19052319842053306 0.14184397163120568
1 0.3588351431391905 0.8826241134751773 0.13721618953603157 0.15390070921985816
0 0.4842053307008884 0.8794326241134752 0.2240868706811451 0.1872340425531915
