0 0.5412087912087912 0.8195060164661178 0.19230769230769232 0.17606079797340088
1 0.42124542124542125 0.8138062064597846 0.12087912087912088 0.13299556681443953
2 0.706959706959707 0.6554781507283091 0.18315018315018314 0.11526282457251426
3 0.6195054945054945 0.47308423052564913 0.1108058608058608 0.12159594680177327
3 0.5132783882783882 0.47625079164027867 0.11813186813186813 0.12539582013932868
3 0.42948717948717946 0.49778340721975933 0.09523809523809523 0.12032932235592148
3 0.35210622710622713 0.5300823305889804 0.10164835164835165 0.11019632678910703
4 0.8058608058608059 0.5278657378087397 0.1227106227106227 0.10069664344521849
4 0.6497252747252747 0.3907536415452818 0.1346153846153846 0.11399620012666245
4 0.5086996336996337 0.3793540215326156 0.11813186813186813 0.11019632678910703
4 0.4143772893772894 0.4160861304623179 0.1163003663003663 0.10766307789740343
4 0.3159340659340659 0.4667511082963901 0.1043956043956044 0.08993033565547816
6 0.8933150183150184 0.4208359721342622 0.16025641025641027 0.11716276124129196
6 0.7293956043956044 0.18271057631412285 0.11813186813186813 0.10449651678277391
6 0.48214285714285715 0.12444585180493983 0.15293040293040294 0.11716276124129196
6 0.3218864468864469 0.18777707409753008 0.10714285714285714 0.11209626345788475
6 0.15293040293040294 0.3058898036732109 0.15567765567765568 0.10259658011399621
5 0.2206959706959707 0.3888537048765041 0.11355311355311355 0.06839772007599747
5 0.34935897435897434 0.2973400886637112 0.12545787545787546 0.06903103229892336
5 0.5073260073260073 0.25110829639012033 0.13003663003663005 0.08169727675744141
5 0.6991758241758241 0.28404053198226725 0.13644688644688643 0.08169727675744141
