5 0.5623076923076923 0.3018292682926829 0.08256410256410257 0.0540650406504065
5 0.44846153846153847 0.29288617886178864 0.08256410256410257 0.06300813008130081
5 0.3446153846153846 0.3290650406504065 0.08 0.0540650406504065
5 0.2520512820512821 0.40691056910569107 0.08256410256410257 0.043089430894308944
6 0.23615384615384616 0.3402439024390244 0.08564102564102564 0.07642276422764227
6 0.3333333333333333 0.2329268292682927 0.10256410256410256 0.09268292682926829
6 0.44564102564102565 0.1910569105691057 0.09435897435897436 0.09024390243902439
6 0.566923076923077 0.22052845528455284 0.1082051282051282 0.08577235772357723
6 0.7120512820512821 0.3983739837398374 0.13384615384615384 0.11707317073170731
4 0.5482051282051282 0.3849593495934959 0.12 0.09024390243902439
4 0.45153846153846156 0.3975609756097561 0.1082051282051282 0.07479674796747968
4 0.3658974358974359 0.4272357723577236 0.08871794871794872 0.07479674796747968
4 0.2917948717948718 0.47012195121951217 0.09948717948717949 0.07032520325203252
4 0.6694871794871795 0.49166666666666664 0.09692307692307692 0.07682926829268293
3 0.5412820512820513 0.47235772357723577 0.09692307692307692 0.11056910569105691
3 0.44974358974358974 0.47012195121951217 0.09128205128205129 0.11097560975609756
3 0.3758974358974359 0.4904471544715447 0.06871794871794872 0.09715447154471545
3 0.31743589743589745 0.5298780487804878 0.0882051282051282 0.10365853658536585
2 0.6066666666666667 0.6012195121951219 0.11384615384615385 0.09268292682926829
1 0.39282051282051283 0.7863821138211382 0.13128205128205128 0.1288617886178862
0 0.48846153846153845 0.7772357723577236 0.1564102564102564 0.16016260162601625
