0 0.5362239297475302 0.8674096848578017 0.2052689352360044 0.19446579554189086
1 0.39626783754116357 0.8616448885472713 0.12952799121844127 0.16295157571099156
2 0.6761800219538968 0.6602613374327441 0.1756311745334797 0.1445042275172944
3 0.5729967069154775 0.4611837048424289 0.10537870472008781 0.13220599538816294
3 0.4626783754116356 0.48347425057647964 0.10867178924259056 0.13066871637202152
3 0.3765093304061471 0.5176787086856265 0.09220636663007684 0.12067640276710223
3 0.29088913282107576 0.5545734050730208 0.10318331503841932 0.12682551883166795
4 0.7612513721185511 0.5049961568024597 0.11964873765093305 0.10453497309761722
4 0.5740944017563118 0.3727901614142967 0.1251372118551043 0.11068408916218293
4 0.4670691547749726 0.3873943120676403 0.12184412733260154 0.10914681014604151
4 0.36169045005488476 0.4242890084550346 0.11086717892425905 0.10914681014604151
4 0.25740944017563117 0.4769408147578786 0.10867178924259056 0.10069177555726365
6 0.8084522502744237 0.3731744811683321 0.150384193194292 0.12682551883166795
6 0.6212952799121845 0.12951575710991545 0.13611416026344678 0.11145272867025365
6 0.4698133918770582 0.10222905457340507 0.13391877058177826 0.11837048424289008
6 0.3210757409440176 0.16333589546502691 0.10208562019758508 0.11299000768639508
6 0.13885839736553238 0.2863182167563413 0.11086717892425905 0.09761721752498079
5 0.20142700329308452 0.37778631821675634 0.11964873765093305 0.06994619523443504
5 0.3391877058177827 0.2990007686395081 0.1163556531284303 0.07993850883935434
5 0.4626783754116356 0.24212144504227517 0.13062568605927552 0.07993850883935434
5 0.6147091108671789 0.24596464258262873 0.10537870472008781 0.07993850883935434
