5 0.6319767441860465 0.30581896551724136 0.09534883720930232 0.08405172413793104
5 0.4738372093023256 0.29482758620689653 0.12558139534883722 0.0706896551724138
5 0.32645348837209304 0.33793103448275863 0.09244186046511628 0.07758620689655173
5 0.2188953488372093 0.42866379310344827 0.09244186046511628 0.06853448275862069
6 0.16831395348837208 0.3478448275862069 0.12848837209302325 0.1103448275862069
6 0.29186046511627906 0.2185344827586207 0.10697674418604651 0.11724137931034483
6 0.4424418604651163 0.1709051724137931 0.12209302325581395 0.11939655172413793
6 0.6348837209302326 0.20107758620689656 0.10116279069767442 0.10818965517241379
6 0.8671511627906977 0.48038793103448274 0.16104651162790698 0.12370689655172414
4 0.5930232558139534 0.409698275862069 0.11627906976744186 0.1125
4 0.4691860465116279 0.41637931034482756 0.12209302325581395 0.10172413793103448
4 0.37383720930232556 0.4517241379310345 0.10465116279069767 0.1060344827586207
4 0.2770348837209302 0.49719827586206894 0.10755813953488372 0.09956896551724138
4 0.7767441860465116 0.5810344827586207 0.1313953488372093 0.10172413793103448
3 0.5811046511627906 0.5060344827586207 0.11337209302325581 0.13706896551724138
3 0.4796511627906977 0.5125 0.10116279069767442 0.12155172413793103
3 0.3947674418604651 0.5357758620689655 0.08604651162790697 0.1146551724137931
3 0.3200581395348837 0.5734913793103448 0.09825581395348837 0.12370689655172414
2 0.6465116279069767 0.6928879310344828 0.18488372093023256 0.11508620689655172
1 0.3218023255813953 0.8254310344827586 0.10755813953488372 0.13275862068965516
0 0.4561046511627907 0.8487068965517242 0.20872093023255814 0.15689655172413794
