0 0.5475567190226877 0.7054918527459264 0.16666666666666666 0.16173808086904043
1 0.41841186736474695 0.715751357875679 0.12129144851657941 0.14484007242003621
2 0.6775741710296684 0.5739287869643935 0.16666666666666666 0.10983705491852747
3 0.6348167539267016 0.41098370549185276 0.10209424083769633 0.10742305371152686
3 0.5301047120418848 0.4031382015691008 0.10209424083769633 0.10983705491852747
3 0.43717277486910994 0.42546771273385636 0.08376963350785341 0.10621605310802655
3 0.35820244328097733 0.46258298129149067 0.11780104712041885 0.12854556427278213
4 0.806282722513089 0.4912492456246228 0.12914485165794068 0.08931804465902234
4 0.6400523560209425 0.33735666867833436 0.11256544502617802 0.10018105009052505
4 0.5340314136125655 0.32890766445383224 0.10471204188481675 0.09052504526252263
4 0.4201570680628272 0.3548581774290887 0.10732984293193717 0.10259505129752565
4 0.31544502617801046 0.3946891973445987 0.10732984293193717 0.09293904646952324
6 0.8922338568935427 0.40615570307785154 0.16143106457242584 0.09656004828002414
6 0.7268760907504364 0.156004828002414 0.10471204188481675 0.09474954737477369
6 0.5379581151832461 0.12371756185878093 0.0968586387434555 0.08931804465902234
6 0.3739092495636998 0.15057332528666265 0.10732984293193717 0.09474954737477369
6 0.1793193717277487 0.2582981291490646 0.12129144851657941 0.09052504526252263
5 0.24258289703315883 0.3298129149064575 0.1012216404886562 0.05974652987326494
5 0.3900523560209424 0.2546771273385637 0.13961605584642234 0.05793602896801449
5 0.5418848167539267 0.22510561255280628 0.1099476439790576 0.07242003621001811
5 0.6910994764397906 0.24140012070006037 0.12041884816753927 0.07845503922751962
