5 0.6351293103448276 0.2563356164383562 0.08405172413793104 0.06335616438356165
5 0.4728448275862069 0.24845890410958904 0.10862068965517241 0.07910958904109588
5 0.3732758620689655 0.2904109589041096 0.08189655172413793 0.06506849315068493
5 0.2650862068965517 0.3712328767123288 0.08189655172413793 0.06506849315068493
6 0.21961206896551724 0.2974315068493151 0.11508620689655172 0.08253424657534246
6 0.3413793103448276 0.17636986301369864 0.09310344827586206 0.1
6 0.4728448275862069 0.13595890410958905 0.09051724137931035 0.1
6 0.6616379310344828 0.16215753424657534 0.10172413793103448 0.07910958904109588
6 0.8135775862068966 0.4143835616438356 0.1331896551724138 0.10410958904109589
4 0.31918103448275864 0.44589041095890414 0.08836206896551724 0.08424657534246575
4 0.4021551724137931 0.39246575342465756 0.09482758620689655 0.09315068493150686
4 0.4915948275862069 0.37054794520547946 0.08405172413793104 0.08082191780821918
4 0.5933189655172414 0.36164383561643837 0.09267241379310345 0.0863013698630137
4 0.7383620689655173 0.5046232876712329 0.09741379310344828 0.09486301369863014
2 0.6275862068965518 0.6188356164383562 0.15258620689655172 0.10342465753424658
1 0.4241379310344828 0.7821917808219178 0.12155172413793103 0.12808219178082192
0 0.5191810344827587 0.7611301369863014 0.14353448275862069 0.14554794520547945
3 0.3480603448275862 0.5099315068493151 0.07974137931034482 0.1178082191780822
3 0.41637931034482756 0.473972602739726 0.0706896551724138 0.11232876712328767
3 0.4849137931034483 0.4488013698630137 0.0793103448275862 0.11267123287671232
3 0.5801724137931035 0.4398972602739726 0.08189655172413793 0.11061643835616439
