3 0.5795262267343485 0.4465725806451613 0.08629441624365482 0.12432795698924733
3 0.4873096446700507 0.4613575268817205 0.10321489001692047 0.14448924731182797
3 0.41243654822335024 0.4798387096774194 0.0820642978003384 0.1196236559139785
3 0.33460236886632827 0.51747311827957 0.07529610829103214 0.13440860215053765
2 0.6349407783417935 0.633736559139785 0.15820642978003382 0.12768817204301075
4 0.7478849407783418 0.5252016129032259 0.11336717428087986 0.08669354838709678
4 0.5896785109983079 0.3692876344086022 0.10490693739424703 0.09206989247311828
4 0.49576988155668356 0.3726478494623656 0.08967851099830795 0.09475806451612905
4 0.39720812182741116 0.39885752688172044 0.08544839255499154 0.10013440860215055
4 0.30076142131979694 0.4606854838709678 0.09390862944162436 0.06787634408602151
6 0.8362944162436547 0.42909946236559143 0.1159052453468697 0.10551075268817205
6 0.6493231810490694 0.16162634408602153 0.0922165820642978 0.10551075268817205
6 0.5109983079526227 0.12231182795698926 0.09475465313028765 0.10215053763440861
6 0.3587140439932318 0.16767473118279572 0.1065989847715736 0.0974462365591398
6 0.15313028764805414 0.3205645161290323 0.08967851099830795 0.08333333333333334
5 0.22715736040609136 0.39045698924731187 0.0922165820642978 0.06317204301075269
5 0.3760575296108291 0.2859543010752688 0.11928934010152284 0.07862903225806452
5 0.5038071065989848 0.2422715053763441 0.10067681895093063 0.07325268817204302
5 0.633248730964467 0.26209677419354843 0.10744500846023688 0.07526881720430108
