2 0.6109993293091884 0.586909288430201 0.15425888665325285 0.11243889190657251
1 0.40710932260228033 0.742802824551874 0.09523809523809523 0.14937533948940793
0 0.4936284372904091 0.7300380228136881 0.15023474178403756 0.15643671917436175
3 0.5630449362843729 0.43970668115154804 0.08383635144198524 0.12873438348723518
3 0.48088531187122735 0.4288430200977729 0.07511737089201878 0.11026615969581748
3 0.40945674044265595 0.44894079304725687 0.06773977196512408 0.09614340032590982
3 0.35144198524480214 0.48777838131450296 0.07511737089201878 0.11406844106463877
4 0.7183098591549295 0.4907658881042911 0.09523809523809523 0.08853883758826724
4 0.5720992622401073 0.35415535035306894 0.08450704225352113 0.09342748506246604
4 0.4902749832327297 0.3552417164584465 0.08450704225352113 0.09560021727322107
4 0.40710932260228033 0.38457360130363927 0.09121395036887994 0.09234111895708853
4 0.32863849765258213 0.4177077675176534 0.07511737089201878 0.08473655621944595
6 0.7971160295103957 0.4139054861488321 0.12541918175720992 0.10320478001086365
6 0.5982562038900067 0.17381857686040195 0.07243460764587525 0.0977729494839761
6 0.5026827632461435 0.14611624117327537 0.08249496981891348 0.0977729494839761
6 0.3879946344735077 0.18957088538837585 0.09322602280348759 0.10320478001086365
6 0.2686116700201207 0.2770233568712656 0.07712944332662643 0.07930472569255838
5 0.29242119382964454 0.34302009777294945 0.08853118712273642 0.05703422053231939
5 0.3947015425888665 0.2824551873981532 0.09322602280348759 0.06083650190114068
5 0.4983232729711603 0.2547528517110266 0.0818242790073776 0.06409560021727322
5 0.5972501676727029 0.26588810429114607 0.09322602280348759 0.06463878326996197
