5 0.6603288797533402 0.30127693535514766 0.09146968139773895 0.06943335993615324
5 0.48612538540596095 0.2693535514764565 0.09249743062692703 0.07581803671189147
5 0.35046248715313466 0.32482043096568236 0.0842754367934224 0.07501995211492418
5 0.2528263103802672 0.42378292098962494 0.07605344295991778 0.06225059856344773
6 0.18859198355601234 0.34676775738228255 0.09558067831449127 0.08539505187549881
6 0.289825282631038 0.21388667198723066 0.11921891058581706 0.11652035115722267
6 0.45580678314491263 0.14245810055865923 0.10585817060637205 0.10454908220271349
6 0.697327852004111 0.20191540303272149 0.11202466598150052 0.0893854748603352
6 0.8442959917780062 0.4588986432561852 0.13463514902363824 0.1229050279329609
4 0.6032887975334018 0.4030327214684757 0.09249743062692703 0.10375099760574621
4 0.4984583761562179 0.3950518754988029 0.08633093525179857 0.09577015163607343
4 0.40441932168550876 0.4309656823623304 0.09763617677286743 0.09577015163607343
4 0.31860226104830425 0.47446129289704714 0.1130524152106886 0.07901037509976058
4 0.7440904419321686 0.5578611332801278 0.09455292908530319 0.08459696727853153
3 0.5863309352517986 0.48723064644852354 0.09146968139773895 0.12051077414205906
3 0.4958890030832477 0.4764565043894653 0.07297019527235354 0.09736632083000799
3 0.42702980472764646 0.5067837190742219 0.06885919835560124 0.09736632083000799
3 0.36742034943473795 0.5383080606544294 0.0750256937307297 0.11252992817238627
2 0.6346351490236383 0.6508379888268156 0.14696813977389517 0.11252992817238627
1 0.4234326824254882 0.7952913008778931 0.09249743062692703 0.13966480446927376
0 0.5164439876670093 0.8016759776536313 0.13874614594039056 0.17318435754189945
