0 0.537914691943128 0.8196400625978091 0.15402843601895735 0.1510172143974961
1 0.42476303317535546 0.8442879499217527 0.11255924170616115 0.13458528951486698
2 0.6640995260663508 0.6506259780907668 0.1646919431279621 0.11032863849765258
3 0.5758293838862559 0.52660406885759 0.1066350710900474 0.12206572769953052
3 0.4733412322274882 0.5324726134585289 0.09360189573459717 0.11815336463223787
3 0.3981042654028436 0.5524256651017214 0.08767772511848342 0.09233176838810642
3 0.3293838862559242 0.5868544600938967 0.0971563981042654 0.10954616588419405
4 0.7304502369668247 0.5301251956181534 0.09360189573459717 0.08059467918622848
4 0.582345971563981 0.44483568075117375 0.09360189573459717 0.08528951486697965
4 0.47215639810426546 0.4495305164319249 0.11255924170616115 0.09467918622848201
4 0.3803317535545024 0.47887323943661975 0.0971563981042654 0.07981220657276995
4 0.302132701421801 0.5223004694835681 0.08767772511848342 0.07276995305164319
6 0.7689573459715641 0.44053208137715183 0.1137440758293839 0.10954616588419405
6 0.6327014218009479 0.2664319248826291 0.11611374407582939 0.09624413145539906
6 0.4638625592417062 0.24334898278560252 0.09360189573459717 0.0892018779342723
6 0.3430094786729858 0.28286384976525825 0.09360189573459717 0.08215962441314555
6 0.21860189573459718 0.37871674491392804 0.11018957345971565 0.07981220657276995
5 0.25355450236966826 0.4475743348982786 0.1066350710900474 0.054773082942097026
5 0.3459715639810427 0.3767605633802817 0.11611374407582939 0.07276995305164319
5 0.47156398104265407 0.34311424100156496 0.10189573459715641 0.06338028169014084
5 0.6131516587677726 0.35211267605633806 0.11255924170616115 0.06885758998435054
