5 0.6101778656126482 0.25569735642661806 0.0859683794466403 0.0902461257976299
5 0.4594861660079051 0.23473108477666363 0.08498023715415019 0.07748404740200547
5 0.2994071146245059 0.2958067456700091 0.10869565217391304 0.0829535095715588
5 0.18873517786561264 0.4307201458523245 0.06916996047430829 0.07930720145852324
6 0.12203557312252963 0.35323609845031906 0.10770750988142291 0.08842297174111212
6 0.25148221343873517 0.1741112123974476 0.10573122529644267 0.11485870556061988
6 0.4604743083003952 0.1048313582497721 0.10079051383399208 0.11485870556061988
6 0.6314229249011857 0.13719234275296263 0.09288537549407114 0.11030082041932543
6 0.7944664031620553 0.4266180492251595 0.12055335968379446 0.14038286235186873
4 0.5602766798418972 0.37830446672743845 0.10474308300395256 0.10938924339106654
4 0.44713438735177863 0.3810391978122151 0.09189723320158102 0.10938924339106654
4 0.34634387351778656 0.4234275296262534 0.0859683794466403 0.10665451230628988
4 0.26383399209486164 0.49635369188696443 0.08498023715415019 0.0902461257976299
3 0.30385375494071143 0.5642661804922516 0.08794466403162055 0.11668185961713765
3 0.36561264822134387 0.5068368277119416 0.07707509881422925 0.11485870556061988
3 0.44911067193675885 0.4854147675478578 0.08992094861660078 0.14676390154968094
3 0.549901185770751 0.47310847766636277 0.08794466403162055 0.13673655423883319
4 0.7223320158102766 0.5419325432999088 0.10474308300395256 0.09936189608021878
2 0.6205533596837944 0.6700091157702825 0.14822134387351776 0.1349134001823154
1 0.39081027667984186 0.8764813126709207 0.09980237154150197 0.1577028258887876
0 0.5024703557312252 0.8618960802187785 0.16304347826086957 0.20692798541476753
