0 0.48810572687224674 0.8392980041293875 0.160352422907489 0.17274604267033722
1 0.38281938325991194 0.8324156916724019 0.09251101321585903 0.1397109428768066
2 0.6171806167400882 0.686166551961459 0.14889867841409693 0.10736407432897453
3 0.5528634361233481 0.5233998623537508 0.08370044052863436 0.13007570543702685
3 0.4647577092511013 0.5282174810736407 0.09427312775330397 0.13007570543702685
3 0.39603524229074893 0.5488644184445973 0.0854625550660793 0.11355815554026152
3 0.32643171806167404 0.5650378527185134 0.0907488986784141 0.10461114934618031
4 0.7273127753303965 0.5832759807295251 0.1066079295154185 0.09291121816930488
4 0.5682819383259912 0.43530626290433583 0.08986784140969163 0.10116999311768754
4 0.4625550660792952 0.43461803165863727 0.07929515418502203 0.09979353062629043
4 0.3775330396475771 0.4649002064693737 0.08193832599118943 0.10529938059187886
4 0.28458149779735686 0.5058499655884376 0.10044052863436123 0.088093599449415
6 0.8295154185022027 0.49552649690295936 0.13303964757709252 0.12525808671713695
6 0.6202643171806168 0.23124569855471439 0.0881057268722467 0.08947006194081211
6 0.4850220264317181 0.1944253269098417 0.10837004405286343 0.0956641431520991
6 0.3303964757709251 0.2505161734342739 0.08634361233480177 0.09910529938059187
6 0.18193832599118945 0.3609772883688919 0.0960352422907489 0.08327598072952512
5 0.23832599118942732 0.43048864418444593 0.09779735682819383 0.06262904335856848
5 0.3519823788546256 0.3599449415003441 0.09251101321585903 0.07845836200963524
5 0.4801762114537445 0.31383344803854096 0.0986784140969163 0.07157604955264969
5 0.5969162995594713 0.3331039229181005 0.09779735682819383 0.07845836200963524
