5 0.7356205852674067 0.28338171262699563 0.11907164480322906 0.08780841799709724
5 0.6029263370332997 0.2652394775036285 0.0958627648839556 0.08200290275761973
5 0.4989909182643794 0.30007256894049344 0.10595358224016145 0.08635703918722787
5 0.38698284561049445 0.36030478955007256 0.10797174571140263 0.07184325108853411
6 0.36881937436932394 0.2692307692307692 0.10797174571140263 0.10014513788098693
6 0.4954591321897074 0.18142235123367198 0.1170534813319879 0.10449927431059507
6 0.6140262361251262 0.14985486211901305 0.11402623612512613 0.09361393323657474
6 0.7391523713420787 0.18468795355587808 0.09989909182643794 0.0965166908563135
6 0.863773965691221 0.4052975326560232 0.1231079717457114 0.12264150943396226
4 0.6952573158425832 0.3704644412191582 0.10494450050454086 0.11683599419448476
4 0.5802219979818365 0.37663280116110304 0.1029263370332997 0.10449927431059507
4 0.4954591321897074 0.39731494920174165 0.08274470232088799 0.09796806966618288
4 0.4036326942482341 0.42198838896952107 0.08879919273461151 0.09216255442670537
4 0.8193743693239153 0.5050798258345428 0.13319878910191726 0.08853410740203194
3 0.6770938446014128 0.45972423802612483 0.11099899091826439 0.11828737300435413
3 0.574167507568113 0.4619013062409289 0.1029263370332997 0.11683599419448476
3 0.48890010090817354 0.4782293178519594 0.08577194752774975 0.11030478955007257
3 0.4167507568113017 0.4974600870827286 0.08274470232088799 0.1081277213352685
2 0.7083753784056509 0.6201015965166908 0.17356205852674067 0.12264150943396226
1 0.446518668012109 0.7855587808417998 0.11402623612512613 0.12844702467343977
0 0.5605449041372351 0.7920899854862119 0.1705348133198789 0.1574746008708273
