0 0.5167638483965015 0.8944954128440367 0.15597667638483964 0.17584097859327216
1 0.41508746355685133 0.9032874617737003 0.10131195335276967 0.14296636085626913
2 0.6206268221574344 0.720565749235474 0.14067055393586006 0.15061162079510704
3 0.5783527696793003 0.5198776758409785 0.08673469387755102 0.1743119266055046
3 0.48214285714285715 0.5160550458715596 0.09110787172011661 0.14984709480122324
3 0.41508746355685133 0.5504587155963303 0.06924198250728864 0.14220183486238533
3 0.3487609329446064 0.5875382262996942 0.07653061224489796 0.13226299694189603
4 0.7022594752186588 0.5829510703363915 0.09839650145772595 0.10626911314984709
4 0.5962099125364432 0.4147553516819572 0.10349854227405247 0.1246177370030581
4 0.4846938775510204 0.41093272171253825 0.09620991253644315 0.11697247706422019
4 0.3943148688046647 0.45642201834862384 0.08454810495626822 0.12385321100917432
4 0.3214285714285714 0.5122324159021406 0.08163265306122448 0.11162079510703364
6 0.7744169096209912 0.47285932721712537 0.1042274052478134 0.13226299694189603
6 0.6424927113702624 0.16857798165137614 0.09110787172011661 0.1246177370030581
6 0.4682944606413994 0.12308868501529052 0.09402332361516035 0.12691131498470948
6 0.3130466472303207 0.18845565749235474 0.09402332361516035 0.13226299694189603
6 0.19278425655976675 0.3425076452599388 0.09110787172011661 0.10397553516819572
5 0.260932944606414 0.42660550458715596 0.08892128279883382 0.08103975535168195
5 0.3487609329446064 0.31536697247706424 0.10131195335276967 0.095565749235474
5 0.48177842565597667 0.24885321100917432 0.10641399416909621 0.09862385321100918
5 0.6341107871720116 0.28784403669724773 0.09912536443148688 0.10321100917431193
