5 0.6363636363636364 0.24581379772270595 0.11131725417439703 0.0884125920964501
5 0.5037105751391465 0.2337575351640991 0.10575139146567718 0.09243134628265237
5 0.3650278293135436 0.2726054922973878 0.09925788497217068 0.07635632953784327
5 0.21799628942486085 0.34695244474212994 0.08534322820037106 0.072337575351641
6 0.15538033395176254 0.2709310113864702 0.11966604823747681 0.10113864701942397
6 0.3274582560296846 0.1550569323509712 0.11131725417439703 0.10113864701942397
6 0.49907235621521334 0.10683188211654386 0.11688311688311688 0.115874079035499
6 0.6433209647495362 0.14601473543201607 0.11410018552875696 0.09511051574012055
6 0.8845083487940631 0.4219691895512391 0.17161410018552875 0.12993971868720697
4 0.6201298701298701 0.3563295378432686 0.10853432282003711 0.11118553248492967
4 0.5004638218923934 0.35130609511051575 0.11966604823747681 0.1131949095780308
4 0.39192949907235625 0.38312123241795043 0.10853432282003711 0.09511051574012055
4 0.28061224489795916 0.41795043536503684 0.11966604823747681 0.09912926992632283
3 0.6117810760667903 0.4450770261219022 0.10853432282003711 0.12793034159410582
3 0.5046382189239332 0.4511051574012056 0.10018552875695733 0.13998660415271266
3 0.39935064935064934 0.4695244474212994 0.09369202226345083 0.12726054922973878
3 0.30936920222634506 0.4933020763563295 0.10296846011131726 0.12123241795043536
4 0.7843228200371057 0.5214333556597455 0.13079777365491652 0.08908238446081715
2 0.661873840445269 0.6302746148693905 0.1567717996289425 0.11922304085733422
1 0.34461966604823746 0.7638981915606162 0.11410018552875696 0.14400535833891492
0 0.4707792207792208 0.7736101808439384 0.19387755102040816 0.15003348961821836
