0 0.4358108108108108 0.7924080664294187 0.15840840840840842 0.19572953736654805
1 0.3397147147147147 0.7974495848161329 0.11936936936936937 0.13345195729537368
2 0.5544294294294294 0.6376037959667853 0.16591591591591592 0.1257413997627521
3 0.5003753753753754 0.4911032028469751 0.10435435435435435 0.1257413997627521
3 0.4147897897897898 0.4804270462633452 0.09234234234234234 0.11387900355871887
3 0.3367117117117117 0.5056346381969158 0.06981981981981981 0.11091340450771056
3 0.26651651651651653 0.5311387900355872 0.08258258258258258 0.1239620403321471
4 0.6692942942942943 0.5465599051008304 0.11936936936936937 0.08956109134045077
4 0.5142642642642643 0.4027283511269277 0.0945945945945946 0.09964412811387902
4 0.4147897897897898 0.4027283511269277 0.09234234234234234 0.1043890865954923
4 0.3307057057057057 0.42823250296559906 0.08933933933933934 0.09727164887307237
4 0.24324324324324323 0.4620403321470937 0.0915915915915916 0.08185053380782918
6 0.7657657657657657 0.4813167259786477 0.15615615615615616 0.08244365361803085
6 0.5604354354354354 0.22241992882562278 0.09534534534534535 0.09252669039145908
6 0.4147897897897898 0.18475682087781733 0.09834834834834835 0.09905100830367734
6 0.28153153153153154 0.2283511269276394 0.1006006006006006 0.1043890865954923
6 0.14677177177177178 0.3348161328588375 0.11336336336336336 0.08481613285883749
5 0.1921921921921922 0.4027283511269277 0.1036036036036036 0.06287069988137604
5 0.2999249249249249 0.32532621589561095 0.11336336336336336 0.07058125741399764
5 0.41929429429429427 0.29359430604982206 0.10135135135135136 0.0604982206405694
5 0.5484234234234234 0.3131672597864769 0.10735735735735735 0.07473309608540926
