5 0.6310122038765255 0.361503674392312 0.07753050969131371 0.07066139061616732
5 0.5136396267049533 0.33154324477105707 0.08542713567839197 0.06500847936687394
5 0.36288585786073224 0.3736574335782928 0.09691313711414214 0.06896551724137931
5 0.2627422828427854 0.4629734313171283 0.08040201005025126 0.06557377049180327
6 0.1927494615936827 0.40050876201243635 0.09978463747307968 0.07292255511588468
6 0.3241206030150754 0.28010175240248725 0.09978463747307968 0.09553420011305822
6 0.5125628140703518 0.23035613340870548 0.0832735104091888 0.08422837761447145
6 0.6643933955491744 0.2750141322781232 0.08973438621679829 0.07857546636517806
6 0.8578607322325915 0.535895986433013 0.15075376884422112 0.10175240248728094
4 0.6062455132806892 0.43951384963256074 0.09691313711414214 0.10570944036178631
4 0.5003589375448673 0.433295647258338 0.10768126346015794 0.09214245336348219
4 0.40524048815506103 0.4590163934426229 0.11701363962670495 0.09383832673827021
4 0.3094041636755205 0.5107405313736574 0.1048097631012204 0.0864895421141888
4 0.7519741564967696 0.5944036178631995 0.12419239052404882 0.08422837761447145
3 0.5951184493898062 0.5203504804974561 0.11198851399856426 0.10910118711136234
3 0.5014357501794688 0.5107405313736574 0.07537688442211056 0.09779536461277558
3 0.4210337401292175 0.5243075183719615 0.07537688442211056 0.09440361786319953
3 0.34709260588657576 0.5599208592425099 0.0782483847810481 0.08422837761447145
2 0.6295764536970567 0.6800452232899943 0.14357501794687724 0.09157716223855285
1 0.39949748743718594 0.828999434708875 0.10983488872936109 0.14414923685698133
0 0.501794687724336 0.8270209157716223 0.1679827709978464 0.1628038439796495
