0 0.5761070110701106 0.7754551584625758 0.1817343173431734 0.1820633850303439
1 0.4575645756457564 0.782198246797033 0.12730627306273062 0.13486176668914363
2 0.7186346863468634 0.6085637221847606 0.15129151291512916 0.11800404585300067
3 0.6577490774907749 0.44335805799055966 0.1070110701107011 0.11800404585300067
3 0.5475092250922509 0.4487525286581254 0.10424354243542436 0.12879298718813217
3 0.4575645756457564 0.4659474039109912 0.08118081180811808 0.09844908968307485
3 0.38514760147601473 0.5020229265003372 0.08579335793357934 0.10991233985165205
4 0.8214944649446494 0.4858395144976399 0.12453874538745387 0.09103169251517194
4 0.6605166051660516 0.36446392447741066 0.09594095940959409 0.0964261631827377
4 0.5535055350553505 0.3597437626432906 0.1014760147601476 0.09912339851652056
4 0.45202952029520294 0.3921105866486851 0.1014760147601476 0.09103169251517194
4 0.36669741697416974 0.43358057990559673 0.09132841328413284 0.08361429534726905
6 0.8994464944649446 0.39480782198246794 0.13284132841328414 0.1153068105192178
6 0.709409594095941 0.16453135536075522 0.0940959409594096 0.09844908968307485
6 0.566420664206642 0.13182737693863789 0.09594095940959409 0.09912339851652056
6 0.4188191881918819 0.1877950101146325 0.09594095940959409 0.08968307484828052
6 0.279520295202952 0.2741065407956844 0.1033210332103321 0.08698583951449763
5 0.31826568265682653 0.35603506405933916 0.1088560885608856 0.060687795010114634
5 0.4312730627306273 0.2855697909642616 0.11715867158671586 0.06810519217801753
5 0.5576568265682657 0.24679703304113285 0.10424354243542436 0.07417397167902899
5 0.6964944649446494 0.2589345920431558 0.1014760147601476 0.07956844234659474
