5 0.6321548821548821 0.3042071197411003 0.08754208754208753 0.07508090614886731
5 0.5058922558922558 0.28576051779935274 0.10269360269360268 0.07313915857605179
5 0.4019360269360269 0.31650485436893205 0.1069023569023569 0.07637540453074433
5 0.29924242424242425 0.3760517799352751 0.09006734006734006 0.05825242718446602
6 0.2786195286195286 0.2896440129449838 0.08754208754208753 0.08608414239482201
6 0.3973063973063973 0.20388349514563106 0.08754208754208753 0.09320388349514563
6 0.521043771043771 0.17572815533980582 0.09932659932659932 0.0964401294498382
6 0.6557239057239057 0.20841423948220064 0.10606060606060605 0.08802588996763754
6 0.8308080808080808 0.46116504854368934 0.13468013468013468 0.11844660194174758
4 0.5946969696969697 0.39158576051779936 0.09511784511784512 0.1022653721682848
4 0.4924242424242424 0.3944983818770227 0.08754208754208753 0.08737864077669903
4 0.4006734006734007 0.41067961165048544 0.07575757575757576 0.0912621359223301
4 0.3143939393939394 0.4462783171521036 0.08838383838383838 0.08608414239482201
4 0.7462121212121212 0.5469255663430421 0.11868686868686869 0.09320388349514563
3 0.5883838383838383 0.470873786407767 0.08585858585858586 0.10550161812297734
3 0.484006734006734 0.4702265372168285 0.08585858585858586 0.10938511326860842
3 0.40909090909090906 0.48446601941747575 0.07407407407407407 0.0964401294498382
3 0.33459595959595956 0.5148867313915858 0.07996632996632996 0.09514563106796117
2 0.6275252525252525 0.6352750809061489 0.16582491582491582 0.0964401294498382
1 0.3935185185185185 0.7737864077669903 0.11868686868686869 0.1313915857605178
0 0.4924242424242424 0.7588996763754046 0.15656565656565655 0.15857605177993528
