0 0.5521442495126705 0.8345246604717655 0.1627680311890838 0.14653323802716225
1 0.44395711500974655 0.8459614010007148 0.09844054580896686 0.14081486776268765
2 0.706140350877193 0.6940671908506076 0.18031189083820662 0.12008577555396713
3 0.5882066276803118 0.5167977126518942 0.09649122807017543 0.13009292351679771
3 0.4834307992202729 0.5303788420300215 0.08382066276803118 0.13581129378127235
3 0.4137426900584795 0.5646890636168692 0.08869395711500974 0.11722659042172981
3 0.341130604288499 0.600071479628306 0.08187134502923976 0.09792709077912795
4 0.8148148148148148 0.5818441744102931 0.1189083820662768 0.09435310936383132
4 0.5940545808966862 0.4253037884203002 0.11403508771929824 0.10721944245889922
4 0.4809941520467836 0.43173695496783415 0.09844054580896686 0.10864903502501787
4 0.3845029239766082 0.4771265189421015 0.09844054580896686 0.10507505360972123
4 0.2958089668615984 0.5439599714081487 0.11403508771929824 0.09435310936383132
6 0.8991228070175438 0.49964260185847037 0.12573099415204678 0.11436740528949249
6 0.6140350877192982 0.2444603288062902 0.10916179337231968 0.09578270192994996
6 0.45126705653021437 0.225518227305218 0.12280701754385964 0.10507505360972123
6 0.2807017543859649 0.2805575411007863 0.10331384015594541 0.10364546104360257
6 0.13791423001949316 0.42172980700500357 0.10818713450292397 0.08863473909935668
5 0.2324561403508772 0.4914224446032881 0.10623781676413255 0.06504646175839886
5 0.3216374269005848 0.3766976411722659 0.1111111111111111 0.06719085060757685
5 0.46832358674463936 0.3284488920657613 0.11403508771929824 0.06504646175839886
5 0.6067251461988303 0.3320228734810579 0.10818713450292397 0.07219442458899214
