5 0.5839378238341969 0.259185036740147 0.14611398963730568 0.08016032064128258
5 0.4336787564766839 0.24582498329993321 0.13367875647668392 0.07748830995323983
5 0.3243523316062176 0.27788911155644624 0.11813471502590674 0.08016032064128258
5 0.16632124352331606 0.36706746826987313 0.12746113989637306 0.07014028056112225
6 0.10362694300518134 0.2818971275885104 0.12435233160621761 0.09218436873747496
6 0.3093264248704663 0.16199064796259185 0.11502590673575129 0.09686038744154978
6 0.41761658031088084 0.12758851035404142 0.11191709844559584 0.09619238476953909
6 0.5963730569948186 0.14295257181028725 0.13989637305699482 0.11088844355377422
6 0.8025906735751295 0.3690714762859052 0.16891191709844558 0.11957247828991317
4 0.5647668393782384 0.35771543086172347 0.13471502590673576 0.12090848363393454
4 0.4450777202072539 0.3724114896459586 0.11088082901554404 0.10487641950567803
4 0.34611398963730566 0.39612558450233804 0.11191709844559584 0.11088844355377422
4 0.22797927461139894 0.43186372745490986 0.12435233160621761 0.10487641950567803
4 0.716580310880829 0.47728790915163666 0.13989637305699482 0.10888443553774216
3 0.5487046632124352 0.4542418169672679 0.11502590673575129 0.13360053440213762
3 0.45077720207253885 0.4702738810955244 0.13056994818652848 0.1416165664662659
3 0.36373056994818653 0.4859719438877756 0.10777202072538859 0.12758851035404142
3 0.277720207253886 0.5130260521042085 0.11398963730569947 0.12692050768203073
2 0.6062176165803108 0.6312625250501003 0.19067357512953367 0.12157648630594524
1 0.34300518134715025 0.7995991983967936 0.13678756476683937 0.13360053440213762
0 0.4699481865284974 0.7855711422845691 0.19378238341968912 0.16032064128256515
