0 0.5372844827586207 0.6625 0.15129310344827587 0.17842465753424658
1 0.43663793103448273 0.6666095890410959 0.10172413793103448 0.14143835616438355
2 0.6665948275862069 0.5099315068493151 0.1642241379310345 0.1226027397260274
3 0.5844827586206897 0.3647260273972603 0.08879310344827586 0.1267123287671233
3 0.49547413793103445 0.3625 0.09439655172413793 0.11815068493150685
3 0.43017241379310345 0.3823630136986301 0.08362068965517241 0.10787671232876712
3 0.3594827586206896 0.4238013698630137 0.08362068965517241 0.11198630136986301
4 0.774353448275862 0.4200342465753425 0.10991379310344827 0.08938356164383562
4 0.6012931034482758 0.27208904109589044 0.09655172413793103 0.10376712328767124
4 0.49676724137931033 0.2700342465753425 0.09698275862068965 0.09965753424657535
4 0.41982758620689653 0.30856164383561646 0.08362068965517241 0.08904109589041095
4 0.32435344827586204 0.36147260273972603 0.09698275862068965 0.08732876712328767
6 0.8678879310344827 0.34178082191780823 0.1331896551724138 0.11027397260273973
6 0.6719827586206897 0.09263698630136986 0.08620689655172414 0.09349315068493151
6 0.509698275862069 0.0523972602739726 0.11767241379310345 0.10753424657534247
6 0.3857758620689655 0.11044520547945205 0.0939655172413793 0.09965753424657535
6 0.2290948275862069 0.2089041095890411 0.10474137931034483 0.08904109589041095
5 0.27607758620689654 0.28784246575342465 0.10474137931034483 0.05993150684931507
5 0.39741379310344827 0.20993150684931508 0.09655172413793103 0.07054794520547945
5 0.5112068965517241 0.1726027397260274 0.10431034482758621 0.07465753424657534
5 0.6443965517241379 0.18493150684931506 0.08362068965517241 0.07054794520547945
