5 0.686266771902131 0.30606488011283495 0.0749802683504341 0.0846262341325811
5 0.5418310970797159 0.2559943582510578 0.08287292817679558 0.0846262341325811
5 0.4143646408839779 0.2986600846262341 0.07576953433307024 0.07827926657263752
5 0.31333859510655093 0.3875176304654443 0.06314127861089187 0.0613540197461213
6 0.2600631412786109 0.31805359661495064 0.09234411996842937 0.1001410437235543
6 0.3780584056827151 0.18899858956276444 0.09944751381215469 0.11988716502115655
6 0.5359116022099447 0.14562764456981664 0.0947119179163378 0.11071932299012693
6 0.7190213101815311 0.21403385049365303 0.1026045777426993 0.09520451339915374
6 0.8524072612470402 0.4883638928067701 0.11681136543014996 0.10648801128349789
4 0.6471981057616417 0.3928067700987306 0.0947119179163378 0.09732016925246827
4 0.5430149960536701 0.36812411847672777 0.08524072612470403 0.10860366713681241
4 0.4554064719810576 0.39633286318758815 0.08050513022888714 0.1001410437235543
4 0.3756906077348066 0.43970380818053595 0.08524072612470403 0.08674188998589563
4 0.7537490134175217 0.5486600846262342 0.0947119179163378 0.08885754583921016
3 0.6294396211523283 0.4742595204513399 0.08287292817679558 0.12200282087447109
3 0.5406471981057617 0.45698166431593795 0.07576953433307024 0.10437235543018336
3 0.47474348855564324 0.4866008462623413 0.06550907655880031 0.1325811001410437
3 0.4143646408839779 0.5165726375176305 0.07734806629834254 0.1304654442877292
2 0.6515390686661405 0.6315232722143864 0.15074980268350435 0.11777150916784203
1 0.43567482241515393 0.7577574047954866 0.0947119179163378 0.1389280677009873
0 0.5260457774269929 0.7683356840620592 0.15232833464877663 0.15867418899858957
