0 0.51301261829653 0.7808988764044944 0.14274447949526814 0.1643258426966292
1 0.41837539432176657 0.7854634831460674 0.09227129337539432 0.13834269662921347
2 0.6608832807570978 0.6558988764044944 0.16561514195583596 0.10814606741573034
3 0.6313091482649842 0.5056179775280899 0.08438485804416404 0.13623595505617977
3 0.5587539432176656 0.488061797752809 0.07018927444794952 0.13202247191011235
3 0.49802839116719244 0.5052668539325843 0.06545741324921135 0.12289325842696629
3 0.44124605678233436 0.5200140449438202 0.06545741324921135 0.12570224719101122
4 0.7578864353312302 0.5765449438202247 0.08990536277602523 0.08848314606741572
4 0.6597003154574133 0.4220505617977528 0.08753943217665615 0.0997191011235955
4 0.569794952681388 0.40308988764044945 0.07492113564668769 0.0997191011235955
4 0.4925078864353312 0.4259129213483146 0.07018927444794952 0.09339887640449437
4 0.4219242902208202 0.44838483146067415 0.0804416403785489 0.09058988764044944
6 0.863564668769716 0.5154494382022472 0.13406940063091483 0.10393258426966293
6 0.7456624605678234 0.25070224719101125 0.09700315457413249 0.09269662921348315
6 0.6052839116719243 0.19241573033707865 0.08753943217665615 0.09691011235955056
6 0.4499211356466877 0.21945224719101122 0.07807570977917981 0.09480337078651685
6 0.33675078864353314 0.2952949438202247 0.09936908517350157 0.08637640449438203
5 0.38209779179810727 0.37394662921348315 0.08753943217665615 0.06671348314606741
5 0.46924290220820186 0.324438202247191 0.08201892744479496 0.07162921348314606
5 0.5942429022082019 0.3047752808988764 0.10962145110410094 0.0800561797752809
5 0.7200315457413249 0.34269662921348315 0.09936908517350157 0.08707865168539325
