5 0.5677025527192009 0.2704609595484478 0.09433962264150944 0.0761994355597366
5 0.4361820199778024 0.24929444967074318 0.07769145394006659 0.06773283160865476
5 0.32408435072142067 0.2888052681091251 0.08213096559378469 0.07337723424270931
5 0.23307436182019978 0.37347130761994357 0.0732519422863485 0.05644402634054563
6 0.17980022197558268 0.30950141110065854 0.097669256381798 0.07149576669802446
6 0.31243063263041065 0.18626528692380057 0.06770255271920089 0.08466603951081844
6 0.4267480577136515 0.15004703668861713 0.09211986681465038 0.08748824082784572
6 0.572142064372919 0.17450611476952024 0.10321864594894561 0.09313264346190028
6 0.806881243063263 0.49858889934148637 0.1309655937846837 0.09595484477892757
4 0.5438401775804662 0.3767638758231421 0.08657047724750278 0.09313264346190028
4 0.4439511653718091 0.36829727187206024 0.08879023307436182 0.08936970837253058
4 0.3584905660377359 0.38993414863593606 0.07769145394006659 0.08936970837253058
4 0.2824639289678135 0.4336782690498589 0.0876803551609323 0.07525870178739417
4 0.7019977802441731 0.5470366886171214 0.10765815760266371 0.0799623706491063
3 0.5310765815760267 0.4576669802445908 0.08990011098779134 0.11571025399811853
3 0.4428412874583796 0.45860771401693323 0.09544950055493896 0.10630291627469426
3 0.3706992230854606 0.4666039510818438 0.06659267480577137 0.1110065851364064
3 0.30965593784683687 0.49858889934148637 0.0732519422863485 0.10159924741298212
2 0.5693673695893452 0.6044214487300095 0.16648168701442842 0.10442144873000941
1 0.35127635960044395 0.7746942615239887 0.09655937846836848 0.1533396048918156
0 0.45338512763596006 0.7605832549388524 0.12985571587125416 0.1627469426152399
