0 0.5211330935251799 0.8429591174561972 0.1681654676258993 0.18170019467878
1 0.40602517985611514 0.8468526930564568 0.10161870503597123 0.145360155743024
2 0.6564748201438849 0.6872160934458144 0.16906474820143885 0.12199870214146658
3 0.5903776978417267 0.5502920181700194 0.10161870503597123 0.10382868267358858
3 0.49370503597122306 0.5584036340038936 0.09172661870503597 0.12394548994159636
3 0.42266187050359716 0.5704088254380272 0.07194244604316546 0.099935107073329
3 0.36241007194244607 0.5953926022063595 0.07733812949640288 0.10188189487345879
4 0.7369604316546763 0.581440622972096 0.1196043165467626 0.081765087605451
4 0.6002697841726619 0.472420506164828 0.09442446043165469 0.09604153147306943
4 0.5031474820143885 0.4733939000648929 0.08363309352517986 0.09409474367293964
4 0.41861510791366907 0.5022712524334847 0.085431654676259 0.09604153147306943
4 0.3358812949640288 0.5285528877352368 0.09082733812949641 0.07592472420506165
6 0.8255395683453238 0.5061648280337443 0.16366906474820145 0.09604153147306943
6 0.6348920863309353 0.2926670992861778 0.09712230215827339 0.099935107073329
6 0.4923561151079137 0.26476314081765084 0.09982014388489209 0.09604153147306943
6 0.3925359712230216 0.3046722907203115 0.09442446043165469 0.08760545100584036
6 0.279226618705036 0.39260220635950677 0.09442446043165469 0.08436080467229072
5 0.3071043165467626 0.4613887086307592 0.10521582733812951 0.05840363400389357
5 0.40197841726618705 0.40266060999351067 0.10791366906474821 0.07592472420506165
5 0.5031474820143885 0.3624269954574951 0.09982014388489209 0.07203114860480207
5 0.6232014388489209 0.3747566515249838 0.11330935251798561 0.07981829980532122
