5 0.6185031185031186 0.3712871287128713 0.11226611226611227 0.07844630616907845
5 0.5181912681912683 0.36290936785986294 0.11122661122661123 0.07844630616907845
5 0.41060291060291065 0.40213252094440216 0.11226611226611227 0.09596344249809596
5 0.29261954261954265 0.4881949733434882 0.11538461538461539 0.07006854531607007
6 0.2505197505197505 0.39375476009139376 0.10810810810810811 0.10205635948210205
6 0.38357588357588357 0.28674790555978674 0.12681912681912683 0.11805026656511805
6 0.5145530145530146 0.24143183549124145 0.09563409563409564 0.10662604722010663
6 0.6221413721413722 0.25133282559025133 0.09667359667359668 0.09900990099009901
6 0.893970893970894 0.5022848438690023 0.18503118503118504 0.1271896420411272
4 0.6278586278586279 0.47410510281797413 0.13097713097713098 0.10434120335110435
4 0.5218295218295219 0.4923838537699924 0.10395010395010396 0.10738766184310738
4 0.42983367983367987 0.5266565118050267 0.09667359667359668 0.10738766184310738
4 0.3393970893970894 0.5689261233815689 0.0841995841995842 0.09596344249809596
4 0.817047817047817 0.6005331302361006 0.1496881496881497 0.11043412033511044
3 0.6164241164241164 0.5647372429550648 0.10810810810810811 0.1271896420411272
3 0.5218295218295219 0.5826351865955827 0.10395010395010396 0.12947448591012947
3 0.446985446985447 0.6294744859101294 0.09147609147609148 0.14394516374714394
3 0.36434511434511435 0.6363290175171363 0.09667359667359668 0.11805026656511805
2 0.7068607068607069 0.7463823305407464 0.18087318087318088 0.13556740289413557
1 0.4371101871101871 0.9055597867479056 0.11954261954261955 0.17212490479817213
0 0.5680873180873182 0.9181264280274182 0.22765072765072766 0.1805026656511805
