0 0.47005772005772006 0.8675937122128173 0.14646464646464646 0.1656590084643289
1 0.36796536796536794 0.8630592503022975 0.08802308802308802 0.1517533252720677
2 0.6053391053391053 0.7394195888754534 0.1616161616161616 0.12091898428053204
3 0.5981240981240982 0.5646916565900846 0.08802308802308802 0.1414752116082225
3 0.49927849927849927 0.5474607013301088 0.09090909090909091 0.13482466747279323
3 0.42063492063492064 0.5652962515114873 0.09090909090909091 0.1354292623941959
3 0.332972582972583 0.5946191051995163 0.07575757575757576 0.13119709794437726
4 0.772005772005772 0.6898428053204353 0.12265512265512266 0.09189842805320435
4 0.6204906204906205 0.4788391777509069 0.08802308802308802 0.09673518742442563
4 0.509018759018759 0.46251511487303504 0.08585858585858586 0.07980652962515114
4 0.4062049062049062 0.4909310761789601 0.09090909090909091 0.07980652962515114
4 0.30627705627705626 0.5269044740024184 0.10028860028860029 0.06952841596130592
5 0.6746031746031746 0.373639661426844 0.10533910533910534 0.07980652962515114
5 0.5198412698412699 0.3334340991535671 0.09307359307359307 0.06348246674727932
5 0.38672438672438675 0.3627569528415961 0.09523809523809523 0.07376058041112454
5 0.23376623376623376 0.45646916565900847 0.07792207792207792 0.06771463119709795
6 0.1774891774891775 0.3775695284159613 0.11255411255411256 0.09008464328899637
6 0.3611111111111111 0.248186215235792 0.09740259740259741 0.09371221281741234
6 0.5079365079365079 0.21946795646916564 0.10245310245310245 0.10278113663845223
6 0.711038961038961 0.2862756952841596 0.1075036075036075 0.09250302297460701
6 0.8939393939393939 0.6590084643288996 0.1370851370851371 0.11245465538089479
