6 0.8578066914498141 0.3950617283950617 0.12267657992565055 0.11955815464587394
6 0.6565985130111524 0.14002599090318388 0.10687732342007435 0.10851202079272254
6 0.54182156133829 0.12833008447043534 0.09851301115241635 0.09811565951916829
6 0.45306691449814124 0.17024041585445093 0.11059479553903345 0.1078622482131254
6 0.3303903345724907 0.2696556205328135 0.11059479553903345 0.09486679662118258
5 0.3396840148698885 0.35120207927225466 0.10687732342007435 0.06172839506172839
5 0.44842007434944237 0.2829759584145549 0.09200743494423791 0.08382066276803118
5 0.5446096654275092 0.24074074074074073 0.09479553903345725 0.07472384665367121
5 0.6468401486988847 0.2508122157244964 0.10966542750929367 0.07667316439246263
4 0.6342936802973977 0.3599740090968161 0.12360594795539033 0.09226770630279402
4 0.5302044609665427 0.3684210526315789 0.09758364312267657 0.09226770630279402
4 0.44749070631970256 0.39571150097465885 0.09200743494423791 0.10526315789473684
4 0.3661710037174721 0.43697205977907727 0.10408921933085502 0.09291747888239116
4 0.7727695167286245 0.48862897985705 0.10687732342007435 0.10136452241715399
3 0.38382899628252787 0.507472384665367 0.1003717472118959 0.11046133853151396
3 0.44842007434944237 0.48862897985705 0.0845724907063197 0.12085769980506822
3 0.5241635687732342 0.4577647823261858 0.09107806691449814 0.1254061078622482
3 0.6217472118959108 0.4522417153996101 0.10408921933085502 0.13255360623781676
2 0.6812267657992565 0.6172839506172839 0.16356877323420074 0.11435997400909681
1 0.4465613382899628 0.7894736842105263 0.11988847583643122 0.1364522417153996
0 0.5566914498141263 0.7816764132553606 0.17286245353159851 0.1806367771280052
