0 0.5091590341382182 0.8380012730744748 0.1523730224812656 0.17504774029280712
1 0.4200666111573689 0.8605983450031827 0.09908409658617819 0.12985359643539146
2 0.6103247293921732 0.6912794398472311 0.13821815154038303 0.10821133036282622
3 0.5695253955037469 0.522915340547422 0.093255620316403 0.0973901973265436
3 0.48376353039134057 0.5273711012094207 0.08492922564529559 0.11903246339910883
3 0.4142381348875937 0.5563335455124124 0.070774354704413 0.10821133036282622
3 0.34512905911740216 0.5747931253978358 0.06744379683597003 0.10184595798854232
4 0.7181515403830142 0.5770210057288351 0.11573688592839301 0.09484404837683004
4 0.585345545378851 0.45385105028644174 0.1015820149875104 0.10566518141311265
4 0.48501248959200666 0.4548058561425843 0.08243130724396337 0.10375556970082749
4 0.4017485428809326 0.48185868873329085 0.0791007493755204 0.10184595798854232
4 0.32722731057452126 0.5143220878421387 0.093255620316403 0.0967536600891152
6 0.8222314737718568 0.4990451941438574 0.1357202331390508 0.11839592616168045
6 0.6369691923397169 0.24570337364735836 0.10657785179017486 0.10566518141311265
6 0.47668609492089925 0.21323997453851049 0.09908409658617819 0.11203055378739656
6 0.31973355537052456 0.25747931253978357 0.11323896752706078 0.11012094207511139
6 0.20815986677768528 0.3577339274347549 0.093255620316403 0.09038828771483132
5 0.2660283097418818 0.436346276257161 0.10741049125728559 0.0668364099299809
5 0.36511240632805997 0.3752387014640356 0.09575353871773522 0.07320178230426479
5 0.48501248959200666 0.33736473583704646 0.11074104912572856 0.07129217059197962
5 0.6165695253955038 0.35455124124761295 0.10741049125728559 0.08402291534054741
