5 0.6922695738354807 0.2988748241912799 0.11397423191278494 0.08860759493670886
5 0.5267591674925669 0.27355836849507736 0.11397423191278494 0.07876230661040788
5 0.3969276511397423 0.3182137834036568 0.11397423191278494 0.07383966244725738
5 0.2755203171456888 0.3917018284106892 0.10109018830525272 0.06469760900140648
6 0.22547076313181366 0.3129395218002813 0.1337958374628345 0.09282700421940929
6 0.3716551040634291 0.21308016877637131 0.1110009910802775 0.10689170182841069
6 0.5262636273538156 0.17123769338959213 0.1110009910802775 0.0949367088607595
6 0.7210109018830525 0.19971870604781997 0.11793855302279485 0.10970464135021098
6 0.886025768087215 0.430028129395218 0.1645193260654113 0.14556962025316456
4 0.6521308225966304 0.3931082981715893 0.12685827552031714 0.11954992967651196
4 0.5277502477700694 0.3941631504922644 0.10802775024777006 0.09774964838255977
4 0.42715559960356786 0.42616033755274263 0.10703666997026759 0.10970464135021098
4 0.31962338949454905 0.46097046413502113 0.10009910802775024 0.09774964838255977
4 0.792368681863231 0.5323488045007032 0.12586719524281467 0.09282700421940929
3 0.626362735381566 0.48347398030942335 0.1110009910802775 0.13572433192686356
3 0.5213082259663032 0.4873417721518987 0.10109018830525272 0.14064697609001406
3 0.4370664023785927 0.5084388185654009 0.08126858275520317 0.11673699015471167
3 0.34786917740336964 0.5323488045007032 0.09117938553022795 0.11251758087201125
2 0.6818632309217046 0.64943741209564 0.18830525272547077 0.12869198312236288
1 0.408820614469772 0.810126582278481 0.1238850346878097 0.13783403656821377
0 0.5262636273538156 0.819620253164557 0.18434093161546083 0.17651195499296765
