1 0.3952755905511811 0.8142857142857143 0.11496062992125984 0.1601328903654485
0 0.5141732283464567 0.8179401993355482 0.1653543307086614 0.17541528239202658
2 0.6488188976377953 0.6667774086378738 0.152755905511811 0.12159468438538207
3 0.6094488188976378 0.48837209302325585 0.10708661417322834 0.14883720930232558
3 0.5086614173228347 0.48205980066445187 0.08031496062992126 0.14418604651162792
3 0.4377952755905512 0.5026578073089701 0.07716535433070866 0.13089700996677742
3 0.3791338582677165 0.5385382059800665 0.09842519685039369 0.14019933554817277
4 0.7377952755905511 0.5401993355481728 0.09606299212598425 0.10365448504983389
4 0.6192913385826772 0.3897009966777409 0.09370078740157481 0.10830564784053157
4 0.515748031496063 0.39102990033222595 0.08818897637795275 0.11096345514950166
4 0.4326771653543307 0.4136212624584718 0.0826771653543307 0.11495016611295682
4 0.3539370078740157 0.45182724252491696 0.0795275590551181 0.11029900332225914
6 0.84251968503937 0.43521594684385384 0.1464566929133858 0.13687707641196015
6 0.6539370078740158 0.1737541528239203 0.1094488188976378 0.11760797342192691
6 0.528740157480315 0.13421926910299004 0.08740157480314961 0.1142857142857143
6 0.42874015748031497 0.1601328903654485 0.0858267716535433 0.11295681063122924
6 0.2925196850393701 0.26478405315614617 0.09055118110236221 0.10564784053156147
5 0.32047244094488186 0.3548172757475083 0.09921259842519685 0.06511627906976744
5 0.4259842519685039 0.2897009966777409 0.10078740157480315 0.08770764119601329
5 0.5248031496062993 0.25481727574750834 0.09055118110236221 0.06710963455149502
5 0.6354330708661418 0.2774086378737542 0.11968503937007874 0.07641196013289037
