5 0.6256256256256256 0.2717614804660727 0.13213213213213212 0.06511309115832763
5 0.47347347347347346 0.26456477039067855 0.12012012012012012 0.07813570938999315
5 0.36536536536536535 0.3128855380397533 0.0980980980980981 0.07196710075394105
5 0.24224224224224225 0.39410555174777245 0.1041041041041041 0.06991089787525703
6 0.2157157157157157 0.30945853324194655 0.13913913913913914 0.10349554489376286
6 0.3233233233233233 0.20322138450993832 0.12612612612612611 0.10486634681288555
6 0.46546546546546547 0.15181631254283756 0.12612612612612611 0.10760795065113092
6 0.6301301301301301 0.17683344756682662 0.12312312312312312 0.09458533241946539
6 0.8413413413413413 0.39307745030843044 0.16316316316316315 0.13913639479095272
4 0.6241241241241241 0.3697738176833448 0.11711711711711711 0.10486634681288555
4 0.4994994994994995 0.38245373543522965 0.10810810810810811 0.10143934201507883
4 0.3958958958958959 0.42563399588759426 0.11711711711711711 0.09458533241946539
4 0.2882882882882883 0.46572995202193285 0.12412412412412413 0.09527073337902674
4 0.7957957957957957 0.49828649760109667 0.13613613613613612 0.09458533241946539
3 0.33433433433433435 0.5356408498971899 0.1041041041041041 0.11172035640849898
3 0.4114114114114114 0.5034270047978068 0.08008008008008008 0.10760795065113092
3 0.504004004004004 0.46572995202193285 0.0990990990990991 0.11172035640849898
3 0.6211211211211212 0.4581905414667581 0.10510510510510511 0.1309115832762166
2 0.6986986986986987 0.6288553803975326 0.2062062062062062 0.1199451679232351
1 0.4199199199199199 0.8012337217272105 0.12912912912912913 0.16449623029472243
0 0.5470470470470471 0.8094585332419466 0.1971971971971972 0.17546264564770392
