5 0.6597989949748745 0.35982428115015974 0.13969849246231159 0.09185303514376997
5 0.4723618090452262 0.3150958466453674 0.11859296482412061 0.07907348242811502
5 0.3447236180904523 0.3446485623003195 0.10251256281407037 0.08386581469648562
5 0.21507537688442213 0.44369009584664537 0.10251256281407037 0.06469648562300319
6 0.15728643216080404 0.3446485623003195 0.10954773869346734 0.0998402555910543
6 0.3391959798994975 0.2228434504792332 0.10552763819095479 0.10063897763578275
6 0.4824120603015076 0.19209265175718848 0.12663316582914574 0.10303514376996804
6 0.7035175879396985 0.2527955271565495 0.11256281407035176 0.0998402555910543
6 0.798994974874372 0.5111821086261981 0.14673366834170856 0.14057507987220447
4 0.5939698492462312 0.4680511182108626 0.11859296482412061 0.1134185303514377
4 0.4718592964824121 0.45726837060702874 0.10552763819095479 0.10303514376996804
4 0.3733668341708543 0.48961661341853036 0.08542713567839197 0.0926517571884984
4 0.2678391959798995 0.5303514376996805 0.08542713567839197 0.08146964856230032
4 0.7236180904522613 0.6313897763578274 0.13266331658291458 0.09185303514376997
3 0.5758793969849246 0.5547124600638977 0.08844221105527639 0.11900958466453673
3 0.4723618090452262 0.5435303514376997 0.0984924623115578 0.11900958466453673
3 0.3819095477386935 0.5599041533546326 0.06834170854271357 0.097444089456869
3 0.3020100502512563 0.5898562300319489 0.08542713567839197 0.09824281150159744
2 0.5949748743718594 0.7535942492012779 0.18090452261306533 0.12699680511182107
1 0.38743718592964826 0.9109424920127795 0.13969849246231159 0.13817891373801916
0 0.4894472361809046 0.8909744408945687 0.16281407035175882 0.17651757188498401
