0 0.4923882017126546 0.8321087435709037 0.17982873453853473 0.19030124908155766
1 0.3653663177925785 0.8188831741366641 0.11607992388201713 0.1579720793534166
2 0.6370123691722169 0.6462160176340925 0.17602283539486205 0.13592946362968406
3 0.5837297811607992 0.47428361498897864 0.1170313986679353 0.13592946362968406
3 0.4728829686013321 0.47171197648787655 0.09895337773549001 0.13372520205731078
3 0.3882017126546147 0.4948567229977957 0.09134157944814462 0.1138868479059515
3 0.30352045670789723 0.5275532696546656 0.09134157944814462 0.10874357090374724
4 0.7668886774500476 0.5466568699485672 0.11607992388201713 0.07641440117560616
4 0.6051379638439581 0.39566495224099923 0.11607992388201713 0.10653930933137398
4 0.47811607992388205 0.38758265980896395 0.10180780209324454 0.10653930933137398
4 0.3720266412940057 0.42138133725202054 0.09514747859181732 0.10360029390154298
4 0.2730732635585157 0.47171197648787655 0.09514747859181732 0.0955180014695077
6 0.8358705994291151 0.44599559147685525 0.13415794481446242 0.1307861866274798
6 0.6964795432921028 0.1914033798677443 0.10846812559467174 0.10653930933137398
6 0.48525214081826834 0.13445995591476853 0.12369172216936251 0.11168258633357825
6 0.33206470028544244 0.18442321822189564 0.11988582302568983 0.10874357090374724
6 0.16079923882017128 0.30602498163115355 0.11607992388201713 0.1168258633357825
5 0.21360608943862988 0.3952975753122704 0.10941960038058991 0.07347538574577515
5 0.345861084681256 0.30565760470242465 0.12654614652711704 0.07347538574577515
5 0.4866793529971456 0.26781778104335047 0.11322549952426261 0.07861866274797942
5 0.6574690770694577 0.298677443056576 0.11607992388201713 0.08155767817781043
