5 0.5469831849653808 0.3968842729970326 0.06429277942631058 0.05687438180019782
5 0.45919881305637983 0.3857566765578635 0.05687438180019782 0.04945598417408506
5 0.3986152324431256 0.4196340257171118 0.05341246290801187 0.050939663699307615
5 0.3390207715133531 0.4772502472799209 0.0400593471810089 0.03857566765578635
6 0.31800197823936693 0.4297725024727992 0.05637982195845697 0.05637982195845697
6 0.38130563798219586 0.3382789317507418 0.058358061325420374 0.07517309594460929
6 0.4606824925816024 0.30514342235410485 0.05687438180019782 0.06429277942631058
6 0.5660237388724035 0.33654797230464883 0.05489614243323442 0.06775469831849654
6 0.6748269040553907 0.5289317507418397 0.07171117705242334 0.06577645895153314
4 0.5259643916913946 0.46340257171117705 0.050939663699307615 0.06231454005934718
4 0.46439169139465875 0.46364985163204747 0.04945598417408506 0.06577645895153314
4 0.4124629080118694 0.4844213649851632 0.04549950544015826 0.06775469831849654
4 0.3701780415430267 0.5168150346191889 0.044015825914935705 0.051434223541048464
4 0.6224035608308605 0.5830860534124629 0.057863501483679525 0.05539070227497527
3 0.5165677546983185 0.5143422354104846 0.05885262116716122 0.07319485657764589
3 0.4629080118694362 0.5192878338278931 0.04945598417408506 0.07517309594460929
3 0.41691394658753705 0.5276953511374877 0.03857566765578635 0.058358061325420374
3 0.38130563798219586 0.5524233432245301 0.040553907022749754 0.06033630069238378
2 0.5370919881305638 0.6332838773491593 0.08605341246290801 0.07665677546983185
0 0.4772502472799209 0.7245301681503462 0.09000989119683481 0.09693372898120672
1 0.41691394658753705 0.7346686449060336 0.05637982195845697 0.10237388724035608
