1 0.44485657764589515 0.7406033630069239 0.06280909990108803 0.10929772502472798
0 0.49851632047477745 0.7495054401582592 0.10286844708209693 0.14094955489614241
2 0.5830860534124629 0.5984174085064292 0.10484668644906034 0.09495548961424333
3 0.5306627101879328 0.49307616221562806 0.06033630069238378 0.09891196834817012
3 0.4710682492581602 0.5044510385756676 0.05489614243323442 0.09297725024727992
3 0.4347181008902077 0.5185459940652819 0.050445103857566766 0.08456973293768545
3 0.39416419386745793 0.5358555885262116 0.050445103857566766 0.07072205736894165
4 0.6184470820969337 0.5126112759643917 0.06280909990108803 0.06874381800197824
4 0.5336300692383779 0.4307616221562809 0.058358061325420374 0.07022749752720078
4 0.4710682492581602 0.44090009891196835 0.05489614243323442 0.07072205736894165
4 0.4277942631058358 0.4631552917903066 0.05242334322453017 0.07467853610286844
4 0.38625123639960435 0.4893669634025717 0.050445103857566766 0.06280909990108803
6 0.6295746785361028 0.433728981206726 0.06824925816023739 0.0850642927794263
6 0.5588526211671612 0.29253214638971314 0.06033630069238378 0.07270029673590504
6 0.47527200791295743 0.27324431256181997 0.054401582591493566 0.07863501483679525
6 0.4114737883283877 0.3044015825914936 0.05637982195845697 0.07665677546983185
6 0.3449554896142433 0.3662215628090999 0.05291790306627102 0.07467853610286844
5 0.3672106824925816 0.4248269040553907 0.06083086053412463 0.04648862512363996
5 0.4164193867457962 0.377349159248269 0.054401582591493566 0.05637982195845697
5 0.47527200791295743 0.35509396636993074 0.058358061325420374 0.05242334322453017
5 0.5487141444114738 0.35608308605341243 0.06478733926805143 0.058358061325420374
