5 0.5736894164193868 0.40059347181008903 0.051434223541048464 0.04945598417408506
5 0.5148367952522255 0.3847675568743818 0.040553907022749754 0.051434223541048464
5 0.4606824925816024 0.4013353115727003 0.0420375865479723 0.044015825914935705
5 0.41790306627101875 0.44090009891196835 0.040553907022749754 0.0420375865479723
6 0.40974282888229474 0.3867457962413452 0.05291790306627102 0.06231454005934718
6 0.45820969337289813 0.33654797230464883 0.0400593471810089 0.06775469831849654
6 0.5168150346191889 0.31899109792284863 0.058358061325420374 0.06231454005934718
6 0.582591493570722 0.34075173095944605 0.051434223541048464 0.06231454005934718
6 0.6765578635014836 0.5061819980217606 0.0820969337289812 0.08259149357072205
4 0.5608308605341246 0.4589515331355094 0.04747774480712166 0.06033630069238378
4 0.5103857566765578 0.4572205736894164 0.04253214638971315 0.05291790306627102
4 0.4718100890207715 0.4710682492581602 0.03857566765578635 0.05489614243323442
4 0.43150346191889216 0.48837784371909 0.0420375865479723 0.05291790306627102
4 0.6248763600395648 0.5635509396636993 0.05489614243323442 0.05687438180019782
3 0.5514342235410484 0.5076656775469832 0.04747774480712166 0.06577645895153314
3 0.5084075173095944 0.5066765578635015 0.03461918892185954 0.07171117705242334
3 0.4747774480712166 0.5121167161226509 0.036597428288822946 0.06083086053412463
3 0.43620178041543023 0.5222551928783382 0.03264094955489614 0.06627101879327399
2 0.5506923837784372 0.6090504451038575 0.07863501483679525 0.06775469831849654
1 0.44906033630069236 0.6916419386745796 0.051434223541048464 0.08951533135509396
0 0.496538081107814 0.6916419386745796 0.06231454005934718 0.10039564787339268
