0 0.5947786606129398 0.6335260115606937 0.2043132803632236 0.14913294797687862
1 0.4483541430192962 0.6338150289017341 0.14982973893303064 0.12543352601156071
2 0.717366628830874 0.48468208092485554 0.2043132803632236 0.11965317919075145
3 0.6061293984108966 0.36502890173410407 0.1112372304199773 0.11387283236994221
3 0.4869466515323496 0.37225433526011564 0.1112372304199773 0.09595375722543353
3 0.3910329171396141 0.3956647398843931 0.11237230419977298 0.09190751445086706
3 0.3104426787741203 0.42398843930635843 0.1191827468785471 0.09421965317919076
4 0.814982973893303 0.3780346820809249 0.1543700340522134 0.09017341040462429
4 0.6106696935300795 0.2965317919075145 0.1271282633371169 0.07398843930635839
4 0.47956867196367764 0.30751445086705204 0.09648127128263337 0.07630057803468208
4 0.37911464245175935 0.3416184971098266 0.1112372304199773 0.07861271676300578
4 0.2775255391600454 0.3809248554913295 0.10783200908059024 0.05895953757225434
6 0.8706015891032917 0.2832369942196532 0.13847900113507378 0.11213872832369944
6 0.6373439273552781 0.12398843930635839 0.1191827468785471 0.0861271676300578
6 0.43132803632236094 0.1124277456647399 0.11577752553916004 0.0861271676300578
6 0.26390465380249717 0.15462427745664742 0.13507377979568672 0.08843930635838151
6 0.11180476730987514 0.2494219653179191 0.12372304199772985 0.07456647398843931
5 0.19466515323496025 0.31618497109826593 0.13507377979568672 0.06242774566473989
5 0.3121452894438138 0.24364161849710983 0.11577752553916004 0.058381502890173416
5 0.4500567536889898 0.20404624277456648 0.14642451759364358 0.06820809248554914
5 0.6407491486946651 0.20751445086705203 0.15777525539160045 0.0647398843930636
