5 0.6663851351351352 0.34555288461538464 0.08783783783783784 0.06009615384615385
5 0.5557432432432433 0.3323317307692308 0.09121621621621623 0.06490384615384616
5 0.43201013513513514 0.36117788461538464 0.09375 0.06009615384615385
5 0.3319256756756757 0.4203725961538462 0.07432432432432433 0.05829326923076923
6 0.2863175675675676 0.3512620192307693 0.10304054054054054 0.07992788461538462
6 0.4244087837837838 0.2722355769230769 0.11570945945945947 0.09134615384615385
6 0.5616554054054055 0.2355769230769231 0.08445945945945946 0.09375
6 0.6883445945945946 0.2689302884615385 0.09966216216216217 0.07992788461538462
6 0.8547297297297298 0.47716346153846156 0.14695945945945946 0.08052884615384616
4 0.6355574324324325 0.4248798076923077 0.10050675675675676 0.08052884615384616
4 0.5477195945945946 0.4248798076923077 0.08699324324324324 0.07572115384615385
4 0.46199324324324326 0.44921875 0.08445945945945946 0.07992788461538462
4 0.37246621621621623 0.47385817307692313 0.08108108108108109 0.07151442307692309
4 0.7521114864864865 0.5405649038461539 0.09712837837837839 0.07151442307692309
3 0.6199324324324325 0.4915865384615385 0.08783783783783784 0.09375
3 0.535472972972973 0.4903846153846154 0.08108108108108109 0.09134615384615385
3 0.4708614864864865 0.502704326923077 0.07179054054054054 0.08473557692307693
3 0.40244932432432434 0.5216346153846154 0.05996621621621622 0.0733173076923077
2 0.6528716216216217 0.6207932692307693 0.14358108108108109 0.09615384615384616
1 0.45228040540540543 0.772235576923077 0.10388513513513514 0.13341346153846154
0 0.5477195945945946 0.7545072115384616 0.14949324324324326 0.14242788461538464
