0 0.4826800364630811 0.7813351498637602 0.17046490428441202 0.1757493188010899
1 0.3678213309024613 0.7752043596730245 0.12123974475843209 0.11716621253405994
2 0.6207839562443026 0.6151226158038147 0.15496809480401094 0.11307901907356947
3 0.5879671832269827 0.4608310626702997 0.09480401093892434 0.138283378746594
3 0.49134001823154055 0.44925068119891004 0.09845031905195989 0.1151226158038147
3 0.4042844120328168 0.4683242506811989 0.08113035551504102 0.10286103542234332
3 0.3245214220601641 0.4976158038147139 0.07839562443026435 0.11103542234332425
4 0.7283500455788514 0.5068119891008174 0.1203281677301732 0.08174386920980926
4 0.6089334548769371 0.37806539509536785 0.10391978122151321 0.09809264305177111
4 0.5050136736554238 0.369550408719346 0.10391978122151321 0.0946866485013624
4 0.40109389243391064 0.3978201634877384 0.10391978122151321 0.09673024523160763
4 0.30173199635369186 0.4420980926430518 0.10027347310847766 0.09673024523160763
6 0.8094804010938924 0.42847411444141686 0.13673655423883319 0.09673024523160763
6 0.6873290793072014 0.1989100817438692 0.09845031905195989 0.09264305177111716
6 0.5205104831358249 0.14952316076294278 0.10027347310847766 0.09877384196185286
6 0.32315405651777573 0.19448228882833787 0.1121239744758432 0.0946866485013624
6 0.16453965360072925 0.30756130790190733 0.10118505013673655 0.08787465940054495
5 0.22607110300820418 0.3739782016348774 0.08933454876937101 0.06948228882833787
5 0.35232452142206017 0.295299727520436 0.10665451230628988 0.06335149863760217
5 0.5209662716499545 0.26498637602179836 0.1121239744758432 0.06948228882833787
5 0.6618049225159526 0.289850136239782 0.11485870556061988 0.06743869209809264
