5 0.6310975609756098 0.26835016835016834 0.08577235772357723 0.06734006734006734
5 0.5345528455284553 0.2528619528619529 0.08130081300813008 0.06531986531986532
5 0.4339430894308943 0.2883838383838384 0.07439024390243902 0.06565656565656566
5 0.32215447154471544 0.3717171717171717 0.06788617886178862 0.06734006734006734
6 0.3040650406504065 0.2892255892255892 0.1040650406504065 0.0861952861952862
6 0.43841463414634146 0.17895622895622895 0.08821138211382114 0.09326599326599327
6 0.5278455284552845 0.14814814814814817 0.08577235772357723 0.09898989898989899
6 0.641869918699187 0.18265993265993266 0.06991869918699187 0.08585858585858586
6 0.8077235772357724 0.4257575757575758 0.12195121951219512 0.09730639730639731
4 0.6101626016260162 0.3688552188552189 0.08373983739837398 0.08047138047138047
4 0.5164634146341464 0.37053872053872056 0.07682926829268293 0.08047138047138047
4 0.4373983739837398 0.3930976430976431 0.07235772357723577 0.08047138047138047
4 0.36402439024390243 0.4361952861952862 0.08333333333333333 0.07306397306397307
4 0.7359756097560975 0.5021885521885522 0.09715447154471545 0.07845117845117845
3 0.6034552845528456 0.4398989898989899 0.08821138211382114 0.0952861952861953
3 0.5130081300813009 0.4427609427609428 0.08373983739837398 0.11582491582491583
3 0.4396341463414634 0.4622895622895623 0.06788617886178862 0.09158249158249158
3 0.37642276422764226 0.49124579124579126 0.08130081300813008 0.0861952861952862
2 0.642479674796748 0.6038720538720539 0.1467479674796748 0.11212121212121212
1 0.42601626016260163 0.7513468013468014 0.09024390243902439 0.130976430976431
0 0.5160569105691057 0.7442760942760943 0.1402439024390244 0.14040404040404042
