0 0.5026315789473684 0.9083793738489871 0.1694736842105263 0.1703499079189687
1 0.6278947368421053 0.8885819521178637 0.10421052631578948 0.14917127071823205
2 0.3721052631578947 0.7251381215469613 0.15263157894736842 0.13535911602209946
4 0.24421052631578946 0.589779005524862 0.12631578947368421 0.10220994475138122
4 0.38421052631578945 0.429097605893186 0.10105263157894737 0.10865561694290976
4 0.49842105263157893 0.4281767955801105 0.10421052631578948 0.10681399631675875
4 0.5926315789473684 0.4530386740331492 0.07578947368421052 0.11049723756906078
4 0.6815789473684211 0.4995395948434623 0.09789473684210526 0.10405156537753223
3 0.4005263157894737 0.5179558011049724 0.10842105263157895 0.1408839779005525
3 0.5036842105263157 0.5230202578268877 0.09368421052631579 0.13627992633517497
3 0.58 0.5460405156537753 0.07157894736842105 0.13996316758747698
3 0.6542105263157895 0.5810313075506446 0.08736842105263158 0.11970534069981584
6 0.1326315789473684 0.48895027624309395 0.15368421052631578 0.12154696132596686
6 0.29736842105263156 0.18232044198895028 0.11894736842105263 0.1270718232044199
6 0.5173684210526316 0.143646408839779 0.11263157894736842 0.13259668508287292
6 0.6663157894736842 0.19843462246777166 0.10736842105263157 0.1261510128913444
6 0.8184210526315789 0.3278084714548803 0.12105263157894737 0.11970534069981584
5 0.6489473684210526 0.32550644567219156 0.11473684210526315 0.08011049723756906
5 0.7531578947368421 0.423572744014733 0.08526315789473685 0.07734806629834254
5 0.5057894736842106 0.28222836095764275 0.11473684210526315 0.08011049723756906
5 0.3368421052631579 0.30386740331491713 0.12 0.08103130755064457
