5 0.6081668114682884 0.25 0.10425716768027801 0.08571428571428572
5 0.4808861859252823 0.23714285714285716 0.1155516941789748 0.07
5 0.3457862728062554 0.2907142857142857 0.10773240660295395 0.09
5 0.20807993049522153 0.4017857142857143 0.09817549956559513 0.06642857142857143
6 0.13292788879235445 0.32821428571428574 0.10947002606429192 0.07642857142857143
6 0.30191138140747176 0.1667857142857143 0.1416159860990443 0.11214285714285714
6 0.4891398783666377 0.11857142857142858 0.10947002606429192 0.10571428571428572
6 0.6294526498696785 0.1367857142857143 0.10165073848827107 0.10785714285714286
6 0.868375325803649 0.44357142857142856 0.1364031277150304 0.10571428571428572
4 0.5929626411815812 0.36678571428571427 0.1207645525629887 0.12357142857142857
4 0.472632493483927 0.38535714285714284 0.10947002606429192 0.11214285714285714
4 0.37489139878366634 0.4139285714285714 0.10165073848827107 0.11214285714285714
4 0.28062554300608167 0.46785714285714286 0.10425716768027801 0.09714285714285714
3 0.30668983492615115 0.5357142857142857 0.09904430929626411 0.11857142857142858
3 0.39139878366637704 0.5039285714285714 0.08601216333622937 0.12928571428571428
3 0.47046046915725453 0.4775 0.09122502172024326 0.13214285714285715
3 0.5651607298001737 0.47214285714285714 0.08601216333622937 0.15
4 0.759774109470026 0.5392857142857143 0.1364031277150304 0.08571428571428572
2 0.6381407471763684 0.6592857142857143 0.19200695047784533 0.14285714285714285
1 0.38053866203301473 0.8071428571428572 0.11294526498696784 0.13857142857142857
0 0.49522154648132055 0.8207142857142857 0.1894005212858384 0.16714285714285715
