0 0.5025273799494524 0.8193116634799235 0.18955349620893006 0.16379859783301465
1 0.3820556023588879 0.8126195028680688 0.10699241786015164 0.15551306564690887
2 0.6625947767481044 0.6682600382409177 0.19966301600673966 0.13320586360739323
3 0.6141533277169334 0.4783301465901848 0.10278011794439763 0.1383046526449968
3 0.5164279696714406 0.478648820905035 0.09941027801179443 0.12746972594008923
3 0.43892165122156696 0.4888463989802422 0.09604043807919123 0.11727214786488209
3 0.3698399326032013 0.5188017845761631 0.08930075821398484 0.11982154238368387
4 0.7830665543386689 0.5592734225621415 0.12384161752316765 0.09623964308476736
4 0.6192080876158382 0.3808158062460166 0.10614995787700084 0.11408540471637986
4 0.5181128896377422 0.3938814531548757 0.09604043807919123 0.10452517527087317
4 0.42839090143218195 0.41714467813894196 0.11036225779275484 0.10388782664117271
4 0.34456613310867734 0.4521988527724665 0.09941027801179443 0.09623964308476736
6 0.8753159224936815 0.44964945825366476 0.16512215669755687 0.1383046526449968
6 0.643218197135636 0.16347992351816443 0.11373209772535804 0.11663479923518164
6 0.4890480202190396 0.13639260675589546 0.12721145745577084 0.1147227533460803
6 0.3702611625947767 0.17399617590822178 0.11036225779275484 0.11217335882727852
6 0.20850884582982307 0.29094964945825363 0.11036225779275484 0.09623964308476736
5 0.2704296545914069 0.3769917144678139 0.11625947767481044 0.07584448693435308
5 0.3854254422914911 0.2976418100701083 0.12721145745577084 0.07775653282345443
5 0.5143218197135636 0.2597195666029318 0.12384161752316765 0.08094327597195666
5 0.643218197135636 0.27405991077119185 0.12721145745577084 0.082855321861058
