5 0.6605101143359718 0.3786509040333797 0.10202286719437116 0.08275382475660639
5 0.5338610378188214 0.3511821974965229 0.09146877748460862 0.08623087621696801
5 0.39006156552330695 0.3828233657858136 0.10642040457343888 0.07023643949930458
5 0.2642919964819701 0.44923504867872044 0.0870712401055409 0.06258692628650904
6 0.18601583113456466 0.37586926286509037 0.1187335092348285 0.0799721835883171
6 0.3531222515391381 0.26912378303198886 0.11169744942832015 0.10570236439499305
6 0.5439753737906773 0.23783031988873435 0.11697449428320142 0.10987482614742698
6 0.6948109058927001 0.26599443671766343 0.09674582233948989 0.10778859527121001
6 0.8117854001759015 0.5100834492350487 0.13368513632365875 0.12308762169680111
4 0.6147757255936676 0.47287899860917937 0.09146877748460862 0.09596662030598052
4 0.5167106420404574 0.4617524339360222 0.08179419525065963 0.09179415855354658
4 0.4261213720316623 0.4815716272600834 0.09410729991204926 0.09248956884561892
4 0.3372911169744943 0.5128650904033379 0.08883025505716799 0.0799721835883171
4 0.7440633245382586 0.6109179415855355 0.12137203166226913 0.09388038942976355
3 0.5945470536499561 0.5584144645340751 0.08443271767810026 0.13073713490959665
3 0.5070360598065083 0.5420723226703755 0.08179419525065963 0.10361613351877608
3 0.43755496921723835 0.5521557719054242 0.07651715039577837 0.10013908205841446
3 0.3645558487247142 0.5608484005563282 0.06948109058927002 0.10222531293463143
2 0.6253298153034301 0.704798331015299 0.18117854001759015 0.11752433936022252
1 0.3531222515391381 0.8129346314325452 0.10114335971855762 0.13908205841446453
0 0.4656992084432718 0.832058414464534 0.14863676341248902 0.15090403337969402
