0 0.5484875444839857 0.8405054644808743 0.1592526690391459 0.19330601092896174
1 0.4390569395017793 0.8545081967213115 0.1290035587188612 0.1489071038251366
2 0.6743772241992882 0.6717896174863388 0.16725978647686832 0.11953551912568305
3 0.6058718861209964 0.4853142076502732 0.09608540925266904 0.12226775956284153
3 0.5155693950177935 0.4993169398907104 0.0898576512455516 0.12431693989071038
3 0.4403914590747331 0.5256147540983607 0.08718861209964412 0.11816939890710383
3 0.3830071174377224 0.5505464480874317 0.0791814946619217 0.1092896174863388
4 0.7771352313167259 0.555327868852459 0.11476868327402134 0.1051912568306011
4 0.6116548042704626 0.4047131147540984 0.10409252669039146 0.10314207650273224
4 0.5155693950177935 0.4077868852459016 0.08451957295373665 0.1051912568306011
4 0.4350533807829181 0.4402322404371585 0.08185053380782918 0.10724043715846994
4 0.36877224199288255 0.48941256830601093 0.07384341637010676 0.08811475409836066
6 0.8180604982206405 0.42691256830601093 0.10409252669039146 0.12568306010928962
6 0.6525800711743772 0.19467213114754098 0.08451957295373665 0.10245901639344263
6 0.5102313167259787 0.16905737704918034 0.09519572953736655 0.10314207650273224
6 0.39234875444839856 0.21345628415300547 0.09074733096085409 0.09494535519125682
6 0.29092526690391457 0.3282103825136612 0.09074733096085409 0.08811475409836066
5 0.322508896797153 0.4057377049180328 0.10409252669039146 0.05874316939890711
5 0.41592526690391457 0.3353825136612022 0.09341637010676156 0.06967213114754098
5 0.5226868327402135 0.29030054644808745 0.09341637010676156 0.06693989071038252
5 0.6374555160142349 0.29883879781420764 0.09341637010676156 0.07991803278688525
