5 0.6176724137931034 0.3034246575342466 0.08879310344827586 0.07534246575342465
5 0.5012931034482758 0.2933219178082192 0.10344827586206896 0.07773972602739726
5 0.4021551724137931 0.3297945205479452 0.08362068965517241 0.0821917808219178
5 0.2915948275862069 0.39263698630136984 0.0978448275862069 0.05719178082191781
6 0.25560344827586207 0.3013698630136986 0.1060344827586207 0.08904109589041095
6 0.3978448275862069 0.21113013698630137 0.08620689655172414 0.10034246575342466
6 0.502801724137931 0.16301369863013698 0.08922413793103448 0.0958904109589041
6 0.6435344827586207 0.19743150684931507 0.08879310344827586 0.10513698630136986
6 0.8144396551724138 0.4679794520547945 0.1495689655172414 0.1393835616438356
4 0.32456896551724135 0.45873287671232876 0.08362068965517241 0.09349315068493151
4 0.4064655172413793 0.43595890410958904 0.08017241379310344 0.08904109589041095
4 0.4870689655172414 0.40856164383561644 0.08620689655172414 0.08904109589041095
4 0.5875 0.40393835616438356 0.09224137931034483 0.08458904109589041
4 0.7226293103448276 0.5626712328767123 0.10646551724137931 0.0821917808219178
3 0.33900862068965515 0.5354452054794521 0.08922413793103448 0.11198630136986301
3 0.40366379310344824 0.5054794520547945 0.08060344827586206 0.0958904109589041
3 0.47693965517241377 0.48955479452054795 0.08922413793103448 0.11404109589041096
3 0.5788793103448275 0.4839041095890411 0.1146551724137931 0.11643835616438357
2 0.6118534482758621 0.6551369863013699 0.1581896551724138 0.11164383561643836
1 0.4021551724137931 0.798972602739726 0.10086206896551723 0.14863013698630137
0 0.49267241379310345 0.7898972602739726 0.14913793103448275 0.17568493150684933
