0 0.5253718285214348 0.8571428571428572 0.12335958005249344 0.1863354037267081
1 0.4558180227471566 0.9032830523513754 0.08923884514435695 0.16681455190771963
2 0.6146106736657918 0.6956521739130435 0.14785651793525809 0.1419698314108252
3 0.3941382327209099 0.59094942324756 0.062117235345581806 0.1526175687666371
3 0.4435695538057743 0.5523513753327418 0.05949256342957131 0.13043478260869565
3 0.5030621172353456 0.5319432120674357 0.0804899387576553 0.14995563442768411
3 0.5730533683289589 0.5239574090505768 0.0752405949256343 0.15527950310559008
4 0.694663167104112 0.5754214729370009 0.09448818897637795 0.11446317657497782
4 0.5796150481189851 0.417036379769299 0.0726159230096238 0.1171251109139308
4 0.5043744531933508 0.4228039041703638 0.0778652668416448 0.11268855368234251
4 0.44006999125109364 0.4596273291925466 0.0699912510936133 0.1064773735581189
4 0.3801399825021872 0.5022182786157942 0.0726159230096238 0.10115350488021296
6 0.747594050743657 0.4636202307009761 0.10761154855643044 0.1233362910381544
6 0.6176727909011374 0.20275066548358475 0.0752405949256343 0.11446317657497782
6 0.5043744531933508 0.15794143744454303 0.0831146106736658 0.1064773735581189
6 0.4125109361329834 0.20408163265306123 0.0673665791776028 0.1064773735581189
6 0.29702537182852146 0.30922803904170365 0.0726159230096238 0.10381543921916593
5 0.3333333333333333 0.4108251996450754 0.0699912510936133 0.07630878438331855
5 0.41688538932633423 0.33229813664596275 0.07611548556430446 0.06832298136645963
5 0.5043744531933508 0.290150842945874 0.0778652668416448 0.0709849157054126
5 0.6036745406824147 0.30257320319432124 0.09448818897637795 0.07985803016858918
