5 0.600646551724138 0.2756849315068493 0.1021551724137931 0.08287671232876713
5 0.49116379310344827 0.26952054794520547 0.09181034482758621 0.07876712328767123
5 0.3797413793103448 0.3176369863013699 0.08879310344827586 0.08321917808219179
5 0.2668103448275862 0.3969178082191781 0.10172413793103448 0.07054794520547945
6 0.22241379310344828 0.30856164383561646 0.10172413793103448 0.10616438356164383
6 0.36616379310344827 0.19023972602739725 0.09698275862068965 0.12226027397260274
6 0.4836206896551724 0.13955479452054795 0.10689655172413792 0.10787671232876712
6 0.6103448275862069 0.17363013698630136 0.08362068965517241 0.09315068493150686
6 0.7933189655172413 0.4 0.1254310344827586 0.13493150684931507
4 0.5810344827586207 0.38476027397260276 0.125 0.0976027397260274
4 0.4831896551724138 0.40085616438356164 0.08620689655172414 0.09965753424657535
4 0.4040948275862069 0.4404109589041096 0.07284482758620689 0.0910958904109589
4 0.3271551724137931 0.4808219178082192 0.08620689655172414 0.08082191780821918
4 0.7336206896551724 0.5078767123287671 0.09655172413793103 0.08904109589041095
3 0.5775862068965517 0.4703767123287671 0.08103448275862069 0.10993150684931507
3 0.4810344827586207 0.4828767123287671 0.08103448275862069 0.1184931506849315
3 0.4105603448275862 0.511986301369863 0.07025862068965517 0.09726027397260274
3 0.33620689655172414 0.5368150684931506 0.07844827586206897 0.09349315068493151
2 0.6478448275862069 0.6412671232876712 0.15948275862068964 0.11198630136986301
1 0.41443965517241377 0.7849315068493151 0.1254310344827586 0.1452054794520548
0 0.5267241379310345 0.7816780821917808 0.16206896551724137 0.16404109589041097
