0 0.4735706580366774 0.8169934640522876 0.1855447680690399 0.14524328249818447
1 0.3500539374325782 0.808641975308642 0.1262135922330097 0.13435003631082063
2 0.6310679611650485 0.6583151779230211 0.192017259978425 0.10675381263616558
3 0.5738942826321467 0.5130718954248366 0.12081984897518877 0.140159767610748
3 0.4741100323624595 0.49927378358750907 0.10248112189859762 0.1140159767610748
3 0.3991370010787486 0.5305010893246187 0.09277238403451996 0.12273057371096587
3 0.32308522114347354 0.5497458242556281 0.08306364617044228 0.12490922294843863
4 0.7583603020496223 0.5537400145243282 0.13592233009708737 0.08496732026143791
4 0.598705501618123 0.42374727668845313 0.11003236245954692 0.09658678286129266
4 0.48597626752966555 0.4179375453885258 0.10895361380798273 0.09368191721132897
4 0.3910463861920172 0.44371822803195354 0.10032362459546924 0.08714596949891068
4 0.296655879180151 0.4803921568627451 0.1035598705501618 0.08496732026143791
6 0.8694714131607335 0.4636891793754539 0.17259978425026967 0.11837327523602033
6 0.6801510248112189 0.23493100944081335 0.11974110032362459 0.09803921568627451
6 0.5043149946062567 0.19353667392883078 0.11326860841423947 0.10530137981118373
6 0.32955771305285864 0.24364560639070443 0.10895361380798273 0.09803921568627451
6 0.20981661272923408 0.32752360203340597 0.0895361380798274 0.08714596949891068
5 0.2367853290183387 0.4055918663761801 0.11542610571736785 0.05591866376180102
5 0.3511326860841424 0.3474945533769063 0.11326860841423947 0.06027596223674655
5 0.4978425026968716 0.3042846768336964 0.1262135922330097 0.07116920842411038
5 0.6499460625674217 0.32316630355846043 0.1262135922330097 0.08278867102396514
