5 0.33605283605283603 0.32369062119366626 0.08624708624708624 0.05176613885505481
5 0.4428904428904429 0.269183922046285 0.08391608391608392 0.06211936662606577
5 0.5532245532245532 0.2506090133982947 0.08391608391608392 0.07003654080389768
5 0.6608391608391608 0.28410475030450666 0.08780108780108781 0.05907429963459196
6 0.6942501942501943 0.19671132764920826 0.09246309246309246 0.08282582216808769
6 0.5730380730380731 0.15164433617539586 0.09246309246309246 0.09500609013398294
6 0.4324009324009324 0.17722289890377588 0.10023310023310024 0.08891595615103531
6 0.30303030303030304 0.2557856272838002 0.08391608391608392 0.08891595615103531
6 0.8010878010878011 0.417783191230207 0.1320901320901321 0.09135200974421437
4 0.6173271173271173 0.360231425091352 0.09712509712509712 0.08465286236297198
4 0.5310800310800311 0.347442143727162 0.07692307692307693 0.08221680876979293
4 0.44988344988344986 0.3654080389768575 0.07303807303807304 0.07673568818514007
4 0.3706293706293706 0.385809987819732 0.08702408702408702 0.08465286236297198
4 0.7097902097902098 0.47959805115712545 0.09246309246309246 0.07247259439707673
3 0.3888888888888889 0.44975639464068207 0.0707070707070707 0.09683313032886723
3 0.4506604506604507 0.4311814859926918 0.07303807303807304 0.0925700365408039
3 0.5174825174825175 0.4238733252131547 0.07148407148407149 0.10962241169305724
3 0.5947940947940948 0.4250913520097442 0.08158508158508158 0.10109622411693056
2 0.6087801087801088 0.5642509135200974 0.15306915306915306 0.10292326431181485
1 0.4149184149184149 0.6890986601705237 0.08702408702408702 0.12606577344701583
0 0.49456099456099456 0.6833130328867235 0.14219114219114218 0.15712545676004872
