0 0.49171270718232046 0.8284883720930233 0.1988950276243094 0.2084717607973422
1 0.3524861878453039 0.8301495016611296 0.14585635359116023 0.1686046511627907
2 0.6657458563535912 0.6291528239202658 0.20220994475138124 0.16029900332225913
3 0.5977900552486188 0.4530730897009967 0.112707182320442 0.15199335548172757
3 0.4779005524861879 0.46677740863787376 0.1270718232044199 0.1744186046511628
3 0.3734806629834254 0.489202657807309 0.10828729281767957 0.15780730897009967
3 0.27569060773480664 0.5220099667774086 0.10497237569060774 0.13205980066445183
4 0.7801104972375691 0.49916943521594687 0.1569060773480663 0.12956810631229237
4 0.6204419889502762 0.35714285714285715 0.1425414364640884 0.11794019933554818
4 0.4801104972375691 0.3583887043189369 0.13149171270718232 0.13205980066445183
4 0.3734806629834254 0.38413621262458475 0.13480662983425415 0.13205980066445183
4 0.2552486187845304 0.44019933554817275 0.13038674033149172 0.10963455149501661
6 0.8475138121546962 0.3658637873754153 0.1569060773480663 0.17192691029900334
6 0.6690607734806631 0.11960132890365449 0.1270718232044199 0.13787375415282394
6 0.5132596685082873 0.08679401993355482 0.13812154696132597 0.1403654485049834
6 0.3524861878453039 0.1303986710963455 0.11712707182320443 0.13787375415282394
6 0.19337016574585636 0.24294019933554817 0.15027624309392265 0.1270764119601329
5 0.6558011049723758 0.24335548172757476 0.13149171270718232 0.08139534883720931
5 0.49668508287292823 0.21760797342192692 0.1270718232044199 0.08139534883720931
5 0.3580110497237569 0.25830564784053156 0.112707182320442 0.07308970099667775
5 0.22154696132596688 0.3500830564784053 0.13812154696132597 0.0755813953488372
