0 0.6581291759465479 0.24848280512474713 0.1358574610244989 0.07484828051247472
0 0.4894209354120267 0.227242076871207 0.11915367483296213 0.07147673634524612
0 0.35634743875278396 0.26298044504383006 0.09576837416481068 0.07552258934592043
0 0.23273942093541203 0.3320971004720162 0.09576837416481068 0.055967633175994604
6 0.17260579064587972 0.2730950775455158 0.12694877505567928 0.0782198246797033
6 0.3257238307349666 0.17161159811193527 0.11247216035634744 0.08698583951449763
6 0.48830734966592426 0.1341874578556979 0.12138084632516703 0.08361429534726905
6 0.6937639198218263 0.16790289952798382 0.10913140311804008 0.07282535401213756
6 0.809576837416481 0.3327714093054619 0.11581291759465479 0.09238031018206339
4 0.60913140311804 0.3260283209710047 0.11581291759465479 0.07889413351314901
4 0.5033407572383073 0.3267026298044504 0.09576837416481068 0.08024275118004046
4 0.39866369710467703 0.35536075522589344 0.10467706013363029 0.07147673634524612
4 0.30456570155902 0.38840188806473364 0.09910913140311804 0.0633850303438975
4 0.75 0.42346594740391097 0.12138084632516703 0.06877950101146325
3 0.6007795100222717 0.40391099123398516 0.11024498886414254 0.10114632501685772
3 0.49721603563474387 0.4055967633175995 0.09020044543429843 0.100472016183412
3 0.4175946547884187 0.41739716790289955 0.08240534521158129 0.09710047201618341
3 0.3374164810690423 0.4423465947403911 0.09576837416481068 0.10249494268374916
2 0.6564587973273942 0.5320296695886716 0.17706013363028952 0.09844908968307485
1 0.4020044543429844 0.6820633850303439 0.10690423162583518 0.09777478084962912
0 0.5217149220489977 0.6908293998651382 0.18819599109131402 0.14497639919082939
