0 0.4694835680751174 0.8074023303632626 0.1674491392801252 0.2165867032213845
1 0.36306729264475746 0.7919808087731324 0.10015649452269171 0.1418779986291981
2 0.5884194053208138 0.6350239890335847 0.17996870109546168 0.12131596984235779
3 0.5485133020344288 0.45750514050719676 0.08763693270735524 0.13913639479095272
3 0.4495305164319249 0.4444825222755312 0.08215962441314555 0.12542837559972586
3 0.3814553990610329 0.476010966415353 0.07433489827856025 0.12268677176148048
3 0.316510172143975 0.5140507196710076 0.08215962441314555 0.12063056888279644
4 0.715962441314554 0.5548320767649075 0.11424100156494522 0.10212474297464016
4 0.5579029733959312 0.3618917066483893 0.09859154929577466 0.11377655928718301
4 0.46361502347417843 0.3564084989718986 0.08998435054773084 0.10692254969156957
4 0.37754303599374023 0.3889650445510624 0.08685446009389672 0.10212474297464016
4 0.289906103286385 0.4424263193968472 0.08215962441314555 0.08841672378341331
6 0.7887323943661972 0.4643591501028102 0.1267605633802817 0.12268677176148048
6 0.6126760563380281 0.15729952021932833 0.11424100156494522 0.11583276216586703
6 0.46087636932707354 0.1017820424948595 0.11424100156494522 0.11172035640849898
6 0.3255086071987481 0.1562714187799863 0.09546165884194054 0.10692254969156957
6 0.17996870109546168 0.29129540781357094 0.10015649452269171 0.09732693625771077
5 0.22496087636932707 0.36908841672378345 0.08528951486697965 0.05825908156271419
5 0.35093896713615025 0.2642220699108979 0.10876369327073553 0.07196710075394105
5 0.4690923317683881 0.23440712816997947 0.1056338028169014 0.08087731322823853
5 0.5950704225352113 0.26113776559287183 0.10406885758998435 0.07402330363262509
