5 0.6593352883675464 0.2750177430801987 0.12609970674486803 0.07877927608232789
5 0.5039100684261975 0.26117814052519517 0.14565004887585534 0.0837473385379702
5 0.3543499511241447 0.28921220723917673 0.14565004887585534 0.0745209368346345
5 0.23216031280547408 0.3633782824698368 0.10654936461388075 0.0624556422995032
6 0.1710654936461388 0.2867281760113556 0.12903225806451613 0.10078069552874379
6 0.32697947214076245 0.18062455642299505 0.12218963831867058 0.10149041873669269
6 0.5058651026392962 0.14584811923349894 0.11632453567937438 0.1029098651525905
6 0.6862170087976539 0.17352732434350604 0.11925708699902249 0.1156848828956707
6 0.8802541544477028 0.4428672817601136 0.1827956989247312 0.134847409510291
4 0.6251221896383187 0.38041163946061035 0.13587487781036167 0.1107168204400284
4 0.4858260019550342 0.3779276082327892 0.12316715542521994 0.10149041873669269
4 0.37487781036168133 0.3985095812633073 0.12609970674486803 0.09865152590489709
4 0.28005865102639294 0.43577004968062455 0.10263929618768329 0.0823278921220724
4 0.772238514173998 0.5301632363378282 0.15640273704789834 0.0965223562810504
3 0.5918866080156403 0.4669978708303762 0.11632453567937438 0.13058907026259758
3 0.4760508308895406 0.46451383960255505 0.09579667644183773 0.11994322214336409
3 0.39100684261974583 0.4751596877217885 0.09970674486803519 0.12278211497515969
3 0.3069403714565005 0.5007097232079489 0.08993157380254155 0.1156848828956707
2 0.6412512218963832 0.6305890702625976 0.19550342130987292 0.1156848828956707
1 0.3729227761485826 0.7991483321504613 0.11632453567937438 0.16323633782824698
0 0.48729227761485827 0.8002129169623847 0.19257086999022482 0.1994322214336409
