0 0.4864406779661017 0.8232944068838353 0.1983050847457627 0.1702519975414874
1 0.35635593220338985 0.8365089121081745 0.1194915254237288 0.1524277811923786
2 0.6411016949152543 0.6733251382913337 0.2194915254237288 0.11616472034419176
3 0.5906779661016949 0.4809465273509526 0.11016949152542373 0.1481253841425937
3 0.4822033898305085 0.48555623847572216 0.09999999999999999 0.1524277811923786
3 0.3961864406779661 0.5129071911493546 0.09745762711864407 0.1481253841425937
3 0.31271186440677967 0.5381069452980947 0.08813559322033898 0.12968653964351567
4 0.7745762711864407 0.552858020897357 0.14745762711864407 0.10264290104486784
4 0.6076271186440678 0.38690842040565454 0.11864406779661017 0.10018438844499077
4 0.48686440677966103 0.38905961893054697 0.09745762711864407 0.1094038106945298
4 0.3944915254237288 0.41763982790411797 0.10084745762711864 0.0977258758451137
4 0.29533898305084744 0.45482483097725873 0.10423728813559321 0.1094038106945298
6 0.8758474576271186 0.4674247080516287 0.16016949152542373 0.12968653964351567
6 0.7033898305084746 0.1702519975414874 0.12203389830508474 0.10448678549477565
6 0.5466101694915254 0.1398279041180086 0.1288135593220339 0.11124769514443761
6 0.40508474576271186 0.16717885679164105 0.10338983050847457 0.10694529809465272
6 0.24364406779661016 0.27289489858635524 0.0940677966101695 0.1094038106945298
5 0.2656779661016949 0.3660110633066994 0.11271186440677966 0.06822372464658881
5 0.39152542372881355 0.28764597418561766 0.10677966101694915 0.0799016594960049
5 0.5182203389830509 0.26121696373693915 0.10932203389830508 0.07744314689612784
5 0.6622881355932203 0.27412415488629377 0.11610169491525424 0.08850645359557467
