5 0.6413767579570688 0.23408018867924527 0.11472982975573649 0.07900943396226415
5 0.5003700962250185 0.21816037735849056 0.09030347890451516 0.07429245283018868
5 0.385640266469282 0.26002358490566035 0.09030347890451516 0.0625
5 0.30421909696521093 0.33490566037735847 0.07846039970392302 0.0625
6 0.26609918578830494 0.2505896226415094 0.11176905995558845 0.10141509433962263
6 0.3689859363434493 0.17128537735849056 0.09400444115470022 0.09139150943396226
6 0.4988897113249445 0.11586084905660377 0.11250925240562545 0.10554245283018868
6 0.6606217616580311 0.14475235849056603 0.09104367135455219 0.09139150943396226
6 0.8327165062916357 0.4068396226415094 0.15099925980754997 0.11084905660377357
4 0.5999259807549963 0.31692216981132076 0.09696521095484825 0.10318396226415094
4 0.49740932642487046 0.3122051886792453 0.0843819393042191 0.09375
4 0.41450777202072536 0.34316037735849053 0.08734270910436713 0.0990566037735849
4 0.3464100666173205 0.38531839622641506 0.07253886010362694 0.07724056603773585
4 0.732420429311621 0.46432783018867924 0.10288675055514433 0.08195754716981132
3 0.5803108808290155 0.3915094339622641 0.09326424870466321 0.11320754716981132
3 0.4944485566247224 0.3915094339622641 0.07846039970392302 0.11320754716981132
3 0.4293116210214656 0.41420990566037735 0.0695780903034789 0.1008254716981132
3 0.36269430051813467 0.4407429245283019 0.07549962990377498 0.10554245283018868
2 0.6265729089563287 0.5389150943396226 0.17542561065877127 0.1061320754716981
1 0.42005921539600294 0.6765919811320754 0.10584752035529237 0.1491745283018868
0 0.5085122131754256 0.6662735849056604 0.15099925980754997 0.16391509433962265
