0 0.5451358457493427 0.6143527833668678 0.13146362839614373 0.12474849094567404
1 0.4526730937773883 0.6210596914822267 0.09202453987730061 0.10596914822266934
2 0.6560035056967572 0.4815560026827632 0.15337423312883436 0.10596914822266934
3 0.577125328659071 0.34339369550637155 0.07449605609114812 0.09792085848423876
3 0.4982471516213848 0.35580147551978536 0.06923751095530237 0.1039570757880617
3 0.436897458369851 0.3765928906773977 0.06923751095530237 0.0892018779342723
3 0.3943908851884312 0.4124748490945674 0.0736196319018405 0.1073105298457411
4 0.7414548641542507 0.3839704896042924 0.11042944785276074 0.07712944332662643
4 0.5797546012269938 0.272635814889336 0.08326029798422437 0.0892018779342723
4 0.4956178790534619 0.278336686787391 0.07449605609114812 0.0818242790073776
4 0.42418930762489043 0.3075117370892019 0.06836108676599474 0.08651911468812877
4 0.357581069237511 0.3501006036217304 0.06836108676599474 0.06572769953051644
6 0.7822085889570553 0.3085177733065057 0.09377738825591586 0.08853118712273642
6 0.6104294478527608 0.11569416498993963 0.08150744960560911 0.08115358819584172
6 0.48247151621384754 0.09959758551307847 0.08150744960560911 0.07578806170355466
6 0.35626643295354954 0.1482226693494299 0.08676599474145487 0.07377598926894702
6 0.25503943908851884 0.23876592890677398 0.07186678352322524 0.07377598926894702
5 0.3093777388255916 0.30482897384305835 0.09640666082383874 0.05835010060362173
5 0.37949167397020156 0.2300469483568075 0.07887817703768624 0.056338028169014086
5 0.48334794040315515 0.18477531857813548 0.08851884312007012 0.06103286384976526
5 0.5946538124452235 0.19416498993963782 0.09377738825591586 0.05700871898054997
