0 0.46606529209621994 0.8669571045576407 0.18814432989690721 0.2084450402144772
1 0.3238831615120275 0.8716487935656837 0.14948453608247422 0.17627345844504022
2 0.6056701030927835 0.6843163538873995 0.20962199312714777 0.13941018766756033
4 0.529639175257732 0.4906166219839142 0.1211340206185567 0.14879356568364613
4 0.41967353951890035 0.49932975871313673 0.1056701030927835 0.13136729222520108
4 0.3333333333333333 0.5154155495978552 0.0859106529209622 0.128686327077748
4 0.24312714776632302 0.5563002680965148 0.08247422680412371 0.1260053619302949
4 0.7298109965635738 0.5888069705093834 0.14690721649484537 0.11193029490616623
4 0.5433848797250859 0.39979892761394104 0.11769759450171821 0.11193029490616623
4 0.42439862542955326 0.4024798927613941 0.12027491408934708 0.11193029490616623
4 0.3290378006872852 0.4262734584450402 0.10824742268041238 0.1193029490616622
4 0.22551546391752578 0.4829088471849866 0.09879725085910653 0.10924932975871314
6 0.836340206185567 0.4855898123324397 0.17439862542955326 0.12935656836461126
6 0.604381443298969 0.17660857908847186 0.11769759450171821 0.13203753351206435
6 0.42439862542955326 0.1343833780160858 0.11512027491408934 0.11193029490616623
6 0.29080756013745707 0.18800268096514747 0.10223367697594501 0.10924932975871314
6 0.11898625429553264 0.31300268096514744 0.11426116838487972 0.10723860589812333
5 0.16666666666666666 0.3937667560321716 0.10824742268041238 0.0596514745308311
5 0.3079896907216495 0.3093163538873995 0.11769759450171821 0.07439678284182306
5 0.4261168384879725 0.27211796246648795 0.12371134020618557 0.08445040214477212
5 0.5738831615120275 0.2992627345844504 0.12027491408934708 0.08914209115281502
