5 0.6045406546990496 0.2653276955602537 0.11510031678986271 0.06976744186046512
5 0.4741288278775079 0.2568710359408034 0.10348468848996831 0.06694855532064835
5 0.37222808870116153 0.2868217054263566 0.10031678986272438 0.06906272022551092
5 0.2518479408658923 0.3886539816772375 0.09609292502639914 0.06694855532064835
6 0.17634635691657866 0.3097251585623679 0.11826821541710664 0.09513742071881608
6 0.34107708553326294 0.17688513037350248 0.09714889123548046 0.09302325581395349
6 0.44878563885955647 0.14728682170542637 0.11826821541710664 0.10007047216349542
6 0.5813093980992607 0.16983791402396053 0.12143611404435058 0.1028893587033122
6 0.8342133051742343 0.3988724453840733 0.1689545934530095 0.13671599718111346
4 0.5987328405491024 0.35517970401691334 0.11826821541710664 0.09584214235377027
4 0.4952481520591341 0.36116983791402396 0.10348468848996831 0.08809020436927414
4 0.4076029567053854 0.3865398167723749 0.08870116156282998 0.08386187455954898
4 0.3199577613516367 0.4376321353065539 0.11826821541710664 0.07892882311486962
4 0.7708553326293558 0.4823819591261452 0.11404435058078141 0.08386187455954898
3 0.6151003167898627 0.42529950669485556 0.10665258711721225 0.09795630725863284
3 0.5095036958817317 0.43269908386187456 0.09609292502639914 0.10711768851303735
3 0.4271383315733896 0.45771670190274844 0.08975712777191129 0.11486962649753348
3 0.3468848996832101 0.481677237491191 0.08553326293558605 0.10077519379844961
2 0.6779303062302006 0.5821000704721635 0.19640971488912354 0.10993657505285413
1 0.4324181626187962 0.7233967582804792 0.15311510031678985 0.13178294573643412
0 0.5454065469904963 0.7233967582804792 0.1932418162618796 0.1839323467230444
