0 0.5457516339869282 0.7544956997654417 0.18020541549953314 0.18764659890539484
1 0.44677871148459386 0.7802971071149335 0.10737628384687209 0.18295543393275995
2 0.661531279178338 0.6305707584050039 0.20261437908496732 0.1352619233776388
3 0.6241830065359477 0.4632525410476935 0.12044817927170869 0.14308053166536355
3 0.5210084033613446 0.45543393275996874 0.08590102707749767 0.1383893666927287
3 0.4495798319327731 0.47263487099296325 0.07563025210084034 0.13995308835027365
3 0.3930905695611578 0.48983580922595776 0.09523809523809525 0.127443315089914
4 0.7908496732026145 0.535965598123534 0.13258636788048553 0.10867865519937452
4 0.6251167133520075 0.364347146207975 0.09803921568627451 0.10320562939796717
4 0.5224089635854342 0.3549648162627052 0.10177404295051354 0.11102423768569195
4 0.4388422035480859 0.3749022673964034 0.10457516339869281 0.10867865519937452
4 0.35480859010270777 0.42103205629397966 0.10084033613445378 0.08991399530883502
6 0.8627450980392157 0.4550430023455825 0.1288515406162465 0.11102423768569195
6 0.6881419234360411 0.15598123534010946 0.12324929971988796 0.12431587177482407
6 0.530812324929972 0.12040656763096169 0.10737628384687209 0.12197028928850664
6 0.3944911297852475 0.14268960125097732 0.09430438842203548 0.10867865519937452
6 0.20868347338935575 0.28068803752931976 0.12418300653594772 0.0985144644253323
5 0.2791783380018674 0.3549648162627052 0.1139122315592904 0.0688037529319781
5 0.4178338001867414 0.26348709929632524 0.10737628384687209 0.0766223612197029
5 0.5443510737628385 0.24237685691946834 0.1139122315592904 0.0875684128225176
5 0.65406162464986 0.26974198592650506 0.11111111111111112 0.0797498045347928
