5 0.6229508196721312 0.3081140350877193 0.10414657666345227 0.06798245614035087
5 0.5057859209257474 0.30080409356725146 0.10318225650916105 0.06944444444444445
5 0.39440694310511093 0.3399122807017544 0.09257473481195758 0.06578947368421052
5 0.26036644165863065 0.4141081871345029 0.07907425265188042 0.0577485380116959
6 0.21118611378977822 0.33040935672514615 0.11186113789778207 0.10087719298245613
6 0.3741562198649952 0.22551169590643275 0.11186113789778207 0.11769005847953215
6 0.4980713596914176 0.18859649122807015 0.09739633558341369 0.09649122807017543
6 0.6205400192864031 0.22039473684210525 0.10896817743490839 0.09429824561403508
6 0.8341369334619094 0.44773391812865493 0.15429122468659595 0.12792397660818713
4 0.6027000964320155 0.41191520467836257 0.10607521697203472 0.09868421052631579
4 0.5033751205400193 0.4141081871345029 0.09836065573770492 0.1074561403508772
4 0.41224686595949855 0.4367690058479532 0.09546769527483125 0.09429824561403508
4 0.3201542912246866 0.4747807017543859 0.10607521697203472 0.09722222222222221
4 0.7454194792671167 0.5332602339181286 0.10607521697203472 0.09722222222222221
3 0.5959498553519769 0.4926900584795321 0.10028929604628738 0.11988304093567251
3 0.5033751205400193 0.49744152046783624 0.08678881388621022 0.11769005847953215
3 0.4165863066538091 0.5098684210526315 0.08100289296046288 0.10891812865497075
3 0.35390549662487947 0.5445906432748537 0.08100289296046288 0.10526315789473684
2 0.6407907425265188 0.6505847953216374 0.14946962391513982 0.1154970760233918
1 0.3948891031822565 0.8095760233918128 0.10896817743490839 0.11915204678362573
0 0.5033751205400193 0.8099415204678362 0.171648987463838 0.14473684210526316
