0 0.46911764705882353 0.7855263157894736 0.20294117647058824 0.17763157894736842
1 0.3352941176470588 0.7976973684210527 0.10588235294117647 0.14144736842105263
2 0.638235294117647 0.6368421052631579 0.22156862745098038 0.13421052631578947
3 0.580392156862745 0.4588815789473684 0.11568627450980393 0.12171052631578948
3 0.4573529411764706 0.46249999999999997 0.10882352941176471 0.14342105263157895
3 0.36813725490196075 0.4796052631578947 0.08333333333333333 0.11973684210526316
3 0.28088235294117647 0.5213815789473684 0.10490196078431373 0.1388157894736842
4 0.7588235294117647 0.5151315789473684 0.17058823529411765 0.1118421052631579
4 0.5897058823529412 0.38355263157894737 0.1303921568627451 0.10263157894736842
4 0.4696078431372549 0.3700657894736842 0.1196078431372549 0.0993421052631579
4 0.36813725490196075 0.3980263157894737 0.12058823529411765 0.09736842105263158
4 0.2607843137254902 0.43486842105263157 0.12352941176470589 0.09736842105263158
6 0.8524509803921568 0.42236842105263156 0.18137254901960784 0.1368421052631579
6 0.6387254901960784 0.18026315789473685 0.1303921568627451 0.09999999999999999
6 0.4549019607843137 0.1411184210526316 0.1196078431372549 0.10986842105263157
6 0.30637254901960786 0.18125 0.12058823529411765 0.10197368421052631
6 0.17205882352941176 0.27401315789473685 0.11274509803921569 0.0875
5 0.22647058823529412 0.3480263157894737 0.13529411764705881 0.060526315789473685
5 0.3318627450980392 0.2799342105263158 0.1264705882352941 0.0756578947368421
5 0.478921568627451 0.25164473684210525 0.13823529411764707 0.07302631578947369
5 0.6200980392156863 0.27499999999999997 0.13823529411764707 0.08026315789473684
