0 0.5341219290263877 0.7669632925472747 0.17470427661510465 0.13459399332591768
1 0.42629663330300277 0.7669632925472747 0.10282074613284804 0.10789766407119021
2 0.664695177434031 0.6326473859844272 0.1592356687898089 0.10400444938820912
3 0.6037306642402184 0.4874860956618465 0.10464058234758872 0.11401557285873193
3 0.5040946314831666 0.4938820912124583 0.10009099181073704 0.09788654060066741
3 0.4153776160145587 0.5161290322580645 0.08644222020018198 0.0967741935483871
3 0.34576888080072793 0.5453281423804227 0.09099181073703368 0.092880978865406
4 0.7443130118289354 0.5172413793103449 0.12192902638762512 0.08120133481646273
4 0.6141947224749773 0.4140711902113459 0.1237488626023658 0.08843159065628477
4 0.5077343039126478 0.42380422691879865 0.10737033666969974 0.08120133481646273
4 0.4099181073703367 0.44883203559510565 0.1191992720655141 0.07563959955506118
4 0.3221110100090992 0.4860956618464961 0.10555050045495906 0.08565072302558398
6 0.7993630573248408 0.42269187986651835 0.11373976342129209 0.09010011123470522
6 0.6787989080982711 0.23915461624026696 0.11464968152866242 0.08565072302558398
6 0.5345768880800729 0.22385984427141267 0.11191992720655142 0.07842046718576196
6 0.40946314831665154 0.25862068965517243 0.11464968152866242 0.07563959955506118
6 0.2484076433121019 0.342880978865406 0.09827115559599636 0.08843159065628477
5 0.4199272065514104 0.349833147942158 0.11010009099181074 0.058954393770856504
5 0.5122838944494995 0.3192436040044494 0.09827115559599636 0.05116796440489433
5 0.6478616924476798 0.3225806451612903 0.1164695177434031 0.05561735261401557
5 0.27797998180163785 0.4140711902113459 0.09554140127388536 0.04949944382647386
