5 0.6076696165191741 0.304798962386511 0.1337266470009833 0.08819714656290531
5 0.4646017699115044 0.28826199740596625 0.14060963618485744 0.08625162127107652
5 0.3279252704031465 0.3411154345006485 0.12684365781710916 0.08560311284046693
5 0.20108161258603738 0.4033722438391699 0.11701081612586038 0.07911802853437094
6 0.16470009832841692 0.3154993514915694 0.13667649950835792 0.10570687418936446
6 0.31268436578171094 0.20525291828793774 0.1160275319567355 0.11478599221789883
6 0.47345132743362833 0.16342412451361868 0.1209439528023599 0.10505836575875487
6 0.6194690265486726 0.19293125810635536 0.10619469026548674 0.10570687418936446
6 0.8662733529990168 0.4597924773022049 0.17699115044247787 0.12062256809338522
4 0.24778761061946905 0.480544747081712 0.11406096361848575 0.09727626459143969
4 0.33824975417895775 0.44520103761348895 0.11996066863323501 0.09662775616083008
4 0.44936086529006886 0.4169909208819714 0.14355948869223206 0.10116731517509728
4 0.5860373647984268 0.4189364461738002 0.12979351032448377 0.0920881971465629
4 0.7546705998033432 0.5684176394293126 0.13667649950835792 0.09273670557717249
3 0.5663716814159292 0.5012970168612192 0.14355948869223206 0.12970168612191957
3 0.44149459193706986 0.5090791180285343 0.11996066863323501 0.1232166018158236
3 0.34955752212389385 0.5288586251621271 0.09734513274336284 0.11867704280155641
3 0.26941986234021637 0.5528534370946822 0.11012782694198624 0.11867704280155641
2 0.6479842674532941 0.6679636835278858 0.22615535889872174 0.12970168612191957
1 0.34906588003933137 0.8719195849546044 0.1632251720747296 0.14980544747081712
0 0.48475909537856443 0.8518158236057068 0.224188790560472 0.19779507133592736
