0 0.5351851851851852 0.8194832402234637 0.1851851851851852 0.18505586592178772
1 0.4166666666666667 0.8320530726256984 0.11666666666666667 0.16550279329608938
2 0.6759259259259259 0.6487430167597765 0.19074074074074074 0.12011173184357542
3 0.6148148148148148 0.4748603351955307 0.13148148148148148 0.13128491620111732
3 0.5069444444444444 0.47346368715083803 0.09722222222222222 0.13128491620111732
3 0.4185185185185185 0.49476256983240224 0.0962962962962963 0.10963687150837989
3 0.33564814814814814 0.5237430167597765 0.09166666666666667 0.111731843575419
4 0.7814814814814816 0.5412011173184358 0.12222222222222223 0.09916201117318436
4 0.625925925925926 0.38303072625698326 0.12222222222222223 0.10963687150837989
4 0.5083333333333333 0.3819832402234637 0.10555555555555556 0.11592178770949721
4 0.4 0.4175977653631285 0.10555555555555556 0.09217877094972067
4 0.30972222222222223 0.4626396648044693 0.11388888888888889 0.09287709497206705
6 0.8532407407407407 0.43889664804469275 0.15092592592592594 0.1138268156424581
6 0.6847222222222222 0.1833100558659218 0.1175925925925926 0.10125698324022346
6 0.5291666666666667 0.13687150837988826 0.10833333333333334 0.111731843575419
6 0.3055555555555556 0.1920391061452514 0.11666666666666667 0.09636871508379889
6 0.15925925925925927 0.30481843575418993 0.13148148148148148 0.10265363128491621
5 0.2388888888888889 0.38756983240223464 0.11481481481481481 0.07122905027932962
5 0.35000000000000003 0.30481843575418993 0.13148148148148148 0.07751396648044694
5 0.5166666666666667 0.2639664804469274 0.1277777777777778 0.08659217877094973
5 0.6592592592592593 0.28526536312849166 0.11666666666666667 0.08589385474860335
