5 0.5953757225433526 0.29575504523312457 0.12716763005780346 0.08211551844119694
5 0.46965317919075145 0.2807933194154489 0.12042389210019268 0.08002783576896312
5 0.3473025048169557 0.3399443284620738 0.12427745664739884 0.08002783576896312
5 0.21965317919075145 0.42379958246346555 0.09826589595375722 0.06819763395963814
6 0.2085741811175337 0.326026443980515 0.11464354527938343 0.10368823938761308
6 0.33622350674373797 0.2372999304105776 0.10789980732177264 0.11551844119693808
6 0.45327552986512526 0.1781489213639527 0.11464354527938343 0.11551844119693808
6 0.5992292870905588 0.20180932498260265 0.11753371868978806 0.10160055671537926
6 0.7634874759152216 0.40118302018093255 0.14739884393063585 0.14126652748782187
4 0.5828516377649325 0.39422407794015313 0.11753371868978806 0.10368823938761308
4 0.46483622350674375 0.4050104384133612 0.12427745664739884 0.10160055671537926
4 0.36849710982658956 0.4366736256089075 0.11464354527938343 0.10786360473208073
4 0.2658959537572254 0.4839944328462074 0.09826589595375722 0.08977035490605428
4 0.7230250481695568 0.5045233124565066 0.11078998073217726 0.09881697981906751
3 0.29335260115606937 0.5570633263743912 0.0953757225433526 0.1370911621433542
3 0.3786127167630058 0.5250521920668059 0.09441233140655106 0.13430758524704245
3 0.4633911368015414 0.4899095337508699 0.12138728323699421 0.13917884481558804
3 0.5741811175337187 0.47668754349338904 0.11368015414258188 0.13221990257480865
2 0.6498073217726397 0.6450939457202506 0.17630057803468208 0.12526096033402923
1 0.4026974951830443 0.8295059151009047 0.11753371868978806 0.15309672929714685
0 0.5105973025048169 0.8180236604036187 0.18304431599229287 0.19137091162143355
