0 0.45075757575757575 0.8050314465408805 0.1634199134199134 0.15723270440251574
1 0.3484848484848485 0.816430817610063 0.10606060606060606 0.1360062893081761
2 0.5952380952380952 0.6446540880503145 0.19913419913419914 0.11163522012578617
3 0.5070346320346321 0.49056603773584906 0.10930735930735931 0.13522012578616352
3 0.4090909090909091 0.49056603773584906 0.09740259740259741 0.11635220125786164
3 0.33116883116883117 0.5051100628930818 0.09307359307359307 0.11084905660377359
3 0.2624458874458874 0.547562893081761 0.10930735930735931 0.12342767295597484
4 0.7229437229437229 0.5326257861635221 0.1341991341991342 0.10141509433962265
4 0.5238095238095238 0.4001572327044025 0.11255411255411256 0.09433962264150944
4 0.4161255411255411 0.4013364779874214 0.08982683982683982 0.10141509433962265
4 0.32954545454545453 0.4241352201257862 0.09632034632034632 0.10455974842767296
4 0.2343073593073593 0.4748427672955975 0.10064935064935066 0.0849056603773585
6 0.8436147186147186 0.4650157232704403 0.1829004329004329 0.10141509433962265
6 0.5773809523809523 0.20007861635220126 0.12012987012987013 0.0919811320754717
6 0.4491341991341991 0.16863207547169812 0.1038961038961039 0.09669811320754718
6 0.3241341991341991 0.2028301886792453 0.10064935064935066 0.1069182389937107
6 0.15638528138528138 0.31053459119496857 0.09632034632034632 0.09905660377358491
5 0.19264069264069264 0.3915094339622642 0.11688311688311688 0.07232704402515723
5 0.3208874458874459 0.31407232704402516 0.10064935064935066 0.07311320754716981
5 0.44047619047619047 0.294811320754717 0.10606060606060606 0.07232704402515723
5 0.5606060606060606 0.29952830188679247 0.11255411255411256 0.07704402515723272
