5 0.6470019342359767 0.28220663265306123 0.10831721470019343 0.07334183673469387
5 0.49129593810444877 0.2745535714285714 0.11798839458413926 0.06696428571428571
5 0.3849129593810445 0.31600765306122447 0.1411992263056093 0.06696428571428571
5 0.261605415860735 0.3893494897959183 0.10541586073500968 0.05803571428571428
6 0.22582205029013538 0.3083545918367347 0.13056092843326886 0.0860969387755102
6 0.3568665377176016 0.20790816326530612 0.10444874274661509 0.09693877551020408
6 0.4941972920696325 0.17091836734693877 0.11798839458413926 0.1058673469387755
6 0.6537717601547389 0.19100765306122447 0.15087040618955513 0.09502551020408162
6 0.789651837524178 0.3781887755102041 0.11508704061895551 0.11479591836734693
4 0.6189555125725339 0.3807397959183673 0.11798839458413926 0.09311224489795918
4 0.5125725338491296 0.38169642857142855 0.1218568665377176 0.09502551020408162
4 0.4158607350096712 0.41422193877551017 0.09090909090909091 0.0860969387755102
4 0.31576402321083175 0.4595025510204081 0.10154738878143134 0.0822704081632653
4 0.7553191489361702 0.478954081632653 0.1276595744680851 0.08673469387755102
3 0.35203094777562866 0.5194515306122448 0.10831721470019343 0.10778061224489795
3 0.425531914893617 0.48405612244897955 0.09477756286266925 0.1058673469387755
3 0.5043520309477756 0.4693877551020408 0.10154738878143134 0.11479591836734693
3 0.6160541586073501 0.4585459183673469 0.10444874274661509 0.11862244897959183
2 0.6779497098646035 0.5998086734693877 0.16054158607350097 0.11670918367346937
1 0.4274661508704062 0.7484056122448979 0.11411992263056094 0.12308673469387754
0 0.5401353965183753 0.7605229591836734 0.2059961315280464 0.15752551020408162
