0 0.5589383294301327 0.6632334581772784 0.1358313817330211 0.15543071161048688
1 0.46291959406713507 0.6707240948813983 0.08118657298985169 0.15043695380774033
2 0.6670569867291178 0.5187265917602997 0.16159250585480095 0.12484394506866417
3 0.6350507416081187 0.3817103620474407 0.08352849336455893 0.11298377028714107
3 0.5511319281811085 0.384207240948814 0.078064012490242 0.11797752808988764
3 0.4847775175644028 0.39325842696629215 0.06088992974238876 0.09488139825218476
3 0.4180327868852459 0.416354556803995 0.07259953161592506 0.10861423220973783
4 0.7599531615925058 0.41697877652933835 0.11007025761124122 0.09238451935081149
4 0.646760343481655 0.3030586766541823 0.0897736143637783 0.10424469413233459
4 0.5554254488680718 0.3052434456928839 0.09289617486338798 0.10861423220973783
4 0.4715066354410617 0.3249063670411985 0.10460577673692428 0.11548064918851436
4 0.3875878220140515 0.3620474406991261 0.10382513661202186 0.09737827715355805
6 0.8489461358313818 0.34019975031210986 0.14754098360655737 0.1136079900124844
6 0.709992193598751 0.12047440699126093 0.10694769711163153 0.10362047440699126
6 0.5542544886807181 0.09269662921348315 0.1014832162373146 0.09925093632958802
6 0.4168618266978923 0.13670411985018727 0.09836065573770492 0.10362047440699126
6 0.2810304449648712 0.22690387016229713 0.09836065573770492 0.07677902621722847
5 0.3372365339578454 0.29868913857677903 0.08899297423887588 0.07178526841448189
5 0.44301327088212333 0.23626716604244694 0.08665105386416862 0.05805243445692884
5 0.5495706479313036 0.2050561797752809 0.09211553473848556 0.06928838951310862
5 0.6857923497267759 0.2128589263420724 0.10382513661202186 0.07615480649188515
