5 0.6471647164716471 0.2972871137905049 0.09720972097209721 0.0746043707611153
5 0.545004500450045 0.2513187641296157 0.09450945094509451 0.0746043707611153
5 0.43969396939693967 0.27807083647324793 0.09090909090909091 0.07686510926902788
5 0.3204320432043204 0.3421250941974378 0.0918091809180918 0.07686510926902788
6 0.3037803780378038 0.2385079125847777 0.1071107110711071 0.10022607385079126
6 0.4306930693069307 0.1450640542577242 0.1035103510351035 0.12283345892991711
6 0.5391539153915391 0.12207987942727958 0.0882088208820882 0.10700828937452901
6 0.6791179117911791 0.2015825169555388 0.1251125112511251 0.10173323285606632
6 0.8487848784878488 0.47852298417483047 0.1404140414041404 0.12509419743782968
4 0.6273627362736274 0.41446872645064053 0.10081008100810081 0.11002260738507913
4 0.5387038703870387 0.39035418236623964 0.09450945094509451 0.10700828937452901
4 0.4486948694869487 0.4084400904295403 0.0855085508550855 0.10248681235870384
4 0.3573357335733573 0.4325546345139412 0.0738073807380738 0.09495101733232857
4 0.7398739873987399 0.5704596834966089 0.10081008100810081 0.08440090429540317
3 0.6084608460846085 0.4947249434815373 0.0738073807380738 0.11981914091936699
3 0.5270027002700269 0.4811605124340618 0.09450945094509451 0.12735493594574226
3 0.44554455445544555 0.49510173323285606 0.07920792079207921 0.12207987942727958
3 0.3631863186318632 0.5030143180105501 0.0729072907290729 0.10173323285606632
2 0.6129612961296129 0.672569706103994 0.15841584158415842 0.11529766390354182
1 0.3816381638163816 0.819517709118312 0.1224122412241224 0.14845516201959308
0 0.47884788478847884 0.8116051243406179 0.1494149414941494 0.15071590052750566
