0 0.5141093474426808 0.7696301103179753 0.1728395061728395 0.1752109020116807
1 0.40476190476190477 0.7527579493835171 0.1111111111111111 0.14146658014276442
2 0.6441798941798942 0.6236210253082414 0.18606701940035272 0.13238157040882542
3 0.6062610229276896 0.4578195976638546 0.09788359788359788 0.11615833874107721
3 0.5101410934744268 0.45749513303049966 0.0837742504409171 0.11421155094094743
3 0.43827160493827155 0.472420506164828 0.07054673721340388 0.0973393900064893
3 0.37213403880070545 0.5003244646333549 0.08465608465608465 0.11161583387410771
4 0.787037037037037 0.5564568462037638 0.12257495590828923 0.08371187540558078
6 0.8849206349206349 0.4841012329656067 0.11904761904761904 0.10772225827384814
6 0.6975308641975309 0.2024659312134977 0.11992945326278659 0.10382868267358858
6 0.560405643738977 0.16028552887735237 0.11904761904761904 0.11550940947436729
6 0.43121693121693117 0.19759896171317326 0.1111111111111111 0.10966904607397793
6 0.2517636684303351 0.29591174561972744 0.0890652557319224 0.10382868267358858
5 0.2848324514991182 0.381570408825438 0.10052910052910052 0.06619078520441271
5 0.423721340388007 0.30207657365347174 0.11904761904761904 0.09149902660609993
5 0.5524691358024691 0.2806619078520441 0.09259259259259259 0.07203114860480207
5 0.6829805996472663 0.29688513951979234 0.10317460317460317 0.07592472420506165
4 0.6221340388007054 0.38449059052563267 0.09788359788359788 0.09409474367293964
4 0.5189594356261023 0.37800129785853337 0.09259259259259259 0.09149902660609993
4 0.4378306878306878 0.4059052563270603 0.09435626102292768 0.09928617780661907
4 0.33597883597883593 0.44094743672939646 0.09523809523809523 0.07592472420506165
