4 0.5472166998011928 0.36976911976911975 0.12226640159045725 0.10173160173160173
4 0.42942345924453273 0.3870851370851371 0.11332007952286281 0.09884559884559885
4 0.33300198807157055 0.4235209235209235 0.09940357852882703 0.09379509379509379
4 0.24701789264413515 0.48593073593073594 0.09642147117296222 0.0772005772005772
5 0.1754473161033797 0.41125541125541126 0.10636182902584491 0.05627705627705628
5 0.2842942345924453 0.3217893217893218 0.12524850894632206 0.06926406926406926
5 0.40904572564612324 0.262987012987013 0.12425447316103379 0.05844155844155844
5 0.5641153081510933 0.25865800865800864 0.10636182902584491 0.06421356421356421
6 0.8364811133200795 0.4231601731601732 0.16202783300198806 0.11183261183261184
6 0.5765407554671967 0.16522366522366522 0.12922465208747513 0.1038961038961039
6 0.36133200795228626 0.15476190476190477 0.110337972166998 0.09307359307359307
6 0.22962226640159045 0.227994227994228 0.09940357852882703 0.07792207792207792
6 0.11630218687872762 0.34704184704184704 0.12127236580516898 0.08802308802308802
4 0.7564612326043737 0.5010822510822511 0.15109343936381708 0.10461760461760462
3 0.5432405566600397 0.45670995670995673 0.11431411530815108 0.1414141414141414
3 0.4329025844930417 0.46356421356421357 0.10636182902584491 0.1176046176046176
3 0.36133200795228626 0.49386724386724384 0.10238568588469184 0.10461760461760462
3 0.2823061630218688 0.5313852813852814 0.09940357852882703 0.09884559884559885
2 0.6456262425447316 0.6103896103896104 0.20974155069582504 0.12554112554112554
1 0.3762425447316103 0.7651515151515151 0.1401590457256461 0.13347763347763347
0 0.5029821073558648 0.7582972582972582 0.1868787276341948 0.1443001443001443
