0 0.49107142857142855 0.8254397834912044 0.21953781512605042 0.1935047361299053
1 0.3644957983193277 0.8237483085250339 0.13865546218487396 0.15358592692828146
2 0.6418067226890756 0.6502029769959405 0.20588235294117646 0.15020297699594048
3 0.5703781512605042 0.5010148849797024 0.11974789915966386 0.14817320703653586
3 0.4506302521008403 0.5010148849797024 0.10084033613445378 0.12922868741542626
3 0.3744747899159664 0.5209742895805143 0.09978991596638655 0.12043301759133966
3 0.28361344537815125 0.5669824086603519 0.10084033613445378 0.13261163734776726
4 0.7373949579831932 0.5284167794316644 0.13865546218487396 0.08930987821380244
4 0.5892857142857143 0.4130581867388363 0.13865546218487396 0.10757780784844385
4 0.4574579831932773 0.4225304465493911 0.11449579831932773 0.10757780784844385
4 0.35766806722689076 0.4455345060893099 0.11449579831932773 0.10487144790257105
4 0.25735294117647056 0.5027063599458729 0.10504201680672269 0.08930987821380244
6 0.7967436974789915 0.4242219215155616 0.14390756302521007 0.10419485791610285
6 0.6465336134453781 0.2043301759133965 0.1376050420168067 0.12584573748308525
6 0.4506302521008403 0.1671177266576455 0.11974789915966386 0.10148849797023005
6 0.2909663865546218 0.21650879566982412 0.12394957983193276 0.10825439783491206
6 0.14758403361344538 0.33660351826792967 0.125 0.09539918809201625
5 0.19800420168067226 0.4211772665764547 0.1292016806722689 0.07374830852503383
5 0.31460084033613445 0.33491204330175917 0.11449579831932773 0.07442489851150204
5 0.4506302521008403 0.2946549391069012 0.12815126050420167 0.07374830852503383
5 0.6134453781512604 0.30581867388362655 0.13865546218487396 0.08930987821380244
