5 0.6451781970649896 0.3010752688172043 0.13941299790356396 0.08602150537634409
5 0.4973794549266248 0.2787427626137304 0.11635220125786164 0.0827129859387924
5 0.3731656184486373 0.3027295285359802 0.10062893081761007 0.076095947063689
5 0.24528301886792453 0.3825475599669148 0.0859538784067086 0.07030603804797353
6 0.20020964360587004 0.3105872622001654 0.09643605870020965 0.09842845326716294
6 0.3789308176100629 0.20306038047973532 0.12054507337526206 0.11000827129859388
6 0.5146750524109015 0.1695616211745244 0.11320754716981132 0.09760132340777503
6 0.6567085953878407 0.21712158808933002 0.12473794549266248 0.08850289495450786
6 0.8411949685534592 0.52191894127378 0.16666666666666669 0.12241521918941274
4 0.5969601677148847 0.3904052936311001 0.11635220125786164 0.1141439205955335
4 0.48794549266247383 0.3858560794044665 0.09748427672955975 0.09511993382961124
4 0.3925576519916143 0.4160463192721257 0.09329140461215933 0.08933002481389578
4 0.2950733752620545 0.45161290322580644 0.09329140461215933 0.08602150537634409
4 0.7342767295597484 0.5893300248138957 0.11635220125786164 0.09842845326716294
3 0.32651991614255765 0.5186104218362283 0.0849056603773585 0.12241521918941274
3 0.3946540880503145 0.4867659222497932 0.07442348008385745 0.11993382961124896
3 0.4706498951781971 0.46980976013234077 0.07756813417190776 0.12903225806451613
3 0.5812368972746331 0.4652605459057072 0.08909853249475891 0.10173697270471464
2 0.59958071278826 0.6464019851116626 0.1949685534591195 0.1348221670802316
1 0.3805031446540881 0.7961124896608768 0.1320754716981132 0.16294458229942102
0 0.4790356394129979 0.7779156327543424 0.15094339622641512 0.17783291976840365
