0 0.49774266365688485 0.8781048758049678 0.1783295711060948 0.16467341306347746
1 0.36568848758465006 0.9139834406623735 0.14221218961625282 0.14627414903403863
2 0.6382618510158014 0.7286108555657773 0.19525959367945822 0.14351425942962281
3 0.5812641083521444 0.5064397424103035 0.11512415349887133 0.13707451701931922
3 0.46670428893905186 0.5009199632014719 0.09367945823927765 0.14259429622815087
3 0.37584650112866813 0.5280588776448942 0.0948081264108352 0.12143514259429623
3 0.2934537246049661 0.5694572217111316 0.1038374717832957 0.13247470101195952
4 0.7911963882618509 0.6080956761729531 0.14446952595936793 0.11775528978840846
4 0.6134311512415349 0.40570377184912604 0.13205417607223474 0.1343146274149034
4 0.4717832957110609 0.39742410303587855 0.11060948081264108 0.12327506899724011
4 0.3623024830699774 0.4319227230910764 0.12866817155756208 0.12603495860165592
4 0.25282167042889386 0.4898804047838086 0.11060948081264108 0.10947562097516099
6 0.9029345372460496 0.5188592456301748 0.15801354401805867 0.1343146274149034
6 0.6743792325056432 0.15869365225390986 0.118510158013544 0.12419503219871204
6 0.5073363431151241 0.11775528978840846 0.1275395033860045 0.12327506899724011
6 0.31884875846501126 0.16007359705611776 0.12076749435665914 0.13247470101195952
6 0.12302483069977425 0.29622815087396503 0.1218961625282167 0.11223551057957681
5 0.1839729119638826 0.39098436062557496 0.1218961625282167 0.0827966881324747
5 0.332392776523702 0.29760809567617297 0.1343115124153499 0.09291628334866606
5 0.5039503386004515 0.2562097516099356 0.11399548532731377 0.0984360625574977
5 0.6563205417607223 0.281048758049678 0.118510158013544 0.09291628334866606
