5 0.6148706896551724 0.31952054794520546 0.10043103448275861 0.07054794520547945
5 0.49418103448275863 0.31027397260273976 0.08922413793103448 0.07534246575342465
5 0.3935344827586207 0.3410958904109589 0.08879310344827586 0.0547945205479452
5 0.3101293103448276 0.4291095890410959 0.08922413793103448 0.06643835616438357
6 0.2685344827586207 0.3446917808219178 0.09741379310344828 0.09349315068493151
6 0.39935344827586206 0.23167808219178082 0.08922413793103448 0.10034246575342466
6 0.505603448275862 0.19623287671232878 0.08879310344827586 0.10273972602739725
6 0.6290948275862069 0.22825342465753426 0.10646551724137931 0.09349315068493151
6 0.8004310344827587 0.4565068493150685 0.11810344827586207 0.12123287671232877
4 0.5846982758620689 0.4291095890410959 0.09181034482758621 0.08013698630136987
4 0.48275862068965514 0.4315068493150685 0.07758620689655173 0.07534246575342465
4 0.4107758620689655 0.4553082191780822 0.07155172413793104 0.08664383561643836
4 0.3288793103448276 0.4988013698630137 0.08017241379310344 0.07773972602739726
4 0.7140086206896552 0.5534246575342466 0.10646551724137931 0.08904109589041095
3 0.571551724137931 0.4976027397260274 0.09482758620689655 0.0958904109589041
3 0.4870689655172414 0.5113013698630137 0.08620689655172414 0.11164383561643836
3 0.4122844827586207 0.5284246575342466 0.08060344827586206 0.0910958904109589
3 0.35474137931034483 0.5592465753424658 0.075 0.09383561643835617
2 0.6234913793103448 0.6756849315068493 0.1521551724137931 0.12534246575342467
1 0.4079741379310345 0.8378424657534247 0.10646551724137931 0.12089041095890411
0 0.49698275862068964 0.8273972602739726 0.16120689655172413 0.1506849315068493
