0 0.5341365461847389 0.765814266487214 0.2008032128514056 0.1695827725437416
1 0.4041164658634538 0.7823014804845222 0.14156626506024095 0.1500672947510094
2 0.6430722891566264 0.5969044414535666 0.16767068273092367 0.13997308209959625
3 0.5843373493975903 0.44313593539703905 0.10843373493975902 0.12449528936742935
3 0.47640562248995977 0.44818304172274565 0.107429718875502 0.12920592193808883
3 0.394578313253012 0.48216689098250337 0.1144578313253012 0.1271870794078062
3 0.32379518072289154 0.5181695827725438 0.107429718875502 0.11440107671601615
3 0.7464859437751004 0.47947510094212653 0.13755020080321284 0.09219380888290714
3 0.5983935742971886 0.3532974427994616 0.14457831325301204 0.11709286675639301
3 0.4693775100401606 0.3633916554508748 0.11546184738955823 0.09959623149394348
3 0.3724899598393574 0.39703903095558546 0.10843373493975902 0.10228802153432032
3 0.2756024096385542 0.44818304172274565 0.107429718875502 0.0847913862718708
6 0.7986947791164658 0.3731493943472409 0.15963855421686746 0.12180349932705249
6 0.6385542168674698 0.1806864064602961 0.14457831325301204 0.10565275908479138
6 0.4774096385542168 0.1379542395693136 0.13353413654618473 0.12516823687752354
6 0.31777108433734935 0.186742934051144 0.11947791164658633 0.11238223418573351
6 0.15261044176706826 0.2971063257065949 0.12248995983935741 0.1016150740242261
5 0.21987951807228914 0.3771870794078062 0.13052208835341364 0.06258411843876177
5 0.34989959839357426 0.30148048452220727 0.12349397590361445 0.06460296096904442
5 0.47891566265060237 0.2560565275908479 0.1004016064257028 0.07200538358008075
5 0.623995983935743 0.26379542395693134 0.12951807228915663 0.07267833109017496
