5 0.6113402061855671 0.2668428005284016 0.12989690721649486 0.08586525759577279
5 0.46134020618556704 0.2790620871862616 0.12268041237113403 0.0904887714663144
5 0.35515463917525775 0.3342140026420079 0.11443298969072165 0.06869220607661823
5 0.2639175257731959 0.4134742404227213 0.12164948453608247 0.08058124174372523
6 0.19484536082474227 0.33256274768824307 0.15257731958762888 0.09577278731836196
6 0.32628865979381444 0.21631439894319685 0.11855670103092784 0.12219286657859973
6 0.43917525773195876 0.15984147952443858 0.10721649484536083 0.0977542932628798
6 0.6123711340206186 0.16578599735799207 0.10309278350515465 0.10039630118890357
6 0.8020618556701031 0.34346103038309117 0.13814432989690723 0.12681638044914134
4 0.6113402061855671 0.37681638044914134 0.12989690721649486 0.0904887714663144
4 0.4912371134020619 0.3920079260237781 0.11855670103092784 0.0904887714663144
4 0.40154639175257734 0.4332892998678996 0.11443298969072165 0.10039630118890357
4 0.31752577319587627 0.4871202113606341 0.10721649484536083 0.08124174372523117
4 0.7639175257731959 0.464002642007926 0.12164948453608247 0.09313077939233817
2 0.7010309278350516 0.5921400264200792 0.18762886597938144 0.12483487450462351
1 0.43402061855670104 0.76221928665786 0.15670103092783505 0.14663143989431968
0 0.5608247422680412 0.7635402906208719 0.18350515463917527 0.16380449141347425
