0 0.5275 0.7953191489361702 0.195 0.19829787234042554
1 0.41375 0.7940425531914893 0.13 0.1702127659574468
2 0.689375 0.5731914893617022 0.20875 0.1574468085106383
3 0.5806250000000001 0.4297872340425532 0.13375 0.14808510638297873
3 0.47625 0.4327659574468085 0.1075 0.14212765957446807
3 0.405 0.46127659574468083 0.0925 0.12936170212765957
3 0.3375 0.5008510638297873 0.0975 0.13191489361702127
4 0.7731250000000001 0.4442553191489362 0.14375000000000002 0.09872340425531914
4 0.594375 0.32893617021276594 0.11625 0.12
4 0.480625 0.34936170212765955 0.11625 0.13191489361702127
4 0.379375 0.38085106382978723 0.11625 0.11319148936170213
4 0.30312500000000003 0.43617021276595747 0.11125 0.09787234042553192
5 0.6175 0.2246808510638298 0.1575 0.08851063829787234
5 0.448125 0.21872340425531914 0.14375000000000002 0.09702127659574468
5 0.328125 0.2817021276595745 0.13375 0.0851063829787234
5 0.235625 0.3680851063829787 0.09625 0.07574468085106383
6 0.16125 0.2927659574468085 0.135 0.1072340425531915
6 0.27 0.15914893617021275 0.135 0.11404255319148936
6 0.420625 0.09914893617021277 0.15375 0.11659574468085106
6 0.656875 0.1302127659574468 0.13375 0.10382978723404256
6 0.8718750000000001 0.34936170212765955 0.14875 0.12
