5 0.6002444987775061 0.3396761133603239 0.11735941320293398 0.07692307692307691
5 0.46882640586797064 0.31336032388663965 0.11613691931540342 0.07935222672064778
5 0.33496332518337407 0.3534412955465587 0.11246943765281174 0.08016194331983806
5 0.21515892420537897 0.4417004048582996 0.10513447432762836 0.07206477732793522
6 0.1882640586797066 0.3582995951417004 0.1271393643031785 0.09959514170040486
6 0.3184596577017115 0.240080971659919 0.10146699266503667 0.10283400809716599
6 0.45904645476772615 0.1951417004048583 0.12836185819070906 0.1068825910931174
6 0.6045232273838631 0.240080971659919 0.10880195599022005 0.10283400809716599
6 0.7713936430317848 0.4502024291497976 0.1271393643031785 0.12955465587044535
4 0.5855745721271394 0.44534412955465585 0.13202933985330073 0.11983805668016194
4 0.4669926650366748 0.4331983805668016 0.11246943765281174 0.11012145748987853
4 0.3600244498777506 0.45910931174089065 0.10880195599022005 0.09716599190283401
4 0.2658924205378973 0.5080971659919028 0.10146699266503667 0.09473684210526315
4 0.7347188264058679 0.5566801619433198 0.13202933985330073 0.09473684210526315
3 0.30317848410757947 0.5765182186234817 0.09290953545232274 0.11659919028340081
3 0.3746943765281174 0.5404858299595141 0.08679706601466992 0.10931174089068825
3 0.45965770171149145 0.5255060728744939 0.09046454767726161 0.11983805668016194
3 0.5709046454767727 0.5299595141700405 0.10268948655256724 0.10931174089068825
2 0.6259168704156479 0.6927125506072874 0.1687041564792176 0.12226720647773279
1 0.36552567237163813 0.8668016194331983 0.11246943765281174 0.14493927125506073
0 0.5006112469437652 0.8692307692307691 0.2041564792176039 0.17894736842105263
