0 0.494807121661721 0.8073689416419386 0.10534124629080119 0.15084075173095943
1 0.4218595450049456 0.8140454995054401 0.08110781404549951 0.1414441147378833
2 0.5773986152324431 0.6946092977250247 0.1280909990108803 0.119188921859545
3 0.3993570722057369 0.5892680514342236 0.06775469831849654 0.119188921859545
3 0.4463402571711177 0.5657764589515332 0.05390702274975272 0.10781404549950543
3 0.5042037586547972 0.552917903066271 0.05390702274975272 0.10583580613254204
3 0.56973293768546 0.5516815034619189 0.06330365974282888 0.10336300692383778
4 0.6612265084075173 0.6130069238377843 0.0791295746785361 0.07665677546983185
4 0.3847675568743818 0.5128585558852621 0.05637982195845697 0.07418397626112759
4 0.44708209693372897 0.4970326409495549 0.05637982195845697 0.07418397626112759
4 0.5128585558852621 0.4824431256181998 0.06033630069238378 0.07171117705242334
4 0.582591493570722 0.4915924826904055 0.06528189910979228 0.0722057368941642
6 0.7096933728981206 0.5318991097922848 0.09000989119683481 0.10336300692383778
6 0.6444114737883284 0.33753709198813053 0.06726013847675569 0.08358061325420375
6 0.548219584569733 0.2880811078140455 0.06973293768545993 0.09643916913946587
6 0.43348170128585556 0.3076162215628091 0.06478733926805143 0.09198813056379822
6 0.33976261127596435 0.379080118694362 0.06923837784371908 0.08951533135509396
5 0.35311572700296734 0.45573689416419383 0.0830860534124629 0.05390702274975272
5 0.43743818001978235 0.3993570722057369 0.07171117705242334 0.06775469831849654
5 0.5262116716122651 0.38130563798219586 0.06528189910979228 0.06330365974282888
5 0.6206726013847675 0.41271018793273984 0.07418397626112759 0.07665677546983185
