5 0.5044074436826641 0.25619557937039517 0.15279138099902057 0.09176155391828533
5 0.35210577864838394 0.2551908908238446 0.11655239960822723 0.08439383791024782
5 0.2198824681684623 0.3134628265237776 0.12047012732615084 0.072337575351641
5 0.13124387855044076 0.4028801071667783 0.11557296767874634 0.056932350971198926
6 0.05729676787463271 0.3158070997990623 0.10088148873653281 0.09176155391828533
6 0.1694417238001959 0.20060281312793032 0.11949069539666994 0.09979906229068988
6 0.3447600391772772 0.13864701942397856 0.12340842311459355 0.10448760884125921
6 0.534769833496572 0.14835900870730073 0.11753183153770813 0.10381781647689216
6 0.7850146914789422 0.41125251172136634 0.15572967678746327 0.11654387139986604
4 0.4862879529872674 0.36704621567314133 0.13026444662095985 0.09912926992632283
4 0.3614103819784525 0.3868050904219692 0.10577864838393732 0.09444072337575352
4 0.2595494613124388 0.42129939718687204 0.0979431929480901 0.08975217682518419
4 0.1762977473065622 0.4735432016075017 0.10577864838393732 0.08975217682518419
4 0.7061704211557297 0.5130609511051574 0.14103819784524976 0.07903549899531145
3 0.21939275220372184 0.5368385800401875 0.10577864838393732 0.10381781647689216
3 0.2835455435847209 0.4919624916275954 0.0871694417238002 0.10649698593436034
3 0.3633692458374143 0.4735432016075017 0.0940254652301665 0.12458137977227059
3 0.47306562193927526 0.4547890154052244 0.0979431929480901 0.13127930341594105
2 0.5719882468168462 0.6272605492297387 0.17042115572967678 0.12926992632283993
1 0.3379040156709109 0.7973878097789685 0.12340842311459355 0.14132618888144674
0 0.4505386875612145 0.7796383121232418 0.19196865817825662 0.16342933690555927
