0 0.5145631067961165 0.8308080808080808 0.1588702559576346 0.18253968253968253
1 0.4090909090909091 0.8412698412698413 0.13327449249779347 0.1616161616161616
2 0.6279788172992057 0.6551226551226551 0.16857899382171226 0.13275613275613277
3 0.5834068843777582 0.4935064935064935 0.10061782877316858 0.15007215007215008
3 0.499558693733451 0.4906204906204906 0.09002647837599294 0.13852813852813853
3 0.4311562224183584 0.5245310245310245 0.06796116504854369 0.12987012987012986
3 0.3680494263018535 0.5407647907647908 0.07237422771403354 0.12626262626262627
4 0.7418358340688438 0.5472582972582972 0.10856134157105031 0.10028860028860029
4 0.3389232127096205 0.4686147186147186 0.09355692850838482 0.08874458874458875
4 0.41747572815533984 0.44047619047619047 0.09355692850838482 0.09163059163059163
4 0.49646954986760816 0.40115440115440115 0.09267431597528686 0.09668109668109669
4 0.5997352162400706 0.4007936507936508 0.11209179170344219 0.10606060606060606
6 0.8058252427184466 0.4509379509379509 0.11120917917034422 0.11832611832611832
6 0.6562224183583407 0.20238095238095238 0.10150044130626655 0.10894660894660894
6 0.5048543689320388 0.16378066378066378 0.0794351279788173 0.09668109668109669
6 0.34554280670785525 0.21897546897546896 0.11562224183583407 0.11471861471861472
6 0.21270962047661077 0.31998556998557 0.10061782877316858 0.08585858585858586
5 0.2669902912621359 0.40440115440115443 0.09973521624007062 0.08297258297258298
5 0.3786407766990291 0.33766233766233766 0.11473962930273611 0.0735930735930736
5 0.5030891438658429 0.27994227994227994 0.0970873786407767 0.08225108225108226
5 0.6257722859664607 0.3008658008658009 0.10414827890556046 0.08802308802308802
