5 0.6730392156862745 0.27263906856403625 0.13431372549019607 0.09120310478654593
5 0.5004901960784314 0.25355756791720574 0.1303921568627451 0.0905562742561449
5 0.3588235294117647 0.2965717981888745 0.11568627450980393 0.08602846054333765
5 0.20833333333333334 0.38292367399741273 0.14215686274509803 0.08667529107373868
6 0.1627450980392157 0.27522639068564037 0.12352941176470589 0.10025873221216042
6 0.3593137254901961 0.175614489003881 0.1303921568627451 0.10284605433376456
6 0.5024509803921569 0.12419146183699872 0.1264705882352941 0.10090556274256146
6 0.6950980392156862 0.1626778783958603 0.1196078431372549 0.10025873221216042
6 0.8818627450980392 0.3758085381630013 0.14607843137254903 0.12419146183699872
4 0.6274509803921569 0.3745148771021993 0.14509803921568626 0.10737386804657181
4 0.48970588235294116 0.38163001293661064 0.1303921568627451 0.09831824062095731
4 0.39166666666666666 0.4107373868046572 0.10882352941176471 0.09831824062095731
4 0.28627450980392155 0.45957309184993533 0.11568627450980393 0.09120310478654593
4 0.8019607843137255 0.4847994825355757 0.13137254901960785 0.10284605433376456
3 0.6039215686274509 0.46345407503234154 0.12352941176470589 0.13906856403622253
3 0.48970588235294116 0.4679818887451488 0.13431372549019607 0.13906856403622253
3 0.39852941176470585 0.4873868046571799 0.10882352941176471 0.1222509702457956
3 0.30833333333333335 0.5206985769728332 0.11666666666666667 0.11254851228978009
2 0.7039215686274509 0.6238680465717983 0.19607843137254902 0.15071151358344115
1 0.3862745098039216 0.8095084087968952 0.1411764705882353 0.15847347994825356
0 0.5279411764705882 0.8069210866752912 0.23627450980392156 0.16752910737386806
