0 0.5158259149357072 0.7007912957467853 0.0820969337289812 0.11869436201780414
1 0.4542532146389713 0.7007912957467853 0.05489614243323442 0.10781404549950543
2 0.5771513353115727 0.574431256181998 0.0771513353115727 0.08259149357072205
3 0.5321463897131553 0.4856577645895153 0.04945598417408506 0.08803165182987141
3 0.4856577645895153 0.4992581602373887 0.04747774480712166 0.08259149357072205
3 0.4525222551928783 0.5111275964391692 0.036597428288822946 0.08061325420375866
3 0.42235410484668645 0.5405539070227497 0.04945598417408506 0.06923837784371908
4 0.6164688427299703 0.49604352126607315 0.05687438180019782 0.06231454005934718
4 0.5323936696340257 0.4216122650840752 0.04599406528189911 0.07665677546983185
4 0.48194856577645895 0.43545994065281896 0.04797230464886251 0.06775469831849654
4 0.4416419386745796 0.45351137487636 0.043521266073194856 0.06429277942631058
4 0.4013353115727003 0.49208704253214636 0.04797230464886251 0.06033630069238378
6 0.6419386745796241 0.4317507418397626 0.07517309594460929 0.0840751730959446
6 0.5506923837784372 0.3088526211671612 0.06379821958456973 0.07171117705242334
6 0.4727992087042532 0.2950049455984174 0.040553907022749754 0.06577645895153314
6 0.40677546983184965 0.32888229475766567 0.044015825914935705 0.0712166172106825
6 0.3555885262116716 0.4013353115727003 0.051434223541048464 0.05489614243323442
5 0.3793273986152324 0.44980217606330364 0.04747774480712166 0.0420375865479723
5 0.42111770524233433 0.39317507418397624 0.04797230464886251 0.04549950544015826
5 0.47650840751730955 0.3630069238377844 0.04797230464886251 0.04747774480712166
5 0.5422848664688427 0.367457962413452 0.05885262116716122 0.04945598417408506
