0 0.499496475327291 0.7452180566182096 0.14904330312185296 0.1729150726855394
1 0.4003021148036254 0.7448355011476664 0.11581067472306143 0.14460596786534047
2 0.6369587109768379 0.5646518745218057 0.16414904330312186 0.1530221882172915
3 0.5966767371601208 0.4296097934200459 0.11581067472306143 0.13542463657230297
3 0.4904330312185297 0.43955623565416985 0.0866062437059416 0.13389441469013005
3 0.41540785498489424 0.45791889824024484 0.08157099697885196 0.12471308339709257
3 0.3464249748237664 0.4934965570007651 0.0866062437059416 0.11629686304514154
4 0.7411883182275931 0.4567712318286151 0.11883182275931521 0.11017597551644988
4 0.6002014098690835 0.3404743687834736 0.10070493454179255 0.09946442234123948
4 0.4914400805639476 0.3515684774292272 0.10070493454179255 0.10482019892884469
4 0.40231621349446123 0.37987758224942614 0.09969788519637462 0.10482019892884469
4 0.3217522658610272 0.4311400153022188 0.08962739174219536 0.08798775822494262
6 0.8121852970795569 0.3607498087222647 0.15609264853977844 0.11859219586840092
6 0.6339375629405841 0.14154552410099464 0.11178247734138973 0.11629686304514154
6 0.48439073514602216 0.11859219586840092 0.1309164149043303 0.11935730680948738
6 0.37059415911379656 0.16258607498087221 0.1148036253776435 0.1078806426931905
6 0.24773413897280966 0.2674062739097169 0.10876132930513595 0.10175975516449885
5 0.2809667673716012 0.35462892119357303 0.10473313192346426 0.08186687069625095
5 0.3816717019133938 0.2823259372609028 0.09667673716012085 0.07957153787299158
5 0.47935548841893255 0.23641928079571536 0.10876132930513595 0.07957153787299158
5 0.6299093655589124 0.24560061208875286 0.11581067472306143 0.07957153787299158
