5 0.592797783933518 0.2582592121982211 0.10526315789473684 0.07052096569250318
5 0.48337950138504154 0.25921219822109276 0.09695290858725761 0.08386277001270648
5 0.3753462603878116 0.2963786531130877 0.09141274238227147 0.07179161372299873
5 0.2673130193905817 0.363722998729352 0.09695290858725761 0.0590851334180432
6 0.20729455216989842 0.295425667090216 0.10803324099722991 0.08640406607369759
6 0.3467220683287165 0.1909148665819568 0.11911357340720222 0.10355781448538755
6 0.48060941828254844 0.14961880559085133 0.10803324099722991 0.10355781448538755
6 0.5854108956602031 0.16264294790343076 0.09602954755309326 0.10165184243964423
6 0.8120960295475531 0.37801778907242695 0.13388734995383195 0.0940279542566709
4 0.5872576177285318 0.35006353240152477 0.10526315789473684 0.0940279542566709
4 0.4843028624192059 0.36213468869123255 0.09695290858725761 0.08767471410419314
4 0.40350877192982454 0.391994917407878 0.0904893813481071 0.08386277001270648
4 0.32409972299168976 0.4253494282083863 0.0904893813481071 0.0806861499364676
4 0.7446906740535549 0.46346886912325286 0.11357340720221606 0.0781448538754765
3 0.5766389658356417 0.42344345616264295 0.10803324099722991 0.10355781448538755
3 0.4903047091412742 0.4339263024142313 0.09418282548476455 0.10546378653113088
3 0.4196675900277008 0.45362134688691236 0.07663896583564174 0.09021601016518425
3 0.34856879039704525 0.48094027954256674 0.08771929824561403 0.09783989834815757
2 0.6620498614958449 0.571156289707751 0.16251154201292706 0.0940279542566709
1 0.41920590951061865 0.7147395171537484 0.11080332409972299 0.12325285895806862
0 0.525854108956602 0.707433290978399 0.15974145891043398 0.14040660736975857
