0 0.49710312862108924 0.9089635854341737 0.20625724217844726 0.17273576097105509
1 0.3522595596755504 0.9187675070028012 0.14831981460023175 0.1549953314659197
2 0.6599073001158748 0.7044817927170869 0.19119351100811124 0.1596638655462185
3 0.5648899188876014 0.503734827264239 0.13789107763615296 0.161531279178338
3 0.4501738122827346 0.5135387488328665 0.11703360370799536 0.1661998132586368
3 0.3447276940903824 0.5452847805788983 0.10544611819235226 0.1549953314659197
3 0.26593279258400926 0.5985060690943044 0.11471610660486674 0.13632119514472457
4 0.7555040556199305 0.5569561157796452 0.12514484356894554 0.11297852474323063
4 0.5921205098493627 0.4024276377217554 0.13673232908458866 0.1400560224089636
4 0.45654692931633833 0.396358543417367 0.12282734646581692 0.14285714285714288
4 0.33371958285052145 0.4393090569561158 0.12282734646581692 0.13165266106442577
4 0.22479721900347624 0.5051353874883286 0.0996523754345307 0.11951447245564893
6 0.7954808806488992 0.4285714285714286 0.1425260718424102 0.1568627450980392
6 0.6523754345307068 0.1465919701213819 0.12514484356894554 0.1400560224089636
6 0.47682502896871376 0.10504201680672269 0.11703360370799536 0.12605042016806722
6 0.3047508690614137 0.1661998132586368 0.10660486674391657 0.1288515406162465
6 0.1257242178447277 0.3197945845004669 0.12630359212050984 0.12418300653594772
5 0.15469293163383546 0.4243697478991597 0.1425260718424102 0.08683473389355743
5 0.30590961761297797 0.3057889822595705 0.15990730011587484 0.09430438842203548
5 0.4779837775202781 0.24463118580765641 0.13093858632676708 0.11017740429505136
5 0.6320973348783314 0.2735760971055089 0.12630359212050984 0.09897292250233428
