5 0.6963087248322147 0.24205202312138727 0.13982102908277405 0.08092485549132948
5 0.529082774049217 0.2052023121387283 0.12527964205816555 0.08092485549132948
5 0.3931767337807606 0.23843930635838148 0.1174496644295302 0.07369942196531791
5 0.2488814317673378 0.3070809248554913 0.13982102908277405 0.08092485549132948
6 0.24664429530201343 0.20447976878612717 0.12192393736017897 0.11271676300578035
6 0.3965324384787472 0.11127167630057803 0.13310961968680088 0.11271676300578035
6 0.5425055928411633 0.09176300578034681 0.1297539149888143 0.11271676300578035
6 0.720917225950783 0.1430635838150289 0.11297539149888143 0.09826589595375722
6 0.8422818791946308 0.3768063583815029 0.15212527964205816 0.12933526011560692
4 0.6448545861297539 0.342485549132948 0.12863534675615212 0.10982658959537572
4 0.5027964205816555 0.3251445086705202 0.1174496644295302 0.10549132947976878
4 0.3870246085011186 0.34754335260115604 0.12080536912751677 0.10982658959537572
4 0.28467561521252793 0.3840317919075144 0.12192393736017897 0.10043352601156069
4 0.7734899328859061 0.4736271676300578 0.1599552572706935 0.10043352601156069
3 0.6208053691275167 0.4270231213872832 0.12527964205816555 0.12283236994219653
3 0.49328859060402686 0.4208815028901734 0.10514541387024608 0.12933526011560692
3 0.38534675615212527 0.43822254335260113 0.11073825503355704 0.1148843930635838
3 0.29642058165548096 0.4624277456647399 0.09843400447427293 0.10982658959537572
2 0.6549217002237137 0.5914017341040462 0.1935123042505593 0.11777456647398843
1 0.37024608501118567 0.7677023121387283 0.16331096196868009 0.171242774566474
0 0.49161073825503354 0.7416907514450867 0.21588366890380312 0.18858381502890173
