5 0.5676056338028169 0.2964788732394366 0.09483568075117371 0.06901408450704226
5 0.4704225352112676 0.28450704225352114 0.0863849765258216 0.06901408450704226
5 0.3892018779342723 0.32711267605633804 0.07042253521126761 0.05985915492957747
5 0.3131455399061033 0.3950704225352113 0.07605633802816901 0.04788732394366198
6 0.3051643192488263 0.3190140845070423 0.092018779342723 0.08591549295774649
6 0.39436619718309857 0.21514084507042255 0.06948356807511737 0.10774647887323945
6 0.4737089201877934 0.17816901408450705 0.08544600938967135 0.1
6 0.5849765258215962 0.19366197183098594 0.0863849765258216 0.10704225352112677
6 0.7854460093896714 0.4450704225352113 0.1267605633802817 0.13661971830985917
4 0.5530516431924882 0.3940140845070423 0.092018779342723 0.08380281690140845
4 0.4657276995305164 0.4 0.06948356807511737 0.08591549295774649
4 0.39906103286384975 0.4359154929577465 0.06948356807511737 0.08169014084507042
4 0.33192488262910796 0.47042253521126765 0.057276995305164315 0.07887323943661972
4 0.7107981220657277 0.5320422535211268 0.11455399061032863 0.08380281690140845
3 0.5516431924882629 0.4644366197183099 0.09483568075117371 0.10492957746478873
3 0.4624413145539906 0.48098591549295777 0.07605633802816901 0.10985915492957747
3 0.40187793427230045 0.5102112676056338 0.06384976525821597 0.10492957746478873
3 0.3483568075117371 0.5362676056338028 0.06384976525821597 0.10070422535211268
2 0.6056338028169014 0.6316901408450705 0.14647887323943662 0.10563380281690142
1 0.4070422535211268 0.7890845070422535 0.11173708920187793 0.1288732394366197
0 0.5004694835680751 0.7739436619718311 0.14647887323943662 0.14084507042253522
