5 0.6588170865279299 0.22943889315910837 0.11500547645125958 0.08378170637970792
5 0.5098576122672508 0.21137586471944658 0.1303395399780942 0.0830130668716372
5 0.3559693318729463 0.25672559569561876 0.11829134720700986 0.07532667179093006
5 0.24260679079956188 0.3389700230591852 0.11500547645125958 0.0722521137586472
6 0.1927710843373494 0.24250576479631053 0.13362541073384446 0.1037663335895465
6 0.32639649507119384 0.14642582628747117 0.14457831325301204 0.12221368178324366
6 0.5098576122672508 0.10069177555726365 0.13691128148959475 0.10146041506533436
6 0.6790799561883899 0.13297463489623368 0.12267250821467689 0.10453497309761722
6 0.836801752464403 0.37086856264411994 0.13362541073384446 0.13604919292851653
4 0.6177437020810514 0.32897770945426597 0.11829134720700986 0.10146041506533436
4 0.4895947426067908 0.32744043043812454 0.1117196056955093 0.10146041506533436
4 0.3838992332968236 0.36241352805534205 0.11500547645125958 0.09915449654112221
4 0.30065717415115006 0.41199077632590314 0.104052573932092 0.09377401998462721
4 0.7617743702081051 0.46617986164488856 0.12595837897042717 0.08378170637970792
3 0.6122672508214677 0.4200614911606457 0.1117196056955093 0.14066102997694083
3 0.4972617743702081 0.4131437355880092 0.0963855421686747 0.12221368178324366
3 0.4079956188389923 0.43658724058416604 0.0887185104052574 0.12298232129131437
3 0.32968236582694416 0.46810146041506534 0.08105147864184009 0.10146041506533436
2 0.6588170865279299 0.5930053804765565 0.1741511500547645 0.13297463489623368
1 0.39156626506024095 0.749423520368947 0.11500547645125958 0.15833973866256726
0 0.5065717415115005 0.7363566487317448 0.1741511500547645 0.18447348193697155
