5 0.6845286059629331 0.30683810637054354 0.11361804995970991 0.08533021624780829
5 0.5189363416599516 0.2831677381648159 0.112812248186946 0.08240794856808883
5 0.38839645447219984 0.3147282291057861 0.112812248186946 0.08240794856808883
5 0.28807413376309426 0.38924605493863235 0.12167606768734891 0.07247223845704266
6 0.233682514101531 0.30713033313851545 0.11764705882352941 0.09175920514319111
6 0.37107171635777597 0.21215663354763295 0.12167606768734891 0.11689070718877849
6 0.5233682514101531 0.17884278199883108 0.11361804995970991 0.1075394506136762
6 0.7022562449637388 0.2074810052600818 0.13940370668815472 0.11338398597311514
6 0.8468976631748589 0.4547048509643483 0.1434327155519742 0.11104617182933955
4 0.6257050765511684 0.39684395090590296 0.1087832393231265 0.1075394506136762
4 0.5233682514101531 0.3939216832261835 0.11361804995970991 0.09468147282291058
4 0.4170024174053183 0.4205143191116306 0.1087832393231265 0.09175920514319111
4 0.32514101531023365 0.4552893045002922 0.10072522159548751 0.10403272939801285
4 0.7727639000805802 0.5552308591466978 0.11764705882352941 0.09117475160724722
3 0.6160354552780016 0.4818819403857393 0.1087832393231265 0.11396843950905902
3 0.5169218372280419 0.4774985388661601 0.08299758259468171 0.12273524254821741
3 0.43190975020145045 0.4918176504967855 0.08702659145850121 0.11981297486849794
3 0.3577759871071716 0.5201636469900642 0.10475423045930701 0.12039742840444184
2 0.6563255439161966 0.6496201052016364 0.19580983078162773 0.11396843950905902
1 0.39282836422240125 0.7980713033313851 0.12167606768734891 0.15137346580946814
0 0.5169218372280419 0.8030391583869082 0.19580983078162773 0.19871420222092342
