0 0.4795285359801489 0.7780337941628265 0.184863523573201 0.16897081413210446
0 0.33064516129032256 0.7741935483870968 0.1228287841191067 0.14592933947772657
2 0.6290322580645161 0.620583717357911 0.18858560794044665 0.12442396313364056
3 0.5893300248138957 0.47465437788018433 0.13399503722084366 0.13517665130568357
3 0.4627791563275434 0.47081413210445466 0.10173697270471464 0.1228878648233487
3 0.3771712158808933 0.4942396313364055 0.1141439205955335 0.12211981566820276
3 0.2803970223325062 0.5257296466973886 0.11662531017369727 0.11443932411674347
4 0.7679900744416873 0.521889400921659 0.1315136476426799 0.08832565284178187
4 0.6060794044665012 0.39400921658986177 0.12531017369727046 0.09370199692780339
4 0.47518610421836227 0.3847926267281106 0.10918114143920596 0.0967741935483871
4 0.3728287841191067 0.4151305683563748 0.11290322580645161 0.09907834101382489
4 0.25682382133995035 0.4554531490015361 0.10918114143920596 0.07526881720430108
6 0.8728287841191067 0.4500768049155146 0.14764267990074442 0.1228878648233487
6 0.6439205955334988 0.20506912442396313 0.11662531017369727 0.10138248847926268
6 0.48821339950372206 0.1674347158218126 0.11786600496277916 0.10906298003072197
6 0.3554590570719603 0.19854070660522274 0.1054590570719603 0.09907834101382489
6 0.21464019851116625 0.3052995391705069 0.10918114143920596 0.09907834101382489
5 0.24627791563275434 0.38517665130568357 0.11290322580645161 0.065284178187404
5 0.3598014888337469 0.30952380952380953 0.12158808933002481 0.06451612903225806
5 0.49069478908188585 0.27956989247311825 0.13027295285359802 0.06758832565284179
5 0.6352357320099256 0.3014592933947773 0.12655086848635236 0.08064516129032258
