5 0.6776889534883721 0.24309978768577495 0.13444767441860464 0.09023354564755838
5 0.5232558139534884 0.22584925690021232 0.1308139534883721 0.09819532908704882
5 0.37609011627906974 0.29485138004246286 0.14171511627906977 0.09819532908704882
5 0.24709302325581395 0.3771231422505308 0.11627906976744186 0.07696390658174097
6 0.1726017441860465 0.28158174097664546 0.14171511627906977 0.1035031847133758
6 0.33430232558139533 0.15286624203821655 0.1380813953488372 0.12738853503184713
6 0.5305232558139534 0.09182590233545647 0.1380813953488372 0.12208067940552017
6 0.6776889534883721 0.1316348195329087 0.11991279069767442 0.10615711252653928
6 0.8739098837209303 0.3771231422505308 0.15625 0.13004246284501061
4 0.6540697674418604 0.35589171974522293 0.15261627906976744 0.10881104033970276
4 0.5105377906976745 0.3479299363057325 0.12718023255813954 0.11411889596602973
4 0.4015261627906977 0.39570063694267515 0.11991279069767442 0.10881104033970276
4 0.3015988372093023 0.45143312101910826 0.11627906976744186 0.09819532908704882
4 0.8066860465116279 0.4978768577494692 0.12354651162790697 0.10615711252653928
3 0.6322674418604651 0.458067940552017 0.11627906976744186 0.13800424628450106
3 0.5159883720930233 0.4607218683651805 0.12354651162790697 0.14861995753715498
3 0.4215116279069767 0.48328025477707004 0.10901162790697674 0.11942675159235669
3 0.3379360465116279 0.5230891719745223 0.10174418604651163 0.09819532908704882
2 0.7085755813953488 0.6292462845010616 0.21075581395348836 0.13535031847133758
1 0.45421511627906974 0.81104033970276 0.1308139534883721 0.1592356687898089
0 0.5868459302325582 0.8190021231422505 0.22892441860465115 0.2070063694267516
