0 0.5304475421863537 0.7438968217411331 0.2054292002934703 0.18424689083371718
1 0.4112252384446075 0.7459695992630124 0.13573000733675716 0.16812528788576694
2 0.6856199559794571 0.5734684477199448 0.15774027879677183 0.1243666513127591
3 0.6111518708730741 0.4269921695071396 0.15407190022010273 0.12897282358360204
3 0.4882611885546589 0.43390142791340397 0.12105649303008072 0.1243666513127591
3 0.3947175348495965 0.4557807461999079 0.10271460014673515 0.10363887609396592
3 0.33418928833455613 0.49723629663749425 0.11371973587674249 0.1174573929064947
4 0.7920029347028614 0.44219253800092123 0.1504035216434336 0.09212344541685859
4 0.6184886280264124 0.33947489636112393 0.13939838591342626 0.11515430677107324
4 0.4735876742479824 0.3486872409028098 0.12839325018341893 0.10594196222938738
4 0.3653705062362436 0.3763242745278674 0.11005135730007337 0.10594196222938738
4 0.28099779897285404 0.43044679871027175 0.11005135730007337 0.09442653155228006
6 0.8936170212765958 0.347535697835099 0.16140865737344096 0.10363887609396592
6 0.6625091709464417 0.13334868724090282 0.12472487160674982 0.10363887609396592
6 0.45341159207630227 0.09995393827729157 0.13206162876008803 0.10133578995854445
6 0.247982391782832 0.16328880700138185 0.12472487160674982 0.11285122063565177
6 0.11041819515774029 0.2853523721787195 0.10638297872340426 0.08982035928143713
5 0.19662509170946443 0.35444495624136346 0.11005135730007337 0.06218332565637955
5 0.30117388114453414 0.2715338553661907 0.12839325018341893 0.08060801473975127
5 0.4570799706529714 0.22777521879318288 0.12472487160674982 0.07600184246890834
5 0.6441672780630961 0.2289267618608936 0.15407190022010273 0.0783049286043298
