5 0.6505204163330665 0.24271844660194175 0.10808646917534026 0.0854368932038835
5 0.5284227381905524 0.21488673139158576 0.09607686148919134 0.07766990291262137
5 0.4239391513210568 0.24563106796116504 0.07445956765412329 0.07572815533980583
5 0.32666132906325057 0.31521035598705505 0.07205764611689351 0.0634304207119741
6 0.30944755804643714 0.23559870550161813 0.09047237790232185 0.08802588996763754
6 0.4275420336269015 0.13624595469255663 0.08166533226581264 0.08737864077669903
6 0.5288230584467574 0.10032362459546926 0.07606084867894315 0.08802588996763754
6 0.6505204163330665 0.14207119741100324 0.08406725380304243 0.08737864077669903
6 0.8206565252201761 0.3650485436893204 0.11849479583666933 0.11521035598705502
4 0.6148919135308246 0.3294498381877023 0.09607686148919134 0.09579288025889968
4 0.522417934347478 0.3233009708737864 0.08406725380304243 0.08737864077669903
4 0.44395516413130504 0.34498381877022655 0.07125700560448359 0.07766990291262137
4 0.3674939951961569 0.38284789644012945 0.07365892714171336 0.07184466019417476
4 0.7526020816653323 0.4576051779935275 0.09607686148919134 0.06990291262135923
3 0.6004803843074459 0.4132686084142395 0.08326661329063251 0.09773462783171522
3 0.5176140912730184 0.4 0.06965572457966372 0.0854368932038835
3 0.4411529223378703 0.41715210355987054 0.0544435548438751 0.07961165048543689
3 0.37710168134507605 0.43980582524271844 0.06405124099279423 0.07313915857605179
2 0.6457165732586069 0.5553398058252427 0.12249799839871897 0.0970873786407767
1 0.44235388310648516 0.7275080906148867 0.11609287429943954 0.13980582524271845
0 0.5324259407526021 0.6996763754045308 0.14731785428342672 0.13980582524271845
