5 0.5872193436960276 0.2525198938992042 0.1157167530224525 0.07533156498673739
5 0.46027633851468047 0.2416445623342175 0.10880829015544041 0.08010610079575596
5 0.31951640759930916 0.27745358090185673 0.10189982728842832 0.07320954907161803
5 0.1593264248704663 0.3618037135278514 0.11312607944732296 0.06896551724137931
6 0.1118307426597582 0.27639257294429703 0.1234887737478411 0.08912466843501325
6 0.3229706390328152 0.16710875331564984 0.10189982728842832 0.1039787798408488
6 0.4693436960276338 0.1183023872679045 0.11312607944732296 0.0976127320954907
6 0.6088082901554404 0.15305039787798408 0.09499136442141623 0.08435013262599468
6 0.8402417962003453 0.37135278514588854 0.15198618307426598 0.0976127320954907
4 0.5764248704663212 0.35411140583554374 0.1303972366148532 0.08010610079575596
4 0.44084628670120896 0.3522546419098143 0.13385146804835923 0.0976127320954907
4 0.3354922279792746 0.3846153846153846 0.12003454231433505 0.08488063660477453
4 0.2137305699481865 0.43448275862068964 0.1303972366148532 0.07108753315649867
4 0.7413644214162348 0.46180371352785143 0.1303972366148532 0.08010610079575596
3 0.5686528497409327 0.436604774535809 0.1234887737478411 0.11034482758620688
3 0.4395509499136442 0.43448275862068964 0.10189982728842832 0.10610079575596816
3 0.34067357512953367 0.4549071618037135 0.10276338514680483 0.09496021220159151
3 0.2469775474956822 0.49283819628647213 0.10535405872193436 0.09336870026525199
2 0.6338514680483592 0.576392572944297 0.20379965457685664 0.09708222811671087
1 0.3354922279792746 0.7482758620689655 0.12694300518134716 0.1363395225464191
0 0.4550949913644214 0.7461538461538461 0.19689119170984454 0.1713527851458886
