0 0.5092592592592593 0.8929242329367564 0.198005698005698 0.15028177833437695
1 0.3703703703703704 0.876017532874139 0.11396011396011396 0.13525360050093926
2 0.6588319088319089 0.6972448340638697 0.16524216524216526 0.15341264871634314
3 0.582977207977208 0.5097056981840952 0.11324786324786325 0.171571696931747
3 0.474002849002849 0.5043832185347527 0.1047008547008547 0.1659361302442079
3 0.3928062678062678 0.5388227927363807 0.08760683760683761 0.14840325610519725
3 0.32015669515669515 0.5851596743894802 0.099002849002849 0.1458985597996243
4 0.775997150997151 0.5425798371947401 0.1160968660968661 0.09956167814652472
4 0.5950854700854701 0.3944896681277395 0.10754985754985756 0.11020663744520977
4 0.4725783475783476 0.38697557921102066 0.10754985754985756 0.11521603005635567
4 0.3682336182336183 0.4314339386349405 0.09544159544159544 0.1327489041953663
4 0.28454415954415957 0.4940513462742642 0.1103988603988604 0.1277395115842204
6 0.8885327635327636 0.43425172197871004 0.15455840455840456 0.13337507827175954
6 0.6834045584045585 0.1530995616781465 0.099002849002849 0.11709455228553538
6 0.474002849002849 0.1058234189104571 0.1047008547008547 0.13525360050093926
6 0.27243589743589747 0.15716969317470256 0.09615384615384616 0.12523481527864747
6 0.15420227920227922 0.31152160300563553 0.1047008547008547 0.11208515967438948
5 0.21545584045584046 0.4085785848465873 0.1217948717948718 0.07201001878522229
5 0.323005698005698 0.2921102066374452 0.1160968660968661 0.09455228553537882
5 0.46260683760683763 0.24389480275516592 0.1103988603988604 0.08954289292423294
5 0.6282051282051282 0.2654978083907326 0.1225071225071225 0.09142141515341265
