5 0.6006168080185043 0.1864795918367347 0.1156515034695451 0.08112244897959184
5 0.4306090979182729 0.19362244897959185 0.13338473400154202 0.07193877551020408
5 0.3080185042405551 0.2362244897959184 0.1117964533538936 0.07857142857142858
5 0.1854279105628373 0.3336734693877551 0.08404009252120277 0.06938775510204082
6 0.11025443330763299 0.24566326530612248 0.1156515034695451 0.08826530612244898
6 0.29221279876638395 0.1181122448979592 0.09406322282189668 0.11581632653061226
6 0.43215111796453354 0.07525510204081633 0.10871241326137239 0.09948979591836736
6 0.6006168080185043 0.08571428571428572 0.14340786430223593 0.09285714285714286
6 0.8901310717039321 0.3303571428571429 0.16114109483423283 0.11377551020408164
4 0.24325366229760986 0.40204081632653066 0.10871241326137239 0.08571428571428572
4 0.3380878951426368 0.3477040816326531 0.10871241326137239 0.07908163265306123
4 0.44140323824209715 0.31734693877551023 0.09791827293754818 0.09285714285714286
4 0.5605242868157286 0.2979591836734694 0.11256746337702389 0.07653061224489796
4 0.7810331534309946 0.41938775510204085 0.1295296838858905 0.08775510204081634
3 0.5551272166538165 0.3755102040816327 0.1264456437933693 0.11836734693877551
3 0.44487278334618346 0.3941326530612245 0.1264456437933693 0.11581632653061226
3 0.3515805705474171 0.4275510204081633 0.1017733230531997 0.10408163265306124
3 0.2818041634541249 0.4670918367346939 0.10871241326137239 0.10459183673469388
2 0.6865844255975327 0.5400510204081633 0.2243639167309175 0.12091836734693878
1 0.39552814186584423 0.702295918367347 0.14032382420971473 0.14846938775510204
0 0.5269853508095605 0.7119897959183674 0.19660755589822668 0.1739795918367347
