1 0.3388746803069054 0.7374721603563474 0.12361466325660699 0.14977728285077951
0 0.4782608695652174 0.7324610244988864 0.20119352088661552 0.1898663697104677
2 0.6351236146632566 0.571826280623608 0.17050298380221654 0.14476614699331847
3 0.5673486786018755 0.4273385300668151 0.12361466325660699 0.14198218262806236
3 0.45652173913043476 0.4223273942093541 0.12020460358056266 0.1364142538975501
3 0.36018755328218244 0.4515590200445434 0.08951406649616368 0.10913140311804008
3 0.27450980392156865 0.4805122494432071 0.09718670076726342 0.11135857461024498
4 0.7242114236999148 0.4362472160356347 0.11167945439045183 0.09855233853006681
4 0.5809889173060528 0.3262806236080178 0.12020460358056266 0.08574610244988863
4 0.45694799658994034 0.32238307349665923 0.11253196930946291 0.10356347438752783
4 0.35208866155157714 0.3666481069042316 0.09718670076726342 0.09075723830734966
4 0.24936061381074168 0.40339643652561247 0.1082693947144075 0.08853006681514476
6 0.773231031543052 0.3271158129175946 0.1517476555839727 0.10857461024498886
6 0.6410912190963342 0.12639198218262807 0.11594202898550725 0.10133630289532293
6 0.4799658994032396 0.09214922048997773 0.11253196930946291 0.09855233853006681
6 0.3350383631713555 0.13752783964365256 0.11594202898550725 0.09354120267260578
6 0.16624040920716113 0.23747216035634744 0.11935208866155157 0.10634743875278396
5 0.20886615515771526 0.3260022271714922 0.11935208866155157 0.060690423162583516
5 0.34057971014492755 0.24916481069042315 0.12020460358056266 0.06848552338530066
5 0.46078431372549017 0.2096325167037862 0.12020460358056266 0.07071269487750556
5 0.6197783461210571 0.21993318485523383 0.1278772378516624 0.08574610244988863
