5 0.6139575971731449 0.28767631774313285 0.12014134275618374 0.08834446919079435
5 0.44346289752650175 0.2676317743132888 0.10777385159010601 0.08240534521158129
5 0.2924028268551237 0.3255382331106162 0.11130742049469965 0.08240534521158129
5 0.18462897526501768 0.4402375649591685 0.0812720848056537 0.06533036377134373
6 0.0989399293286219 0.3797327394209354 0.09010600706713781 0.08537490720118782
6 0.22924028268551236 0.21083890126206384 0.10512367491166077 0.10541945063103192
6 0.42402826855123676 0.13659985152190052 0.11130742049469965 0.10838901262063845
6 0.6333922261484098 0.17594654788418707 0.0989399293286219 0.10096510764662212
4 0.5843639575971732 0.3934669636228656 0.09628975265017668 0.11284335560504825
4 0.4659893992932862 0.384558277654046 0.09275618374558303 0.10541945063103192
4 0.36086572438162545 0.42130660727542685 0.09275618374558303 0.10319227913882702
4 0.2667844522968198 0.49034892353377874 0.09540636042402827 0.07498144023756495
4 0.7871024734982333 0.5913140311804008 0.12014134275618374 0.09873793615441721
6 0.9103356890459364 0.5497401633259094 0.1351590106007067 0.10319227913882702
2 0.633833922261484 0.6592427616926503 0.1704946996466431 0.13066072754268745
3 0.5662544169611308 0.4914625092798812 0.09010600706713781 0.12323682256867112
3 0.4748233215547703 0.4914625092798812 0.09275618374558303 0.13808463251670378
3 0.39045936395759717 0.5077951002227171 0.0812720848056537 0.12323682256867112
3 0.31934628975265017 0.5482553823311062 0.07508833922261483 0.11061618411284335
1 0.3462897526501767 0.8262806236080178 0.1166077738515901 0.14402375649591684
0 0.4717314487632509 0.8173719376391981 0.19434628975265017 0.155902004454343
