1 0.34239130434782605 0.9028571428571428 0.13509316770186333 0.15428571428571428
0 0.4658385093167702 0.92 0.17236024844720496 0.13285714285714287
2 0.6335403726708074 0.7417857142857143 0.19099378881987578 0.13785714285714284
3 0.32841614906832295 0.6085714285714285 0.10248447204968944 0.15428571428571428
3 0.40062111801242234 0.5442857142857143 0.08850931677018634 0.12
3 0.4774844720496894 0.5207142857142857 0.08385093167701863 0.13285714285714287
3 0.5729813664596273 0.5164285714285715 0.08850931677018634 0.10714285714285714
4 0.7620341614906831 0.6471428571428571 0.12189440993788819 0.10285714285714286
4 0.5869565217391304 0.44571428571428573 0.09782608695652173 0.11142857142857143
4 0.47282608695652173 0.4392857142857143 0.09316770186335403 0.10714285714285714
4 0.36801242236024845 0.4735714285714286 0.09782608695652173 0.10714285714285714
4 0.28649068322981364 0.5357142857142857 0.10248447204968944 0.08571428571428572
6 0.874223602484472 0.5571428571428572 0.16770186335403725 0.12857142857142856
6 0.6661490683229814 0.18214285714285713 0.10714285714285714 0.13285714285714287
6 0.43788819875776397 0.12428571428571429 0.09782608695652173 0.12
6 0.23757763975155277 0.195 0.13509316770186333 0.13285714285714287
6 0.10947204968944099 0.36857142857142855 0.09316770186335403 0.10285714285714286
5 0.19332298136645962 0.4564285714285714 0.10248447204968944 0.09
5 0.2888198757763975 0.3342857142857143 0.13509316770186333 0.10285714285714286
5 0.46118012422360244 0.2764285714285714 0.12577639751552794 0.11571428571428571
5 0.6451863354037267 0.315 0.13975155279503104 0.12428571428571429
