5 0.679042904290429 0.2398074745186863 0.10891089108910891 0.07984144960362402
5 0.5441419141914191 0.21149490373725935 0.10148514851485149 0.06398640996602492
5 0.4183168316831683 0.24603624009060024 0.08250825082508251 0.061721404303510766
5 0.2924917491749175 0.322480181200453 0.08663366336633664 0.061721404303510766
6 0.2669141914191419 0.25537938844847113 0.08663366336633664 0.08493771234428087
6 0.42244224422442245 0.14467723669309174 0.10561056105610561 0.10022650056625142
6 0.5383663366336634 0.11749716874292186 0.08993399339933994 0.08776896942242356
6 0.6943069306930694 0.14835787089467725 0.09323432343234324 0.07701019252548132
6 0.9207920792079208 0.4153454133635334 0.1353135313531353 0.11834654586636467
4 0.6456270627062707 0.32984144960362405 0.09323432343234324 0.09003397508493771
4 0.5350660066006601 0.32474518686296716 0.08993399339933994 0.09003397508493771
4 0.4282178217821782 0.34541336353340885 0.0858085808580858 0.09513023782559457
4 0.3358085808580858 0.38901472253680636 0.08250825082508251 0.07474518686296716
3 0.3584983498349835 0.4510192525481314 0.07508250825082509 0.09003397508493771
4 0.801980198019802 0.4798980747451869 0.10066006600660066 0.07757644394110985
3 0.4430693069306931 0.4249716874292186 0.0858085808580858 0.10022650056625142
3 0.5202145214521452 0.40373725934314836 0.09818481848184818 0.11551528878822198
3 0.6270627062706271 0.4082672706681767 0.0891089108910891 0.10419026047565119
2 0.6641914191419142 0.5563420158550397 0.16831683168316833 0.12061155152887883
1 0.39603960396039606 0.695356738391846 0.12046204620462046 0.16194790486976218
0 0.5156765676567657 0.7038505096262742 0.20297029702970298 0.15968289920724804
