0 0.523176291793313 0.9371744791666666 0.20288753799392098 0.16861979166666666
1 0.3882978723404255 0.9514973958333333 0.11246200607902736 0.14908854166666666
2 0.6470364741641338 0.7220052083333333 0.19984802431610943 0.15885416666666666
3 0.5782674772036475 0.5250651041666666 0.09574468085106383 0.17122395833333331
3 0.4737841945288754 0.5341796875 0.09802431610942249 0.154296875
3 0.39361702127659576 0.5621744791666666 0.09574468085106383 0.13736979166666666
3 0.31344984802431614 0.6116536458333333 0.10410334346504559 0.134765625
4 0.7750759878419453 0.5589192708333333 0.1413373860182371 0.123046875
4 0.601823708206687 0.3994140625 0.11854103343465046 0.14518229166666666
4 0.4810030395136778 0.4104817708333333 0.11854103343465046 0.123046875
4 0.3708206686930091 0.4560546875 0.11246200607902736 0.13216145833333331
4 0.2724164133738602 0.52734375 0.10714285714285714 0.11588541666666666
6 0.8875379939209727 0.4609375 0.1656534954407295 0.12760416666666666
6 0.71580547112462 0.142578125 0.13221884498480244 0.1328125
6 0.46694528875379937 0.1015625 0.10714285714285714 0.12760416666666666
6 0.2838145896656535 0.1640625 0.11778115501519756 0.12760416666666666
6 0.10372340425531915 0.3440755208333333 0.12386018237082067 0.12044270833333333
5 0.18427051671732522 0.44140625 0.10410334346504559 0.06510416666666666
5 0.32484802431610943 0.3125 0.12689969604863222 0.09114583333333333
5 0.4764437689969605 0.24609375 0.11550151975683891 0.09895833333333333
5 0.6762917933130699 0.26334635416666663 0.13221884498480244 0.103515625
