5 0.6494728915662651 0.21170886075949366 0.1016566265060241 0.0879746835443038
5 0.5297439759036144 0.19968354430379748 0.08960843373493976 0.08544303797468354
5 0.37914156626506024 0.23227848101265824 0.08960843373493976 0.06202531645569621
5 0.2793674698795181 0.330379746835443 0.07379518072289157 0.06202531645569621
6 0.23004518072289157 0.23860759493670886 0.09864457831325302 0.08481012658227849
6 0.3497740963855422 0.10949367088607595 0.10466867469879519 0.10632911392405063
6 0.5297439759036144 0.07468354430379746 0.08358433734939759 0.10886075949367088
6 0.6818524096385542 0.09525316455696203 0.09864457831325302 0.0930379746835443
6 0.855421686746988 0.3550632911392405 0.13855421686746988 0.12658227848101267
4 0.6283885542168675 0.3186708860759494 0.12575301204819278 0.10569620253164558
4 0.5112951807228916 0.31740506329113927 0.09487951807228916 0.10822784810126583
4 0.4224397590361446 0.3560126582278481 0.088855421686747 0.10316455696202532
4 0.33320783132530124 0.4015822784810127 0.09563253012048194 0.09556962025316455
4 0.7729668674698795 0.4515822784810127 0.11069277108433735 0.09556962025316455
3 0.612198795180723 0.4117088607594937 0.10090361445783133 0.1208860759493671
3 0.509789156626506 0.4142405063291139 0.0858433734939759 0.11582278481012659
3 0.4375 0.44936708860759494 0.08283132530120482 0.12405063291139241
3 0.370105421686747 0.4917721518987342 0.08960843373493976 0.11139240506329114
2 0.6773343373493976 0.5835443037974684 0.17846385542168675 0.14177215189873418
1 0.4559487951807229 0.7889240506329114 0.10768072289156627 0.16772151898734178
0 0.5726656626506025 0.7712025316455696 0.1905120481927711 0.2120253164556962
