0 0.4537213740458015 0.8605150214592274 0.16507633587786258 0.17882689556509299
1 0.33015267175572516 0.8572961373390557 0.12595419847328243 0.15951359084406294
2 0.625 0.6913447782546495 0.1946564885496183 0.13376251788268956
3 0.5825381679389313 0.5386266094420601 0.09637404580152671 0.13161659513590845
3 0.4966603053435114 0.5261087267525035 0.09064885496183206 0.12660944206008584
3 0.4050572519083969 0.5425608011444921 0.08874045801526717 0.12088698140200287
3 0.33015267175572516 0.5650929899856938 0.08396946564885496 0.10872675250357654
4 0.7829198473282443 0.623032904148784 0.12309160305343511 0.0844062947067239
4 0.6054389312977099 0.43383404864091557 0.10782442748091603 0.10944206008583691
4 0.4966603053435114 0.4238197424892704 0.08874045801526717 0.10515021459227468
4 0.37452290076335876 0.449928469241774 0.09064885496183206 0.09728183118741059
4 0.28196564885496184 0.49821173104434907 0.09446564885496182 0.0765379113018598
6 0.8835877862595419 0.5507868383404864 0.16412213740458015 0.08869814020028613
6 0.6526717557251908 0.2525035765379113 0.0782442748091603 0.09728183118741059
6 0.5305343511450381 0.20815450643776823 0.0916030534351145 0.10872675250357654
6 0.2857824427480916 0.2503576537911302 0.08683206106870228 0.08869814020028613
6 0.1498091603053435 0.36838340486409155 0.09923664122137404 0.09442060085836909
5 0.21183206106870228 0.43705293276108725 0.09923664122137404 0.0586552217453505
5 0.32299618320610685 0.3472818311874106 0.10209923664122136 0.07224606580829757
5 0.5267175572519084 0.3190271816881259 0.1316793893129771 0.07296137339055794
5 0.6321564885496183 0.34120171673819744 0.10209923664122136 0.08011444921316166
