5 0.5621527777777778 0.29034729315628194 0.08541666666666667 0.07201225740551584
5 0.43125 0.26021450459652706 0.09444444444444444 0.07201225740551584
5 0.3295138888888889 0.3023493360572012 0.08819444444444445 0.07660878447395301
5 0.22118055555555557 0.36133810010214507 0.08541666666666667 0.06077630234933606
6 0.21840277777777778 0.2686414708886619 0.07291666666666667 0.10214504596527069
6 0.33194444444444443 0.18003064351378958 0.08472222222222223 0.09754851889683351
6 0.4326388888888889 0.14427987742594484 0.09166666666666667 0.09959141981613892
6 0.5701388888888889 0.1930541368743616 0.08888888888888889 0.09499489274770175
6 0.7288194444444445 0.3817671092951992 0.15486111111111112 0.11184882533197141
4 0.5416666666666667 0.3787027579162411 0.10694444444444445 0.09959141981613892
4 0.41875 0.3787027579162411 0.08888888888888889 0.09550561797752809
4 0.33194444444444443 0.40066394279877426 0.09166666666666667 0.09754851889683351
4 0.25277777777777777 0.432073544433095 0.09166666666666667 0.08580183861082738
4 0.6524305555555556 0.4959141981613892 0.1076388888888889 0.08375893769152197
3 0.5215277777777778 0.4693564862104188 0.09166666666666667 0.118488253319714
3 0.4170138888888889 0.466802860061287 0.09791666666666667 0.118488253319714
3 0.3458333333333333 0.4925944841675179 0.08888888888888889 0.12308478038815118
3 0.26875 0.5132788559754852 0.07916666666666666 0.118488253319714
2 0.5569444444444445 0.6128702757916241 0.1638888888888889 0.12768130745658837
1 0.3350694444444445 0.8174157303370787 0.1423611111111111 0.16496424923391215
0 0.46111111111111114 0.8000510725229827 0.19861111111111113 0.19969356486210418
