0 0.49632952691680265 0.9080338266384779 0.1541598694942904 0.1726568005637773
1 0.36786296900489396 0.8964059196617337 0.10277324632952692 0.1437632135306554
2 0.6023654159869495 0.7198731501057083 0.14763458401305057 0.15151515151515152
3 0.5203915171288744 0.5310077519379846 0.09624796084828711 0.15151515151515152
3 0.433115823817292 0.562015503875969 0.09951060358890702 0.164200140944327
3 0.3682707993474715 0.5866807610993657 0.09053833605220228 0.13037350246652574
3 0.300163132137031 0.6286116983791402 0.09298531810766722 0.14094432699083861
4 0.7373572593800979 0.5856236786469344 0.1305057096247961 0.10993657505285413
4 0.5415986949429038 0.4291754756871036 0.09951060358890702 0.1226215644820296
4 0.41802610114192496 0.43269908386187456 0.11174551386623165 0.12544045102184637
4 0.33482871125611746 0.4880197322057787 0.09053833605220228 0.11486962649753348
4 0.24265905383360523 0.5528541226215645 0.09380097879282219 0.08386187455954898
6 0.831973898858075 0.5098661028893587 0.15986949429037522 0.13883016208597604
6 0.6101141924959217 0.19908386187455956 0.10277324632952692 0.11205073995771671
6 0.41802610114192496 0.18005637773079633 0.100326264274062 0.11486962649753348
6 0.23654159869494293 0.24911909795630727 0.10603588907014683 0.11205073995771671
6 0.09053833605220228 0.4235377026074701 0.10277324632952692 0.08597603946441155
5 0.16721044045677 0.4901338971106413 0.07504078303425775 0.06272022551092318
5 0.28833605220228387 0.3703312191684285 0.11174551386623165 0.08386187455954898
5 0.4196574225122349 0.3104298801973221 0.10848287112561175 0.09372797744890768
5 0.5905383360522023 0.313953488372093 0.12398042414355628 0.09654686398872446
