5 0.6976923076923077 0.2590027700831025 0.13076923076923078 0.08033240997229918
5 0.5496153846153846 0.23407202216066483 0.10384615384615385 0.08033240997229918
5 0.4380769230769231 0.2839335180055402 0.11153846153846154 0.07479224376731303
5 0.30923076923076925 0.3698060941828255 0.11538461538461539 0.09141274238227147
6 0.2630769230769231 0.2659279778393352 0.13076923076923078 0.110803324099723
6 0.4169230769230769 0.16204986149584488 0.11538461538461539 0.11911357340720223
6 0.5592307692307692 0.11218836565096954 0.13076923076923078 0.11357340720221608
6 0.715 0.15235457063711913 0.10384615384615385 0.10526315789473685
6 0.8726923076923077 0.3698060941828255 0.15 0.14127423822714683
4 0.666923076923077 0.36288088642659283 0.11538461538461539 0.110803324099723
4 0.5496153846153846 0.3614958448753463 0.10384615384615385 0.10803324099722993
4 0.44384615384615383 0.3919667590027701 0.09230769230769231 0.09695290858725762
4 0.3515384615384615 0.4390581717451524 0.09230769230769231 0.10249307479224377
4 0.7903846153846154 0.4806094182825485 0.12692307692307692 0.10249307479224377
3 0.6573076923076923 0.45567867036011084 0.10384615384615385 0.13019390581717452
3 0.5457692307692308 0.45983379501385047 0.10384615384615385 0.12742382271468145
3 0.45346153846153847 0.4764542936288089 0.08076923076923077 0.110803324099723
3 0.3861538461538462 0.5193905817174516 0.13076923076923078 0.11911357340720223
2 0.7053846153846154 0.610803324099723 0.2076923076923077 0.12465373961218837
1 0.43615384615384617 0.7853185595567868 0.13076923076923078 0.11911357340720223
0 0.5592307692307692 0.7811634349030472 0.17692307692307693 0.16066481994459836
