0 0.5328371278458844 0.8890498261877172 0.2180385288966725 0.1720741599073001
1 0.38441330998248685 0.8907879490150638 0.159369527145359 0.16859791425260717
2 0.6733800350262698 0.6871378910776361 0.18563922942206657 0.14716106604866744
3 0.6046409807355516 0.5202780996523755 0.14273204903677758 0.15063731170336037
3 0.4746059544658494 0.5289687137891077 0.11733800350262696 0.1541135573580533
3 0.38704028021015763 0.5677867902665121 0.12259194395796848 0.1332560834298957
3 0.29947460595446584 0.6132676709154113 0.10683012259194397 0.13383545770567787
4 0.7850262697022767 0.5596755504055619 0.14798598949211908 0.11239860950173812
4 0.6151488616462347 0.42178447276940906 0.13222416812609458 0.10892236384704519
4 0.47723292469352013 0.43047508690614134 0.12259194395796848 0.11935110081112399
4 0.36295971978984237 0.47450753186558514 0.13747810858143608 0.11587485515643105
4 0.2543782837127846 0.5289687137891077 0.13222416812609458 0.09154113557358053
6 0.8809106830122592 0.45625724217844726 0.18038528896672504 0.15121668597914253
6 0.6764448336252189 0.220162224797219 0.12697022767075306 0.11239860950173812
6 0.47723292469352013 0.18308227114716105 0.12259194395796848 0.12282734646581692
6 0.3126094570928196 0.2410196987253766 0.14360770577933452 0.11239860950173812
6 0.1510507880910683 0.37630359212050984 0.11646234676007006 0.10139049826187717
5 0.1987740805604203 0.4533603707995365 0.12784588441331 0.059675550405561995
5 0.3366900175131349 0.36587485515643103 0.11646234676007006 0.059675550405561995
5 0.48248686514886163 0.3044611819235226 0.1330998248686515 0.08400926998841252
5 0.6576182136602452 0.31662804171494785 0.1330998248686515 0.07358053302433372
