5 0.6510067114093959 0.2677809388335704 0.12655800575263662 0.0903271692745377
5 0.4851390220517737 0.2532005689900427 0.12655800575263662 0.09388335704125178
5 0.36768935762224353 0.30334281650071127 0.11792905081495685 0.0903271692745377
5 0.20853307766059442 0.3698435277382646 0.12176414189837008 0.08108108108108109
6 0.16970278044103546 0.2599573257467994 0.14765100671140938 0.11308677098150782
6 0.3523489932885906 0.15967283072546232 0.12176414189837008 0.1386913229018492
6 0.48561840843720033 0.10953058321479375 0.10834132310642378 0.1422475106685633
6 0.6663470757430489 0.14046941678520627 0.12272291466922339 0.12588904694167852
6 0.8729626078619367 0.39722617354196305 0.18312559923298177 0.1714082503556188
4 0.62032598274209 0.3908250355618777 0.14381591562799614 0.12304409672830727
4 0.48561840843720033 0.3986486486486487 0.11792905081495685 0.11308677098150782
4 0.37631831255992326 0.4345661450924609 0.11792905081495685 0.09388335704125178
4 0.25886864813039306 0.4715504978662874 0.11697027804410354 0.09672830725462304
4 0.7535953978906998 0.52524893314367 0.14765100671140938 0.11308677098150782
3 0.6160115052732502 0.5056899004267426 0.13518696069031638 0.15220483641536273
3 0.4789069990412272 0.504267425320057 0.10450623202301054 0.1422475106685633
3 0.3854266538830297 0.5362731152204837 0.10930009587727708 0.1422475106685633
3 0.2828379674017258 0.552275960170697 0.10546500479386385 0.12304409672830727
2 0.6577181208053691 0.6539829302987198 0.21860019175455417 0.15149359886201993
1 0.3307766059443912 0.8886913229018493 0.15723873441994246 0.1813655761024182
0 0.47027804410354745 0.8918918918918919 0.21764141898370085 0.1806543385490754
