5 0.6666666666666667 0.2847800237812128 0.12853470437017994 0.09155766944114149
5 0.4892887746358184 0.25772889417360284 0.1165381319622965 0.08620689655172413
5 0.3513281919451585 0.3079667063020214 0.12853470437017994 0.07847800237812128
5 0.19151670951156813 0.39417360285374553 0.12082262210796915 0.06777645659928656
6 0.14652956298200515 0.29964328180737215 0.1319622964867181 0.10582639714625446
6 0.35518423307626396 0.1780618311533888 0.10539845758354756 0.1159334126040428
6 0.4892887746358184 0.13228299643281807 0.1165381319622965 0.10523186682520808
6 0.6919451585261355 0.17003567181926277 0.12425021422450729 0.11058263971462544
6 0.8980291345329906 0.4875148632580261 0.17137960582690662 0.13555291319857313
4 0.622107969151671 0.4078478002378121 0.155955441302485 0.11652794292508917
4 0.4798628963153385 0.40636147443519616 0.11311053984575836 0.10285374554102258
4 0.37617823479006 0.436385255648038 0.1165381319622965 0.10820451843043995
4 0.23821765209940018 0.4794887039239001 0.11311053984575836 0.10285374554102258
4 0.8020565552699229 0.5847205707491081 0.15938303341902316 0.1135552913198573
3 0.6101113967437876 0.5023781212841855 0.1165381319622965 0.1272294887039239
3 0.4717223650385604 0.5187277051129607 0.12082262210796915 0.16468489892984542
3 0.37060839760068554 0.5282401902497027 0.11225364181662383 0.12425683709869202
3 0.26135389888603255 0.5591557669441141 0.12853470437017994 0.13258026159334124
2 0.6585261353898887 0.7063020214030915 0.32305055698371893 0.15695600475624255
1 0.2827763496143959 0.8796076099881093 0.155955441302485 0.17300832342449463
0 0.44858611825192807 0.8846611177170035 0.23736075407026566 0.20570749108204517
