0 0.5077956989247312 0.8909730363423212 0.12096774193548387 0.16412661195779601
1 0.4244623655913978 0.9012309495896834 0.07258064516129033 0.1260257913247362
2 0.6072580645161291 0.7107268464243844 0.1424731182795699 0.13188745603751464
3 0.5766129032258065 0.5685814771395076 0.09946236559139784 0.15240328253223914
3 0.5010752688172043 0.567116060961313 0.06451612903225806 0.14947245017584992
3 0.44731182795698926 0.5759085580304806 0.05913978494623656 0.13774912075029308
3 0.39623655913978495 0.5993552168815943 0.05913978494623656 0.12016412661195779
4 0.6747311827956989 0.5803048065650644 0.08064516129032258 0.09964830011723329
4 0.5817204301075268 0.4630715123094959 0.08064516129032258 0.09378663540445487
4 0.5051075268817204 0.4630715123094959 0.07795698924731183 0.09964830011723329
4 0.44327956989247314 0.4879835873388042 0.07258064516129033 0.10844079718640093
4 0.3814516129032258 0.5231535756154747 0.06720430107526881 0.09085580304806565
6 0.7094086021505376 0.4703985932004689 0.09408602150537634 0.1260257913247362
6 0.6072580645161291 0.2667057444314185 0.06720430107526881 0.11137162954279015
6 0.5051075268817204 0.20808909730363423 0.07258064516129033 0.11723329425556857
6 0.41236559139784945 0.25351699882766704 0.08064516129032258 0.12016412661195779
6 0.32365591397849464 0.37368112543962484 0.06451612903225806 0.1025791324736225
5 0.34516129032258064 0.4498827667057444 0.05913978494623656 0.049824150058616644
5 0.4258064516129032 0.3707502930832356 0.06989247311827956 0.07327080890973035
5 0.5091397849462366 0.33264947245017584 0.08064516129032258 0.07327080890973035
5 0.6018817204301076 0.3678194607268464 0.08333333333333333 0.07913247362250879
