5 0.5880306193458594 0.34953271028037386 0.08489909533750871 0.09345794392523366
5 0.43945720250521925 0.30996884735202496 0.11064718162839249 0.09906542056074767
5 0.3128044537230341 0.35233644859813085 0.08559498956158665 0.08161993769470405
5 0.18649965205288796 0.4457943925233645 0.07933194154488518 0.07040498442367601
6 0.1245650661099513 0.3551401869158879 0.10160055671537926 0.10467289719626169
6 0.2828810020876827 0.2205607476635514 0.10090466249130133 0.12461059190031153
6 0.44711203897007656 0.1825545171339564 0.10786360473208073 0.11588785046728972
6 0.6148225469728602 0.23894080996884737 0.09533750869867781 0.1102803738317757
6 0.7713987473903967 0.5448598130841121 0.13569937369519833 0.12149532710280374
4 0.5549756437021574 0.4542056074766355 0.10090466249130133 0.10467289719626169
4 0.6781489213639528 0.612772585669782 0.11064718162839249 0.1015576323987539
4 0.44711203897007656 0.4389408099688474 0.10090466249130133 0.11900311526479751
4 0.34585942936673625 0.4669781931464175 0.09464161447459987 0.11277258566978193
4 0.25748086290883787 0.5080996884735203 0.09464161447459987 0.09906542056074767
3 0.29053583855254 0.591588785046729 0.08559498956158665 0.13644859813084112
3 0.3618649965205289 0.5461059190031153 0.07654836464857342 0.11900311526479751
3 0.4377174669450244 0.5305295950155764 0.08211551844119694 0.13021806853582554
3 0.534794711203897 0.5336448598130842 0.08281141266527488 0.10778816199376948
2 0.5501043841336117 0.7233644859813084 0.16492693110647183 0.1383177570093458
1 0.3082811412665275 0.881619937694704 0.1141266527487822 0.15576323987538943
0 0.41405706332637443 0.8763239875389408 0.14892136395267921 0.16137071651090343
