0 0.4572107765451664 0.8960077269800386 0.16798732171156894 0.16806181584030908
1 0.3427099841521395 0.9130714745653573 0.11014263074484945 0.1262073406310367
2 0.6172741679873217 0.7343850611719253 0.2202852614896989 0.15260785576303929
3 0.5380348652931854 0.5566645202833226 0.10618066561014264 0.16033483580167418
3 0.4314580031695721 0.5463618802318094 0.09429477020602219 0.13457823567289118
3 0.34548335974643424 0.5843528654217643 0.09033280507131537 0.15775917578879586
3 0.26465927099841524 0.6294269156471346 0.07765451664025357 0.15775917578879586
4 0.7254358161648178 0.6081777205408886 0.1196513470681458 0.12041210560206053
4 0.562202852614897 0.4504185447520927 0.11014263074484945 0.12556342562781714
4 0.4425515055467512 0.43979394719896975 0.10380348652931855 0.1159047005795235
4 0.33438985736925514 0.4713457823567289 0.11251980982567354 0.1107533805537669
4 0.22781299524564186 0.5305859626529298 0.1133122028526149 0.0978750804893754
5 0.615689381933439 0.345460399227302 0.13946117274167988 0.08950418544752092
5 0.46077654516640254 0.31004507405022536 0.1196513470681458 0.09207984546039923
5 0.31339144215530906 0.35189954925949773 0.12282091917591126 0.08177720540888603
5 0.1774960380348653 0.4449452672247263 0.09033280507131537 0.07340631036703155
6 0.1176703645007924 0.3438506117192531 0.1259904912836767 0.1184803605924018
6 0.2971473851030111 0.22021893110109464 0.10935023771790808 0.12363168061815841
6 0.46711568938193343 0.1928525434642627 0.1196513470681458 0.12556342562781714
6 0.6351030110935024 0.22826786864133933 0.10697305863708399 0.11268512556342562
6 0.8454833597464343 0.502897617514488 0.1774960380348653 0.1416613007083065
