5 0.59245960502693 0.2560483870967742 0.13405146618791142 0.08870967741935484
5 0.43447037701974867 0.2379032258064516 0.13405146618791142 0.10080645161290322
5 0.3099940155595452 0.2963709677419355 0.11490125673249552 0.08064516129032258
5 0.17354877318970677 0.4274193548387097 0.08138839018551765 0.06854838709677419
6 0.09575104727707959 0.37298387096774194 0.10053859964093358 0.08064516129032258
6 0.2573309395571514 0.1935483870967742 0.12447636146020347 0.11693548387096774
6 0.4129263913824057 0.12701612903225806 0.11011370436864153 0.10483870967741934
6 0.6163973668461998 0.14314516129032256 0.11490125673249552 0.11290322580645161
6 0.8677438659485338 0.4758064516129032 0.1867145421903052 0.13306451612903225
4 0.5601436265709157 0.3548387096774194 0.11968880909634949 0.10887096774193548
4 0.44165170556552963 0.35685483870967744 0.10053859964093358 0.11290322580645161
4 0.35547576301615796 0.39919354838709675 0.11011370436864153 0.10887096774193548
4 0.2573309395571514 0.46774193548387094 0.10532615200478755 0.09274193548387097
4 0.7516457211250748 0.530241935483871 0.11968880909634949 0.11290322580645161
3 0.5517654099341711 0.4435483870967742 0.10053859964093358 0.1411290322580645
3 0.45601436265709155 0.4657258064516129 0.10053859964093358 0.1532258064516129
3 0.3818073010173549 0.5060483870967741 0.08617594254937164 0.1532258064516129
3 0.3076002393776182 0.5262096774193549 0.10053859964093358 0.12903225806451613
2 0.6020347097546379 0.6149193548387096 0.18192698982645122 0.1532258064516129
1 0.3710353081986834 0.8004032258064516 0.10532615200478755 0.20161290322580644
0 0.4919210053859964 0.814516129032258 0.17235188509874327 0.2217741935483871
