0 0.5037137069547604 0.8470769230769231 0.15800135043889266 0.1593846153846154
1 0.3818365968939906 0.8507692307692308 0.11816340310600947 0.18153846153846154
2 0.6434841323430115 0.6880000000000001 0.17015530047265362 0.16615384615384615
4 0.775151924375422 0.556923076923077 0.14179608372721136 0.096
4 0.6333558406482107 0.38153846153846155 0.1012829169480081 0.12923076923076923
4 0.5037137069547604 0.3796923076923077 0.10938555030384876 0.12553846153846154
4 0.3923024983119514 0.4203076923076923 0.09723160027008779 0.11815384615384616
4 0.2987846049966239 0.47384615384615386 0.10600945307224849 0.10707692307692308
6 0.8906144496961513 0.4867692307692308 0.13774476704929103 0.11076923076923077
6 0.736664415935179 0.13907692307692307 0.12964213369345037 0.11076923076923077
6 0.4733288318703579 0.08184615384615385 0.11343686698176908 0.11446153846153846
6 0.24983119513842 0.1796923076923077 0.10533423362592843 0.11815384615384616
6 0.14652261985145174 0.3147692307692308 0.08507765023632681 0.1076923076923077
5 0.21742066171505742 0.4036923076923077 0.11343686698176908 0.09230769230769231
5 0.3190411883862255 0.2944615384615385 0.13031735313977044 0.09661538461538462
5 0.4956110735989197 0.22215384615384617 0.1336934503713707 0.09969230769230769
5 0.6920999324780555 0.25353846153846155 0.10533423362592843 0.08861538461538462
3 0.349426063470628 0.5476923076923077 0.10195813639432816 0.14400000000000002
3 0.4267386900742742 0.5089230769230769 0.07697501688048616 0.13292307692307692
3 0.5097906819716408 0.4756923076923077 0.08912896691424714 0.13292307692307692
3 0.6130992572586091 0.48123076923076924 0.1012829169480081 0.1366153846153846
