0 0.4698275862068965 0.8385953608247423 0.19655172413793104 0.17847938144329897
1 0.3443965517241379 0.8402061855670103 0.1336206896551724 0.17010309278350516
2 0.6112068965517241 0.6543170103092784 0.15689655172413794 0.1372422680412371
3 0.5620689655172414 0.4990335051546392 0.12931034482758622 0.148840206185567
3 0.4400862068965517 0.5048324742268041 0.0939655172413793 0.1527061855670103
3 0.36594827586206896 0.5254510309278351 0.1060344827586207 0.12048969072164949
3 0.2896551724137931 0.5618556701030928 0.1103448275862069 0.1404639175257732
4 0.7426724137931034 0.5254510309278351 0.14913793103448275 0.10244845360824742
4 0.5737068965517241 0.3949742268041237 0.1060344827586207 0.1056701030927835
4 0.4439655172413793 0.39368556701030927 0.12931034482758622 0.10824742268041238
4 0.3288793103448276 0.4304123711340206 0.11810344827586207 0.1056701030927835
4 0.22284482758620688 0.49033505154639173 0.10948275862068965 0.08505154639175258
6 0.8224137931034483 0.43460051546391754 0.15689655172413794 0.12048969072164949
6 0.6267241379310344 0.1916881443298969 0.11724137931034483 0.11404639175257732
6 0.36810344827586206 0.1565721649484536 0.11724137931034483 0.10824742268041238
6 0.2267241379310345 0.21939432989690721 0.11724137931034483 0.09987113402061855
6 0.0853448275862069 0.3627577319587629 0.10517241379310345 0.09664948453608248
5 0.16034482758620688 0.4375 0.12586206896551724 0.06701030927835051
5 0.265948275862069 0.3234536082474227 0.14913793103448275 0.08505154639175258
5 0.39913793103448275 0.2777061855670103 0.12586206896551724 0.07603092783505154
5 0.6129310344827587 0.2912371134020619 0.16896551724137931 0.08505154639175258
