5 0.691304347826087 0.2729372937293729 0.108300395256917 0.08382838283828382
5 0.5189723320158103 0.25610561056105613 0.1225296442687747 0.08712871287128712
5 0.34980237154150196 0.2966996699669967 0.1225296442687747 0.07854785478547854
5 0.2241106719367589 0.41056105610561056 0.08616600790513834 0.066006600660066
6 0.15573122529644268 0.3165016501650165 0.1075098814229249 0.10495049504950495
6 0.30316205533596835 0.16930693069306932 0.1225296442687747 0.12871287128712872
6 0.5245059288537549 0.11683168316831684 0.12569169960474308 0.132013201320132
6 0.7221343873517786 0.16468646864686468 0.11146245059288537 0.11947194719471947
6 0.8762845849802371 0.44356435643564357 0.1541501976284585 0.132013201320132
4 0.6375494071146245 0.38844884488448844 0.11462450592885376 0.11683168316831684
4 0.8027667984189724 0.5623762376237624 0.12569169960474308 0.09636963696369637
4 0.5114624505928854 0.38382838283828385 0.1075098814229249 0.10231023102310231
4 0.3952569169960474 0.42442244224422443 0.11857707509881422 0.11089108910891089
4 0.29960474308300394 0.48283828382838284 0.10118577075098814 0.08382838283828382
3 0.3391304347826087 0.5636963696369637 0.0932806324110672 0.132013201320132
3 0.41818181818181815 0.528052805280528 0.10118577075098814 0.132013201320132
3 0.5079051383399209 0.49042904290429046 0.11462450592885376 0.14125412541254126
3 0.6138339920948617 0.4765676567656766 0.09723320158102766 0.12013201320132014
2 0.6806324110671936 0.6838283828382838 0.19446640316205532 0.15577557755775578
1 0.4039525691699605 0.8547854785478548 0.1075098814229249 0.12013201320132014
0 0.5241106719367589 0.8653465346534653 0.183399209486166 0.1716171617161716
