0 0.5142045454545455 0.8880323054331865 0.1517857142857143 0.16666666666666666
1 0.4017857142857143 0.908223201174743 0.1038961038961039 0.14684287812041116
2 0.6375811688311689 0.6776798825256974 0.16964285714285715 0.14684287812041116
3 0.5625 0.5279001468428781 0.09253246753246754 0.14684287812041116
3 0.4642857142857143 0.5359765051395007 0.08116883116883117 0.13656387665198236
3 0.3940746753246753 0.5712187958883994 0.07386363636363637 0.12628487518355358
3 0.32792207792207795 0.6145374449339207 0.09577922077922078 0.1395007342143906
4 0.7301136363636365 0.5646108663729809 0.1176948051948052 0.09985315712187959
4 0.5750811688311689 0.4262114537444934 0.1030844155844156 0.11674008810572686
4 0.4533279220779221 0.4295154185022026 0.1112012987012987 0.11013215859030837
4 0.3668831168831169 0.47613803230543317 0.10714285714285715 0.11674008810572686
4 0.28936688311688313 0.5425844346549192 0.09172077922077923 0.09691629955947136
6 0.8039772727272728 0.4544787077826725 0.14042207792207792 0.12041116005873714
6 0.6140422077922079 0.20594713656387664 0.09983766233766235 0.10352422907488987
6 0.40016233766233766 0.17584434654919234 0.10714285714285715 0.11674008810572686
6 0.26339285714285715 0.24743024963289278 0.09983766233766235 0.11306901615271658
6 0.14732142857142858 0.3975770925110132 0.08847402597402598 0.09324522760646108
5 0.20454545454545456 0.4728340675477239 0.08441558441558442 0.07048458149779735
5 0.3153409090909091 0.3575624082232012 0.11444805194805195 0.08076358296622613
5 0.4350649350649351 0.3010279001468429 0.11850649350649352 0.08663729809104258
5 0.5994318181818182 0.3076358296622614 0.14366883116883117 0.09985315712187959
