0 0.4991869918699187 0.694949494949495 0.12601626016260162 0.13333333333333333
1 0.4186991869918699 0.698989898989899 0.10325203252032521 0.12794612794612795
2 0.6042682926829268 0.5476430976430977 0.1329268292682927 0.09865319865319866
3 0.5447154471544715 0.42878787878787883 0.08130081300813008 0.10336700336700337
3 0.4760162601626016 0.43249158249158254 0.06016260162601626 0.07777777777777778
3 0.4274390243902439 0.4601010101010101 0.0540650406504065 0.07912457912457913
3 0.3727642276422764 0.4964646464646465 0.06260162601626017 0.08653198653198654
4 0.6695121951219513 0.4728956228956229 0.07317073170731707 0.06632996632996634
4 0.5542682926829269 0.3661616161616162 0.06382113821138212 0.06228956228956229
4 0.4813008130081301 0.36952861952861954 0.05934959349593496 0.06902356902356903
4 0.4121951219512195 0.40471380471380475 0.06260162601626017 0.07205387205387206
4 0.341869918699187 0.44932659932659935 0.06585365853658537 0.06363636363636364
6 0.7524390243902439 0.40606060606060607 0.11138211382113822 0.07676767676767678
6 0.5961382113821139 0.2058922558922559 0.06382113821138212 0.07104377104377105
6 0.4764227642276423 0.18821548821548822 0.07317073170731707 0.07811447811447812
6 0.36056910569105693 0.22575757575757577 0.07560975609756097 0.07777777777777778
6 0.22987804878048781 0.35740740740740745 0.07439024390243902 0.06632996632996634
5 0.28495934959349595 0.41144781144781145 0.061788617886178863 0.04915824915824916
5 0.37682926829268293 0.31851851851851853 0.07317073170731707 0.046464646464646465
5 0.4772357723577236 0.2828282828282828 0.07886178861788617 0.05387205387205388
5 0.5863821138211383 0.28535353535353536 0.07682926829268293 0.056902356902356906
