5 0.6936936936936937 0.3011283497884344 0.09346846846846847 0.07475317348377997
5 0.5413851351351351 0.26868829337094496 0.10641891891891891 0.07663375646450399
5 0.40061936936936937 0.3011283497884344 0.11655405405405406 0.07851433944522801
5 0.2609797297297297 0.3916314057357781 0.09177927927927927 0.06111894687353079
6 0.19003378378378377 0.30794546309355897 0.12556306306306306 0.09590973201692524
6 0.36092342342342343 0.17395392571697224 0.11711711711711711 0.11659614480488951
6 0.5467342342342343 0.14174894217207334 0.10022522522522523 0.11518570756934648
6 0.7291666666666666 0.19816643159379407 0.09346846846846847 0.09920075223319229
6 0.9118806306306306 0.4978843441466854 0.14808558558558557 0.1325811001410437
4 0.625 0.39774330042313116 0.08558558558558559 0.09402914903620122
4 0.5163288288288288 0.39680300893276915 0.09009009009009009 0.0855665256229431
4 0.4268018018018018 0.4097320169252468 0.09121621621621621 0.09920075223319229
4 0.32967342342342343 0.45345557122708036 0.09628378378378379 0.08039492242595205
4 0.7868806306306306 0.5763986835919135 0.08952702702702703 0.08744710860366713
3 0.6081081081081081 0.4776680771039022 0.09346846846846847 0.11847672778561354
3 0.5205518018018018 0.4680300893276916 0.07263513513513513 0.10954395862717442
3 0.4403153153153153 0.48472026328161727 0.07545045045045044 0.10437235543018335
3 0.36936936936936937 0.5169252468265162 0.08333333333333333 0.11706629055007052
2 0.6531531531531531 0.651857075693465 0.15202702702702703 0.10954395862717442
1 0.4276463963963964 0.7755054066760695 0.09177927927927927 0.15279736718382697
0 0.5289977477477478 0.7832628114715562 0.15259009009009009 0.17959567465914433
