0 0.47141472868217055 0.8365112994350282 0.19089147286821706 0.20692090395480225
1 0.34641472868217055 0.836864406779661 0.11724806201550388 0.1553672316384181
2 0.623062015503876 0.626412429378531 0.187984496124031 0.14548022598870056
3 0.5673449612403101 0.452683615819209 0.1501937984496124 0.14689265536723164
3 0.44573643410852715 0.4565677966101695 0.12015503875968991 0.1348870056497175
3 0.3556201550387597 0.4883474576271186 0.10852713178294573 0.13912429378531074
3 0.2708333333333333 0.5201271186440678 0.10368217054263566 0.14336158192090395
4 0.7432170542635659 0.4968220338983051 0.14534883720930233 0.1292372881355932
4 0.5658914728682171 0.3453389830508475 0.12596899224806202 0.1115819209039548
4 0.44573643410852715 0.3584039548022599 0.10852713178294573 0.10522598870056497
4 0.3396317829457364 0.3880649717514124 0.10368217054263566 0.10098870056497175
4 0.2548449612403101 0.4406779661016949 0.10852713178294573 0.08757062146892655
6 0.8822674418604651 0.4106638418079096 0.16569767441860464 0.11793785310734463
6 0.622093023255814 0.11122881355932203 0.1065891472868217 0.1094632768361582
6 0.4496124031007752 0.08862994350282485 0.1065891472868217 0.1038135593220339
6 0.31492248062015504 0.1362994350282486 0.10852713178294573 0.1115819209039548
6 0.14534883720930233 0.2595338983050847 0.12015503875968991 0.09957627118644068
5 0.1947674418604651 0.3421610169491525 0.12015503875968991 0.08121468926553672
5 0.3231589147286822 0.2588276836158192 0.13662790697674418 0.08545197740112995
5 0.4515503875968992 0.21610169491525424 0.11434108527131782 0.0790960451977401
5 0.6002906976744186 0.22492937853107345 0.12306201550387597 0.08968926553672317
