5 0.5892179195140471 0.29406580493537016 0.11541381928625664 0.08284371327849588
5 0.4430523917995444 0.28319623971797886 0.12072892938496584 0.09165687426556991
5 0.32915717539863326 0.3504700352526439 0.1070615034168565 0.0781433607520564
5 0.2308276385725133 0.4515276145710928 0.09567198177676538 0.08049353701527615
6 0.1974183750949127 0.35605170387779084 0.12908124525436598 0.09753231492361927
6 0.2927107061503417 0.213572267920094 0.11769172361427488 0.1263219741480611
6 0.40812452543659833 0.13425381903642772 0.12984054669703873 0.12397179788484136
6 0.5797266514806378 0.16686251468860164 0.11769172361427488 0.11985898942420681
6 0.884206529992407 0.4532902467685076 0.14958238420653 0.12397179788484136
4 0.2900531511009871 0.5420094007050529 0.10630220197418376 0.10047003525264395
4 0.3724373576309795 0.4797297297297297 0.10402429764616554 0.11104582843713279
4 0.47418375094912685 0.43860164512338423 0.1328777524677297 0.1063454759106933
4 0.5964312832194382 0.42655699177438305 0.11769172361427488 0.10458284371327849
4 0.7839787395596052 0.5646298472385429 0.12680334092634776 0.10928319623971798
3 0.5979498861047836 0.5214453584018801 0.11009870918754747 0.13219741480611044
3 0.4783599088838269 0.5334900117508813 0.1017463933181473 0.13513513513513514
3 0.3967350037965072 0.5681551116333725 0.10098709187547457 0.13513513513513514
3 0.31814730447987855 0.6128084606345475 0.1017463933181473 0.11515863689776733
2 0.693621867881549 0.7150411280846063 0.2103264996203493 0.1410105757931845
1 0.414958238420653 0.9198002350176263 0.12680334092634776 0.14159811985898943
0 0.5474563401670464 0.9098119858989424 0.2050113895216401 0.15687426556991774
