0 0.4702722063037249 0.8374188896899784 0.15257879656160458 0.19971160778658975
1 0.37249283667621774 0.8035328046142753 0.1146131805157593 0.1795241528478731
2 0.646131805157593 0.6784426820475846 0.16475644699140402 0.14852198990627252
3 0.6446991404011461 0.4971160778658976 0.09455587392550142 0.16222062004325882
3 0.548352435530086 0.4632299927901946 0.08810888252148996 0.16222062004325882
3 0.4609598853868195 0.4762076423936553 0.08810888252148996 0.14635904830569574
3 0.3878939828080229 0.5173035328046143 0.09097421203438395 0.17519826964671953
4 0.7532234957020058 0.5580389329488104 0.11246418338108882 0.11535688536409516
4 0.6866045845272206 0.4084354722422494 0.10816618911174784 0.11319394376351838
4 0.5727077363896848 0.37022350396539294 0.083810888252149 0.12184571016582552
4 0.46454154727793695 0.39149242970439796 0.083810888252149 0.11968276856524873
4 0.36962750716332377 0.41816870944484497 0.09455587392550142 0.1110310021629416
6 0.8531518624641834 0.4884643114635905 0.12750716332378223 0.12184571016582552
6 0.7947707736389684 0.20223503965392933 0.10386819484240688 0.10886806056236481
6 0.6776504297994269 0.11571737563085796 0.08595988538681948 0.11319394376351838
6 0.5085959885386819 0.13338139870223503 0.08595988538681948 0.10382119682768565
6 0.34169054441260743 0.22422494592645997 0.10601719197707736 0.10382119682768565
5 0.3463467048710602 0.32299927901946646 0.10100286532951289 0.07930785868781542
5 0.48531518624641834 0.250901225666907 0.09670487106017192 0.0821917808219178
5 0.6350286532951289 0.23792357606344627 0.10530085959885387 0.08651766402307137
5 0.7453438395415473 0.3031723143475126 0.08810888252148996 0.08435472242249459
