5 0.6463878326996197 0.30724299065420557 0.09125475285171102 0.07009345794392523
5 0.4806083650190114 0.2762850467289719 0.09581749049429657 0.07009345794392523
5 0.3365019011406844 0.30724299065420557 0.08897338403041824 0.07009345794392523
5 0.2182509505703422 0.3942757009345794 0.07756653992395436 0.06425233644859812
6 0.1482889733840304 0.33031542056074764 0.10950570342205322 0.0917056074766355
6 0.3106463878326996 0.2082359813084112 0.11939163498098859 0.10105140186915887
6 0.4863117870722433 0.17406542056074764 0.10722433460076045 0.102803738317757
6 0.7041825095057034 0.2245911214953271 0.12167300380228135 0.0917056074766355
6 0.8680608365019011 0.5470210280373832 0.15437262357414447 0.07885514018691588
4 0.5840304182509506 0.3878504672897196 0.10342205323193916 0.08644859813084112
4 0.4771863117870722 0.38084112149532706 0.07984790874524714 0.07710280373831775
4 0.3859315589353612 0.40157710280373826 0.07984790874524714 0.07184579439252337
4 0.2874524714828897 0.4436331775700934 0.07908745247148288 0.05899532710280373
4 0.7433460076045627 0.5660046728971962 0.09353612167300379 0.06658878504672897
3 0.3273764258555133 0.5002920560747663 0.08441064638783269 0.10455607476635513
3 0.3961977186311787 0.4669976635514018 0.07756653992395436 0.0917056074766355
3 0.46882129277566537 0.4526869158878504 0.07224334600760456 0.09929906542056074
3 0.5673003802281369 0.45531542056074764 0.08212927756653991 0.0975467289719626
2 0.593916349809886 0.6054322429906541 0.16425855513307983 0.11273364485981308
1 0.32547528517110264 0.7377336448598131 0.11406844106463877 0.16355140186915887
0 0.42319391634980985 0.7383177570093458 0.13612167300380226 0.1600467289719626
