0 0.5096225018504811 0.889763779527559 0.16654330125832717 0.1586917019987886
1 0.4082161361954108 0.8967292549969715 0.11176905995558845 0.14718352513628105
2 0.6735751295336787 0.7271350696547547 0.18652849740932642 0.14354936402180496
3 0.35270170244263505 0.6244700181708056 0.08216136195410806 0.12113870381586916
3 0.4096965210954848 0.5760145366444579 0.0688378978534419 0.11387038158691702
3 0.48963730569948183 0.5620835857056329 0.09104367135455219 0.14900060569351908
3 0.5880829015544041 0.5466384009691097 0.10436713545521835 0.1374924288310115
4 0.7649888971132494 0.5999394306480921 0.12509252405625462 0.09145972138098123
4 0.5977054034048852 0.4615384615384615 0.1073279052553664 0.09327680193821926
4 0.4848260547742413 0.46244700181708054 0.09622501850481124 0.09145972138098123
4 0.4030347890451517 0.4975772259236826 0.09548482605477424 0.09872804360993337
4 0.31421169504071056 0.5548152634766808 0.09548482605477424 0.09327680193821926
6 0.854922279792746 0.5060569351907934 0.15692079940784603 0.1265899454875833
6 0.6387860843819393 0.23985463355542094 0.09326424870466321 0.08964264082374318
6 0.46669133974833454 0.20139309509388248 0.09104367135455219 0.10236220472440945
6 0.32642487046632124 0.26862507571168986 0.10658771280532939 0.10963052695336159
6 0.18874907475943745 0.3943064809206541 0.10066617320503331 0.08237431859479104
5 0.24796447076239822 0.4809206541490006 0.10066617320503331 0.06904906117504543
5 0.346780162842339 0.38037552998182916 0.11176905995558845 0.07995154451847365
5 0.47668393782383417 0.3319200484554815 0.10658771280532939 0.0726832222895215
5 0.6247224278312361 0.33858267716535434 0.09770540340488526 0.0860084797092671
