5 0.7147988505747126 0.30273972602739724 0.125 0.08712328767123287
5 0.5750718390804598 0.2589041095890411 0.11135057471264367 0.07287671232876712
5 0.44612068965517243 0.30054794520547945 0.125 0.07506849315068492
5 0.3286637931034483 0.37671232876712324 0.09841954022988506 0.07726027397260274
6 0.30926724137931033 0.2821917808219178 0.11709770114942529 0.09534246575342466
6 0.44612068965517243 0.16164383561643836 0.10919540229885058 0.12164383561643835
6 0.6041666666666666 0.13232876712328767 0.11206896551724138 0.10356164383561643
6 0.759698275862069 0.19068493150684931 0.10847701149425287 0.08657534246575342
6 0.8785919540229885 0.453972602739726 0.1278735632183908 0.14630136986301367
4 0.6602011494252873 0.40493150684931506 0.10057471264367816 0.1095890410958904
4 0.5416666666666666 0.3978082191780822 0.10919540229885058 0.09534246575342466
4 0.4324712643678161 0.42438356164383556 0.09339080459770115 0.0958904109589041
4 0.34087643678160917 0.4610958904109589 0.08979885057471264 0.08712328767123287
4 0.7902298850574713 0.5616438356164383 0.1278735632183908 0.09534246575342466
3 0.3516522988505747 0.5512328767123287 0.09554597701149425 0.1304109589041096
3 0.4324712643678161 0.5054794520547945 0.09339080459770115 0.11561643835616438
3 0.5258620689655172 0.49561643835616437 0.10919540229885058 0.1441095890410959
3 0.6415229885057471 0.5005479452054794 0.11206896551724138 0.1221917808219178
2 0.6627155172413793 0.6794520547945205 0.17600574712643677 0.15232876712328766
1 0.3609913793103448 0.8495890410958904 0.11997126436781609 0.15835616438356162
0 0.4845545977011494 0.8597260273972602 0.18031609195402298 0.18301369863013697
