0 0.4825487012987013 0.9233167082294265 0.20373376623376624 0.16708229426433915
1 0.3327922077922078 0.9432668329177057 0.15422077922077923 0.12468827930174563
2 0.6696428571428572 0.7425187032418953 0.18993506493506496 0.15835411471321695
3 0.6209415584415585 0.5096633416458852 0.15097402597402598 0.16022443890274313
3 0.4837662337662338 0.4993765586034913 0.137987012987013 0.14588528678304238
3 0.3685064935064935 0.524002493765586 0.09902597402597403 0.135286783042394
3 0.2637987012987013 0.5648379052369077 0.1038961038961039 0.12468827930174563
4 0.8003246753246753 0.5670199501246883 0.137987012987013 0.11658354114713217
4 0.6473214285714286 0.40211970074812964 0.14042207792207792 0.12468827930174563
4 0.4882305194805195 0.38965087281795513 0.12905844155844157 0.12094763092269327
4 0.3685064935064935 0.42144638403990026 0.11525974025974027 0.11596009975062344
4 0.23782467532467533 0.4763092269326683 0.11850649350649352 0.11596009975062344
6 0.9062500000000001 0.4348503740648379 0.200487012987013 0.17768079800498754
6 0.708198051948052 0.12967581047381546 0.12905844155844157 0.12468827930174563
6 0.523538961038961 0.06546134663341646 0.10714285714285715 0.13840399002493764
6 0.34618506493506496 0.11377805486284288 0.12094155844155845 0.12655860349127182
6 0.12175324675324677 0.25124688279301743 0.13474025974025974 0.10972568578553615
5 0.1619318181818182 0.35380299251870323 0.1534090909090909 0.08665835411471322
5 0.3445616883116883 0.2690149625935162 0.14042207792207792 0.09912718204488778
5 0.5223214285714286 0.2291147132169576 0.1534090909090909 0.09538653366583541
5 0.6846590909090909 0.2649625935162095 0.13717532467532467 0.09975062344139651
