5 0.6488858879135719 0.3766066838046272 0.07157326130992574 0.07455012853470437
5 0.5256583389601621 0.37821336760925445 0.08170155300472653 0.07133676092544987
5 0.4237002025658339 0.4215938303341902 0.08035111411208644 0.06683804627249357
5 0.337609723160027 0.5581619537275064 0.07562457798784605 0.07262210796915167
6 0.261647535449021 0.5118894601542416 0.08035111411208644 0.07519280205655526
6 0.37440918298446996 0.3184447300771208 0.09385550303848751 0.10732647814910025
6 0.5077650236326806 0.26703084832904883 0.10803511141120865 0.09575835475578405
6 0.6580013504388926 0.2782776349614396 0.08035111411208644 0.09897172236503855
6 0.900067521944632 0.5559125964010282 0.12964213369345037 0.11053984575835475
4 0.6343686698176908 0.4736503856041131 0.08710330857528698 0.07969151670951156
4 0.5418636056718434 0.48329048843187655 0.08710330857528698 0.07969151670951156
4 0.47029034436191763 0.5138174807197943 0.08170155300472653 0.07647814910025706
4 0.39669142471303176 0.5880462724935732 0.08440243079000675 0.061696658097686374
4 0.8028359216745443 0.6246786632390745 0.07832545577312627 0.06683804627249357
3 0.6330182309250507 0.5469151670951157 0.08710330857528698 0.10411311053984575
3 0.5648210668467252 0.5620179948586118 0.08035111411208644 0.11375321336760924
3 0.4932478055367995 0.580012853470437 0.07224848075624578 0.09447300771208225
3 0.4402430790006753 0.6262853470437018 0.07562457798784605 0.08933161953727506
2 0.6964888588791358 0.6995501285347043 0.1262660364618501 0.11246786632390744
1 0.5070898041863606 0.8672879177377891 0.08912896691424714 0.11889460154241645
0 0.6009453072248481 0.8759640102827763 0.12018906144496962 0.15938303341902313
