0 0.4913725490196078 0.9484361792054099 0.1403921568627451 0.1386306001690617
1 0.38627450980392153 0.9530853761622992 0.10901960784313725 0.12256973795435333
2 0.6325490196078432 0.7599323753169906 0.15137254901960784 0.12848689771766694
4 0.752156862745098 0.684277261200338 0.09098039215686274 0.08706677937447167
4 0.5811764705882353 0.4691462383770076 0.08313725490196078 0.10481825866441251
4 0.4764705882352941 0.4725274725274725 0.09019607843137255 0.09805579036348266
4 0.38705882352941173 0.5008453085376162 0.0776470588235294 0.10904480135249366
4 0.30549019607843136 0.5650887573964497 0.0792156862745098 0.07692307692307691
3 0.3384313725490196 0.639898562975486 0.08549019607843136 0.12679628064243448
3 0.40470588235294114 0.6035502958579881 0.06901960784313725 0.13524936601859677
3 0.4780392156862745 0.5705832628909552 0.07450980392156863 0.1335587489433643
3 0.5682352941176471 0.5659340659340659 0.08235294117647059 0.12764158918005072
6 0.8647058823529411 0.6183431952662721 0.1403921568627451 0.11918850380388842
6 0.6690196078431372 0.2180896027049873 0.08941176470588234 0.1335587489433643
6 0.4823529411764706 0.16610312764158916 0.09254901960784313 0.11918850380388842
6 0.33098039215686276 0.22358410819949281 0.08784313725490196 0.11918850380388842
6 0.1568627450980392 0.4167371090448013 0.10196078431372549 0.0963651732882502
5 0.23529411764705882 0.49408284023668636 0.09098039215686274 0.08368554522400676
5 0.3576470588235294 0.3596787827557058 0.0972549019607843 0.09213863060016905
5 0.48470588235294115 0.3148774302620456 0.10352941176470588 0.0819949281487743
5 0.6298039215686274 0.3474218089602705 0.08784313725490196 0.09974640743871513
