5 0.581468218442256 0.217459324155194 0.12623097582811102 0.08948685857321652
5 0.42748433303491495 0.21214017521902379 0.13160250671441362 0.09011264080100126
5 0.3066248880931065 0.26564455569461826 0.13160250671441362 0.08448060075093868
5 0.18666069829901522 0.3857947434292866 0.12802148612354522 0.0707133917396746
6 0.12757385854968667 0.2878598247809762 0.1512981199641898 0.10763454317897372
6 0.27618621307072516 0.13172715894868586 0.12085944494180842 0.10951188986232792
6 0.39704565801253355 0.08322903629536921 0.144136078782453 0.11264080100125157
6 0.5649059982094897 0.09949937421777222 0.11638316920322292 0.10387984981226533
6 0.8804834377797672 0.3241551939924906 0.1638316920322292 0.15143929912390489
4 0.5859444941808415 0.33573216520650817 0.13160250671441362 0.10951188986232792
4 0.459265890778872 0.35575719649561954 0.12891674127126232 0.10951188986232792
4 0.35273052820053713 0.39173967459324155 0.11101163831692032 0.11264080100125157
4 0.26230975828111014 0.45713391739674597 0.12891674127126232 0.10450563204005006
4 0.7990152193375112 0.45150187734668334 0.13339301700984782 0.1195244055068836
3 0.5890778871978514 0.4352315394242804 0.13070725156669652 0.13078848560700876
3 0.4695613249776186 0.45525657071339176 0.12623097582811102 0.14455569461827283
3 0.37869292748433303 0.49593241551939926 0.11817367949865712 0.139549436795995
3 0.3079677708146822 0.5384856070087609 0.12891674127126232 0.11451814768460576
2 0.7153088630259624 0.5982478097622028 0.22381378692927484 0.14643304130162704
1 0.41136974037600715 0.80819774718398 0.144136078782453 0.15331664580725907
0 0.553715308863026 0.8053817271589487 0.22112802148612354 0.1902377972465582
