0 0.4884713919726729 0.8697638994668698 0.18104184457728437 0.17364813404417365
1 0.3706233988044406 0.864051789794364 0.10076857386848848 0.13937547600913938
2 0.6584116140051238 0.7003046458492003 0.1947053800170794 0.13328255902513328
3 0.6280956447480786 0.48743335872048743 0.12040990606319385 0.16755521706016757
3 0.5162254483347566 0.47182025894897184 0.089666951323655 0.14394516374714394
3 0.42442356959863364 0.5015232292460016 0.09393680614859094 0.15613099771515612
3 0.3441502988898377 0.5156130997715156 0.07685738684884715 0.11576542269611577
4 0.7865072587532024 0.594059405940594 0.12980358667805295 0.10967250571210968
4 0.6447480785653288 0.38461538461538464 0.11101622544833475 0.11119573495811119
4 0.5187873612297181 0.3674790555978675 0.10333048676345004 0.11195734958111196
4 0.39581554227156274 0.39756283320639757 0.0982066609735269 0.12033511043412033
4 0.3031596925704526 0.4565879664889566 0.11101622544833475 0.09672505712109673
6 0.892399658411614 0.5167555217060168 0.12980358667805295 0.14546839299314548
6 0.7134927412467976 0.15194211728865195 0.0982066609735269 0.10281797410510282
6 0.513663535439795 0.08035034272658036 0.10333048676345004 0.10738766184310738
6 0.3116994022203245 0.12604722010662606 0.0990606319385141 0.12261995430312263
6 0.14901793339026473 0.2817974105102818 0.11528608027327071 0.12033511043412033
5 0.22843723313407344 0.3804265041888804 0.12040990606319385 0.08149276466108149
5 0.35269000853970967 0.2578065498857578 0.11272416737830913 0.08149276466108149
5 0.5149444918872759 0.214013709063214 0.11101622544833475 0.07463823305407465
5 0.6818958155422715 0.26580350342726583 0.12724167378309137 0.07920792079207921
