5 0.62490869247626 0.259748427672956 0.11906501095690285 0.07924528301886792
5 0.44558071585098613 0.2411949685534591 0.1460920379839299 0.09245283018867924
5 0.30131482834185536 0.30974842767295596 0.12344777209642074 0.09119496855345911
5 0.17567567567567569 0.42484276729559745 0.10591672753834916 0.07735849056603773
6 0.09349890430971512 0.339937106918239 0.1212563915266618 0.08867924528301886
6 0.23593864134404677 0.16572327044025156 0.1460920379839299 0.120125786163522
6 0.40796201607012417 0.10157232704402515 0.13951789627465302 0.12767295597484277
6 0.656318480642805 0.14245283018867924 0.12344777209642074 0.12767295597484277
6 0.8655953250547845 0.4616352201257861 0.15047479912344777 0.13962264150943396
4 0.5847333820306794 0.39276729559748425 0.11029948867786706 0.09874213836477987
4 0.45763330898466037 0.3842767295597484 0.11176040905770636 0.11949685534591194
4 0.3487947406866326 0.42987421383647795 0.11906501095690285 0.10628930817610062
4 0.25967859751643535 0.5062893081761006 0.09861212563915267 0.08930817610062892
4 0.7607742878013148 0.5493710691823899 0.14390065741417093 0.11257861635220125
3 0.581446311176041 0.48018867924528297 0.11249086924762601 0.14528301886792452
3 0.47005113221329436 0.4839622641509434 0.09715120525931337 0.1490566037735849
3 0.38093498904309714 0.5157232704402516 0.08984660336011688 0.14339622641509434
3 0.29912344777209643 0.5654088050314465 0.10153396639883126 0.13333333333333333
2 0.6373265157048941 0.6823899371069182 0.19357195032870708 0.15471698113207547
1 0.3327246165084003 0.8594339622641509 0.12783053323593865 0.18427672955974841
0 0.46676406135865595 0.8776729559748427 0.2205989773557341 0.16666666666666666
