0 0.4942667471333736 0.7634605331939361 0.17984308992154496 0.1615263983272347
1 0.38080869040434523 0.7598013591217982 0.11225105612552806 0.16466283324621014
2 0.6282438141219071 0.595138525875588 0.18225709112854557 0.12179822268687925
4 0.7308388654194328 0.4958180867746994 0.11466505733252867 0.08834291688447464
4 0.5597465298732649 0.3238369053842133 0.1019915509957755 0.10088865656037636
4 0.448098974049487 0.3240982749607946 0.09595654797827399 0.08677469942498693
4 0.3633071816535908 0.35572399372713015 0.09414604707302354 0.09043387349712494
4 0.28968014484007243 0.4161003659174072 0.09414604707302354 0.0836382645060115
3 0.3153289076644538 0.47647673810768426 0.08750754375377189 0.10088865656037636
3 0.37779118889559443 0.4357030841610036 0.07362703681351841 0.10820700470465237
3 0.4535304767652384 0.4161003659174072 0.08992154496077248 0.13277574490329325
3 0.5588412794206398 0.40747516989022475 0.10018105009052505 0.10820700470465237
6 0.8080869040434521 0.3991113434396236 0.1412190706095353 0.11343439623627809
6 0.5790585395292698 0.10690015682174595 0.08388654194327097 0.08834291688447464
6 0.40404345202172604 0.07579717720857292 0.11044055522027761 0.09722948248823836
6 0.2836451418225709 0.1301620491374804 0.08569704284852142 0.09932043910088866
6 0.15781532890766445 0.2566649242028228 0.1044055522027761 0.10454783063251437
5 0.21816535908267953 0.33899634082592783 0.11044055522027761 0.06743335075797177
5 0.3195534097767049 0.23993727130162049 0.09595654797827399 0.07109252483010978
5 0.4390464695232348 0.20439100888656558 0.10681955340977671 0.07841087297438577
5 0.5678937839468919 0.2151071615263983 0.09776704888352444 0.07788813382122321
