5 0.5491071428571429 0.2173913043478261 0.11282467532467533 0.08300395256916997
5 0.40665584415584416 0.20948616600790515 0.14285714285714288 0.08300395256916997
5 0.25689935064935066 0.2763504611330698 0.1176948051948052 0.06653491436100133
5 0.16355519480519481 0.41139657444005273 0.09983766233766235 0.08102766798418973
6 0.09577922077922078 0.32806324110671936 0.13961038961038963 0.09749670619235837
6 0.21834415584415587 0.16073781291172595 0.13474025974025974 0.12779973649538867
6 0.3855519480519481 0.09387351778656126 0.10551948051948053 0.10737812911725955
6 0.5503246753246753 0.1080368906455863 0.11525974025974027 0.11989459815546773
6 0.8981331168831169 0.43445322793148883 0.16801948051948054 0.11923583662714098
4 0.5393668831168832 0.3339920948616601 0.13717532467532467 0.10540184453227933
4 0.41801948051948057 0.3339920948616601 0.1103896103896104 0.11330698287220027
4 0.30194805194805197 0.38899868247694336 0.11201298701298702 0.11791831357048749
4 0.21834415584415587 0.4749670619235837 0.13474025974025974 0.08695652173913043
4 0.7824675324675325 0.5184453227931489 0.1444805194805195 0.10144927536231885
3 0.538961038961039 0.4173254281949934 0.11201298701298702 0.12977602108036893
3 0.4228896103896104 0.4334650856389987 0.1103896103896104 0.12121212121212122
3 0.3392857142857143 0.4749670619235837 0.11201298701298702 0.11198945981554678
3 0.2670454545454546 0.5296442687747036 0.10714285714285715 0.09486166007905139
2 0.6485389610389611 0.6047430830039526 0.21915584415584416 0.11330698287220027
1 0.37540584415584416 0.7951251646903821 0.11931818181818182 0.13175230566534915
0 0.4890422077922078 0.7974308300395258 0.1875 0.17193675889328064
