0 0.45923734385272846 0.8661037394451145 0.16896778435239976 0.18938480096501809
1 0.3560157790927022 0.8576598311218335 0.11242603550295859 0.16284680337756333
2 0.63379355687048 0.6731001206272618 0.190664036817883 0.13268998793727382
3 0.5670611439842209 0.48703256936067546 0.09664694280078896 0.12484921592279855
3 0.4743589743589744 0.4849215922798552 0.0821827744904668 0.11218335343787696
3 0.3980933596318212 0.5090470446320868 0.07955292570677186 0.12183353437876959
3 0.33004602235371466 0.5262364294330518 0.08678500986193294 0.11640530759951748
4 0.7817225509533202 0.5829312424607961 0.1433267587113741 0.10072376357056693
4 0.5946745562130178 0.4056091676718938 0.12689020381328076 0.10796139927623642
4 0.47074293228139386 0.3926417370325693 0.09598948060486523 0.10494571773220747
4 0.37738330046022356 0.41948130277442697 0.08678500986193294 0.11399276236429433
4 0.297172912557528 0.4556694813027744 0.09467455621301776 0.09951749095295537
6 0.8872452333990796 0.5078407720144752 0.14661406969099278 0.11097708082026538
6 0.6571334648257725 0.18546441495778043 0.09007232084155162 0.09951749095295537
6 0.44280078895463515 0.14384800965018094 0.11768573307034846 0.109167671893848
6 0.3007889546351085 0.18094089264173702 0.09664694280078896 0.11338962605548854
6 0.17784352399737016 0.30156815440289503 0.10059171597633136 0.08805790108564535
5 0.22813938198553585 0.3745476477683956 0.09467455621301776 0.07117008443908322
5 0.34122287968441817 0.30096501809408926 0.08547008547008547 0.06996381182147164
5 0.46153846153846156 0.2717129071170084 0.11439842209072978 0.0729794933655006
5 0.6357659434582512 0.29583835946924003 0.08678500986193294 0.0910735826296743
