5 0.6697877652933832 0.2877005347593583 0.11485642946317104 0.0983957219251337
5 0.5243445692883896 0.24545454545454545 0.1348314606741573 0.10481283422459893
5 0.36641697877652935 0.2681818181818182 0.11485642946317104 0.08074866310160428
5 0.21223470661672908 0.34037433155080216 0.132334581772784 0.08502673796791443
6 0.15886392009987516 0.2320855614973262 0.14294631710362046 0.12192513368983958
6 0.3651685393258427 0.12433155080213903 0.132334581772784 0.14171122994652408
6 0.5705368289637953 0.10347593582887701 0.1348314606741573 0.13529411764705881
6 0.6991260923845194 0.1590909090909091 0.1223470661672909 0.12032085561497327
6 0.9185393258426966 0.5735294117647058 0.2066167290886392 0.1481283422459893
4 0.5880149812734082 0.4112299465240642 0.12983770287141075 0.11764705882352941
4 0.4837702871410737 0.3925133689839572 0.10986267166042447 0.11550802139037433
4 0.37297128589263423 0.4144385026737968 0.10674157303370786 0.10267379679144385
4 0.2621722846441948 0.4374331550802139 0.10986267166042447 0.0962566844919786
4 0.7590511860174781 0.6438502673796792 0.12734082397003746 0.1090909090909091
3 0.5646067415730337 0.5008021390374332 0.10549313358302123 0.15133689839572192
3 0.46598002496878904 0.4823529411764706 0.09925093632958802 0.14010695187165775
3 0.384207240948814 0.5050802139037434 0.09425717852684144 0.13101604278074866
3 0.2965043695380774 0.5125668449197861 0.09737827715355805 0.13315508021390374
1 0.58458177278402 0.7179144385026738 0.21910112359550563 0.12459893048128343
2 0.32053682896379526 0.9032085561497326 0.16541822721598004 0.16363636363636364
0 0.44818976279650435 0.8649732620320856 0.18352059925093633 0.1983957219251337
