0 0.5632861635220127 0.7814792176039119 0.14544025157232704 0.1558679706601467
1 0.4677672955974843 0.8053178484107579 0.1179245283018868 0.13141809290953546
2 0.6772798742138365 0.6396699266503667 0.154874213836478 0.10941320293398533
3 0.6576257861635221 0.5021393643031785 0.10141509433962265 0.12041564792176039
3 0.5562106918238994 0.49297066014669927 0.08254716981132076 0.12041564792176039
3 0.4811320754716981 0.5048899755501223 0.07704402515723272 0.12224938875305623
3 0.4084119496855346 0.5247555012224939 0.08254716981132076 0.1167481662591687
4 0.7991352201257862 0.558679706601467 0.13286163522012578 0.0941320293398533
4 0.6761006289308177 0.4235941320293399 0.09433962264150944 0.10146699266503667
4 0.5691823899371069 0.41014669926650366 0.09433962264150944 0.0941320293398533
4 0.46540880503144655 0.4223716381418093 0.09905660377358491 0.08801955990220049
4 0.38522012578616355 0.45904645476772615 0.08176100628930819 0.08679706601466992
6 0.8970125786163522 0.49786063569682154 0.13050314465408805 0.09963325183374083
6 0.777122641509434 0.24449877750611246 0.12342767295597484 0.10513447432762836
6 0.5715408805031447 0.1882640586797066 0.09905660377358491 0.08679706601466992
6 0.42570754716981135 0.21363080684596578 0.09669811320754718 0.1069682151589242
6 0.31525157232704404 0.30103911980440096 0.09433962264150944 0.07885085574572127
5 0.35141509433962265 0.37622249388753054 0.09905660377358491 0.06418092909535453
5 0.44732704402515727 0.3199877750611247 0.11163522012578617 0.0715158924205379
5 0.5668238993710693 0.29553789731051344 0.11320754716981132 0.0678484107579462
5 0.7409591194968553 0.3367970660146699 0.1360062893081761 0.08312958435207823
