5 0.6139191290824261 0.24561403508771928 0.12830482115085537 0.09876543209876543
5 0.4296267496111975 0.21150097465886938 0.12208398133748057 0.08771929824561403
5 0.27993779160186627 0.2699805068226121 0.12752721617418353 0.0903183885640026
5 0.1411353032659409 0.37686809616634176 0.11430793157076205 0.08057179987004548
6 0.057153965785381025 0.28037686809616635 0.10186625194401244 0.096816114359974
6 0.24339035769828926 0.12345679012345678 0.1244167962674961 0.1221572449642625
6 0.4572317262830482 0.06952566601689408 0.1166407465007776 0.1299545159194282
6 0.6586314152410575 0.1267056530214425 0.104199066874028 0.1221572449642625
6 0.7849922239502333 0.3775178687459389 0.15318818040435458 0.13515269655620532
4 0.562208398133748 0.3700454840805718 0.12752721617418353 0.11500974658869395
4 0.43623639191290825 0.36029889538661464 0.11975116640746501 0.11500974658869395
4 0.32076205287713844 0.4057829759584145 0.11430793157076205 0.11371020142949967
4 0.21889580093312597 0.4587394411955815 0.11430793157076205 0.10526315789473684
4 0.7013996889580093 0.5084470435347628 0.13996889580093314 0.10721247563352826
3 0.26360808709175737 0.5321637426900585 0.1104199066874028 0.1364522417153996
3 0.3405909797822706 0.48862897985705 0.09020217729393468 0.11825860948667966
3 0.427293934681182 0.45971410006497726 0.12674961119751166 0.14619883040935672
3 0.5404354587869362 0.46068875893437294 0.1119751166407465 0.14814814814814814
2 0.6104199066874028 0.6465237166991553 0.19751166407465007 0.14165042235217673
1 0.3464230171073095 0.855425601039636 0.12208398133748057 0.15789473684210525
0 0.45062208398133746 0.8476283300844704 0.21228615863141523 0.18908382066276802
