0 0.4995860927152318 0.7554535017221584 0.1763245033112583 0.16073478760045926
1 0.37210264900662254 0.7603329506314581 0.12003311258278146 0.1555683122847302
2 0.6713576158940397 0.6021814006888634 0.1986754966887417 0.1113662456946039
3 0.6063741721854304 0.4305396096440873 0.11506622516556292 0.121699196326062
3 0.4904801324503311 0.4296785304247991 0.1216887417218543 0.12342135476463835
3 0.37996688741721857 0.4598163030998852 0.08940397350993377 0.10907003444316878
3 0.3029801324503311 0.49885189437428246 0.09933774834437085 0.10218140068886337
4 0.7918046357615894 0.493398392652124 0.125 0.09012629161882893
4 0.6266556291390728 0.3415614236509759 0.11423841059602649 0.09873708381171067
4 0.4830298013245033 0.3450057405281286 0.10678807947019868 0.09184845005740529
4 0.37748344370860926 0.3777267508610792 0.09933774834437085 0.09414466130884042
4 0.2781456953642384 0.432548794489093 0.10430463576158941 0.08323765786452354
6 0.8700331125827815 0.4015499425947187 0.13741721854304637 0.11653272101033295
6 0.6941225165562914 0.15269804822043628 0.10182119205298014 0.09873708381171067
6 0.4966887417218543 0.10734787600459242 0.10927152317880795 0.1044776119402985
6 0.31870860927152317 0.14724454649827784 0.11423841059602649 0.10275545350172216
6 0.17052980132450332 0.27870264064293915 0.09933774834437085 0.08668197474167624
5 0.21274834437086093 0.3478760045924225 0.12748344370860928 0.06199770378874857
5 0.33774834437086093 0.2611940298507463 0.11258278145695365 0.06544202066590127
5 0.49337748344370863 0.22129735935706085 0.13741721854304637 0.07405281285878301
5 0.660182119205298 0.2468427095292767 0.12003311258278146 0.07577497129735936
