5 0.5938981042654029 0.2985611510791367 0.09419431279620853 0.0657074340527578
5 0.4665284360189574 0.2827338129496403 0.08945497630331754 0.0657074340527578
5 0.36818720379146924 0.323021582733813 0.10959715639810427 0.0800959232613909
5 0.25148104265402843 0.4 0.10367298578199052 0.05851318944844125
6 0.22837677725118485 0.31103117505995204 0.0787914691943128 0.09064748201438849
6 0.3687796208530806 0.2081534772182254 0.10130331753554503 0.09784172661870504
6 0.48607819905213273 0.16282973621103117 0.11196682464454977 0.09928057553956834
6 0.6045616113744077 0.20455635491606716 0.09419431279620853 0.0973621103117506
6 0.7692535545023698 0.4594724220623501 0.10722748815165878 0.13525179856115108
4 0.5533175355450237 0.4105515587529976 0.10545023696682465 0.09016786570743406
4 0.44786729857819907 0.4141486810551559 0.08293838862559243 0.086810551558753
4 0.3649289099526067 0.44628297362110314 0.07701421800947868 0.09064748201438849
4 0.2834715639810427 0.4788968824940048 0.0787914691943128 0.08489208633093526
4 0.690462085308057 0.5573141486810552 0.10485781990521328 0.07961630695443646
3 0.5340639810426541 0.4836930455635492 0.09893364928909953 0.10311750599520383
3 0.44105450236966826 0.4947242206235012 0.09656398104265404 0.11366906474820145
3 0.37440758293838866 0.5170263788968825 0.08530805687203792 0.09784172661870504
3 0.3074644549763033 0.5455635491606715 0.08293838862559243 0.10119904076738609
2 0.5891587677725119 0.676978417266187 0.15580568720379148 0.10119904076738609
1 0.3480450236966825 0.8244604316546763 0.10722748815165878 0.13717026378896882
0 0.4505331753554503 0.8304556354916067 0.16054502369668247 0.16354916067146283
