0 0.5101547388781431 0.9222614840989399 0.20986460348162475 0.1667844522968198
1 0.35106382978723405 0.927208480565371 0.1470019342359768 0.1371024734982332
2 0.7117988394584139 0.7130742049469965 0.29206963249516443 0.17102473498233214
3 0.6204061895551257 0.5024734982332155 0.13056092843326886 0.15123674911660775
3 0.4734042553191489 0.5045936395759717 0.13636363636363635 0.15123674911660775
3 0.3795938104448743 0.5392226148409893 0.11702127659574468 0.1371024734982332
3 0.26692456479690524 0.5742049469964664 0.11992263056092843 0.14346289752650176
4 0.8099613152804642 0.5537102473498233 0.1576402321083172 0.1293286219081272
4 0.6233075435203095 0.3890459363957597 0.13636363636363635 0.11943462897526501
4 0.4816247582205029 0.39363957597173144 0.12572533849129594 0.11731448763250883
4 0.36315280464216637 0.43356890459363956 0.12282398452611219 0.11802120141342756
4 0.23500967117988394 0.4851590106007067 0.13346228239845262 0.10530035335689046
6 0.9013539651837524 0.4318021201413427 0.1470019342359768 0.14558303886925794
6 0.6711798839458414 0.1508833922261484 0.13926499032882012 0.11802120141342756
6 0.4695357833655706 0.09717314487632508 0.11702127659574468 0.10954063604240283
6 0.30319148936170215 0.14982332155477032 0.14410058027079303 0.127208480565371
6 0.10444874274661509 0.2862190812720848 0.12572533849129594 0.111660777385159
5 0.17504835589941972 0.39363957597173144 0.13926499032882012 0.07773851590106007
5 0.3293036750483559 0.29257950530035337 0.13056092843326886 0.07773851590106007
5 0.48017408123791105 0.2487632508833922 0.1286266924564797 0.09752650176678444
5 0.660541586073501 0.2614840989399293 0.13346228239845262 0.0989399293286219
