5 0.7128353879622915 0.3535958904109589 0.11312545322697608 0.07819634703196346
5 0.49274836838288616 0.2882420091324201 0.13705583756345177 0.08447488584474885
5 0.3353879622915156 0.329337899543379 0.10514865844815084 0.08447488584474885
5 0.2226250906453952 0.4160958904109589 0.08846990572878898 0.07648401826484018
6 0.15808556925308195 0.3339041095890411 0.11022480058013054 0.08447488584474885
6 0.2976794778825236 0.20376712328767121 0.10514865844815084 0.09931506849315068
6 0.4923857868020305 0.1581050228310502 0.10732414793328499 0.10159817351598173
6 0.7596084118926759 0.24914383561643835 0.11530094271211022 0.0884703196347032
6 0.9035532994923858 0.6073059360730593 0.145032632342277 0.11187214611872145
4 0.6269035532994924 0.4511986301369863 0.11820159535895577 0.10331050228310501
4 0.4869470630891951 0.427796803652968 0.09644670050761421 0.10331050228310501
4 0.37962291515591007 0.4489155251141552 0.09644670050761421 0.08618721461187215
4 0.2922407541696882 0.48801369863013694 0.10442349528643945 0.08447488584474885
4 0.7770123277737491 0.6341324200913242 0.13705583756345177 0.091324200913242
3 0.5852066715010877 0.533390410958904 0.11022480058013054 0.13755707762557076
3 0.46954314720812185 0.5154109589041096 0.09934735315445975 0.1095890410958904
3 0.3905003625815809 0.5299657534246575 0.08339376359680928 0.1158675799086758
3 0.3205221174764322 0.5642123287671232 0.07541696881798404 0.11815068493150685
2 0.6189267585206671 0.7049086757990867 0.18781725888324874 0.11643835616438356
1 0.340826686004351 0.8778538812785388 0.15083393763596809 0.1689497716894977
0 0.4659173313995649 0.8769977168949771 0.17186366932559827 0.19006849315068491
