0 0.5059713375796179 0.7710683477106834 0.14410828025477707 0.15262110152621103
1 0.4064490445859873 0.7700729927007299 0.08837579617834396 0.1360318513603185
2 0.6460987261146497 0.5962176509621765 0.14570063694267515 0.13735899137358992
3 0.5911624203821656 0.42800265428002654 0.08519108280254778 0.11147976111479761
3 0.4976114649681529 0.43861977438619776 0.09076433121019109 0.11413404114134042
3 0.41799363057324845 0.4678168546781685 0.07165605095541401 0.10484406104844061
3 0.34753184713375795 0.5119442601194426 0.08359872611464969 0.10019907100199071
4 0.7563694267515924 0.49037823490378235 0.11305732484076433 0.08626410086264101
4 0.6062898089171975 0.3493696084936961 0.08519108280254778 0.09887193098871931
4 0.49482484076433125 0.3560053085600531 0.08837579617834396 0.08825481088254811
4 0.392515923566879 0.39482415394824155 0.09076433121019109 0.09422694094226941
4 0.3069267515923567 0.453550099535501 0.08678343949044587 0.08161911081619111
6 0.8702229299363058 0.4130723291307233 0.13853503184713375 0.09887193098871931
6 0.686703821656051 0.13072329130723293 0.08359872611464969 0.08759124087591241
6 0.5095541401273885 0.09323158593231586 0.10031847133757962 0.09887193098871931
6 0.29697452229299365 0.16025215660252157 0.09235668789808918 0.10019907100199071
6 0.18113057324840764 0.3122096881220969 0.08359872611464969 0.09223623092236231
5 0.24761146496815287 0.38254810882548107 0.09394904458598727 0.0537491705374917
5 0.3439490445859873 0.2733908427339084 0.09394904458598727 0.0743198407431984
5 0.5079617834394905 0.21333775713337758 0.10031847133757962 0.0776376907763769
5 0.6596337579617835 0.23125414731254149 0.10748407643312102 0.0789648307896483
