5 0.6950294860994103 0.27163461538461536 0.09941027801179443 0.09775641025641026
5 0.5404380791912384 0.24479166666666666 0.11878685762426285 0.09695512820512821
5 0.3921651221566975 0.29967948717948717 0.12552653748946924 0.09935897435897435
5 0.2548441449031171 0.4362980769230769 0.10699241786015164 0.08413461538461538
6 0.17059814658803707 0.3425480769230769 0.13732097725358045 0.11298076923076923
6 0.3652064026958719 0.15985576923076922 0.11878685762426285 0.14022435897435898
6 0.544229149115417 0.1045673076923077 0.12131423757371525 0.13381410256410256
6 0.7375737152485257 0.14182692307692307 0.12384161752316765 0.1266025641025641
6 0.9073294018534119 0.44631410256410253 0.15669755686604886 0.16506410256410256
4 0.6554338668913227 0.4026442307692308 0.13984835720303285 0.12900641025641024
4 0.5278011794439764 0.4094551282051282 0.09688289806234203 0.11538461538461538
4 0.42586352148272955 0.4475160256410256 0.10193765796124683 0.11939102564102563
4 0.3235046335299073 0.5220352564102564 0.10614995787700084 0.10176282051282051
4 0.8230834035383319 0.5821314102564102 0.13310867733782644 0.10817307692307691
3 0.6322662173546756 0.5176282051282051 0.11878685762426285 0.16506410256410256
3 0.5214827295703454 0.516426282051282 0.10446503791069923 0.14503205128205127
3 0.43513058129738835 0.548076923076923 0.08845829823083404 0.14423076923076922
3 0.35678180286436395 0.5953525641025641 0.08340353833192923 0.1266025641025641
2 0.7042965459140691 0.7275641025641025 0.19882055602358886 0.14743589743589744
1 0.41954507160909854 0.9318910256410257 0.11457455770850884 0.11698717948717949
0 0.5480202190395956 0.9274839743589743 0.21145745577085087 0.13541666666666666
