0 0.4857969489742241 0.8172231985940246 0.14676486059968438 0.14323374340949033
1 0.38506049447659124 0.8110720562390158 0.08837453971593898 0.13884007029876977
2 0.6109942135718043 0.6812390158172231 0.13203577064702787 0.1164323374340949
3 0.5791688584955287 0.524384885764499 0.08837453971593898 0.11028119507908611
3 0.49789584429247763 0.5259226713532513 0.08153603366649131 0.10193321616871705
3 0.4302998421883219 0.5428383128295254 0.07364544976328248 0.09622144112478032
3 0.36507101525512886 0.5720562390158171 0.07048921620199894 0.10720562390158171
4 0.6980536559705418 0.5727152899824253 0.10520778537611783 0.08919156414762741
4 0.5957390846922672 0.4604569420035149 0.08679642293529721 0.08260105448154657
4 0.5060494476591267 0.4597978910369068 0.08206207259337191 0.08655536028119508
4 0.42766964755391895 0.47649384885764495 0.07469752761704365 0.07513181019332162
4 0.3542872172540768 0.5134007029876977 0.07522356654392424 0.07688927943760984
6 0.7674907943187795 0.48484182776801404 0.11678064176749078 0.08655536028119508
6 0.674118884797475 0.2680140597539543 0.08679642293529721 0.0852372583479789
6 0.55365597054182 0.2352811950790861 0.08048395581273014 0.08919156414762741
6 0.42924776433456074 0.2625219683655536 0.08837453971593898 0.07952548330404217
6 0.30746975276170435 0.343804920913884 0.08153603366649131 0.08919156414762741
5 0.33666491320357705 0.437390158172232 0.09363492898474488 0.0672231985940246
5 0.42503945291951606 0.3635764499121265 0.07995791688584955 0.058435852372583474
5 0.5286691215149921 0.3453427065026362 0.09363492898474488 0.0641476274165202
5 0.6380852183061546 0.35588752196836554 0.08837453971593898 0.06854130052724076
