5 0.5709169054441261 0.25672645739910316 0.1461318051575931 0.08520179372197309
5 0.4154727793696275 0.23066143497757846 0.14326647564469913 0.0992152466367713
5 0.2825931232091691 0.28167040358744394 0.1325214899713467 0.09360986547085201
5 0.15436962750716332 0.38004484304932734 0.1353868194842407 0.08295964125560538
6 0.1078080229226361 0.26597533632286996 0.12249283667621776 0.10369955156950672
6 0.26826647564469913 0.13621076233183857 0.11389684813753581 0.11434977578475336
6 0.42478510028653294 0.08520179372197309 0.12464183381088825 0.12443946188340807
6 0.5863180515759312 0.13536995515695066 0.14111747851002865 0.12051569506726457
6 0.8850286532951289 0.48934977578475336 0.16404011461318052 0.1266816143497758
4 0.5601719197707736 0.39181614349775784 0.1461318051575931 0.09753363228699552
4 0.41117478510028654 0.3867713004484305 0.10888252148997134 0.11434977578475336
4 0.2951289398280802 0.42124439461883406 0.10744985673352435 0.11042600896860987
4 0.18624641833810887 0.4694506726457399 0.10888252148997134 0.0992152466367713
4 0.7410458452722063 0.5770739910313901 0.1167621776504298 0.10369955156950672
3 0.5479942693409742 0.49243273542600896 0.12750716332378223 0.14966367713004483
3 0.4036532951289398 0.4817825112107623 0.11962750716332378 0.13733183856502243
3 0.3055157593123209 0.5070067264573991 0.10386819484240688 0.12051569506726457
3 0.20343839541547276 0.5532511210762332 0.10601719197707736 0.1266816143497758
2 0.5999283667621776 0.6967488789237668 0.2356733524355301 0.1390134529147982
1 0.2825931232091691 0.8629484304932735 0.1325214899713467 0.15975336322869954
0 0.4208452722063037 0.8576233183856502 0.20128939828080228 0.1827354260089686
