0 0.5281306715063521 0.8697780678851175 0.20508166969147004 0.17819843342036554
1 0.3933756805807622 0.8488903394255874 0.1352087114337568 0.14556135770234988
2 0.7286751361161524 0.6638381201044387 0.16333938294010888 0.15535248041775457
3 0.6574410163339383 0.4915143603133159 0.12613430127041741 0.1370757180156658
3 0.5344827586206896 0.4781331592689295 0.12885662431941924 0.1272845953002611
3 0.4201451905626134 0.5068537859007833 0.09618874773139746 0.11553524804177547
3 0.34029038112522686 0.5558093994778068 0.11252268602540834 0.11031331592689295
4 0.7899274047186933 0.5055483028720626 0.10980036297640652 0.10900783289817233
4 0.6506352087114338 0.3893603133159269 0.12159709618874773 0.10248041775456919
4 0.5208711433756805 0.38903394255874674 0.12885662431941924 0.09399477806788512
4 0.4083484573502722 0.42428198433420367 0.11070780399274047 0.09921671018276762
4 0.3189655172413793 0.48629242819843344 0.11524500907441015 0.09138381201044386
6 0.8475499092558983 0.3857702349869452 0.12885662431941924 0.13054830287206268
6 0.6488203266787659 0.12859007832898173 0.11252268602540834 0.11618798955613577
6 0.46823956442831216 0.10052219321148825 0.11070780399274047 0.11618798955613577
6 0.338021778584392 0.15078328981723238 0.09891107078039928 0.097911227154047
6 0.20190562613430127 0.28133159268929503 0.11524500907441015 0.10704960835509139
5 0.25680580762250454 0.38903394255874674 0.1234119782214156 0.07441253263707572
5 0.382032667876588 0.28949086161879894 0.11796733212341197 0.06462140992167102
5 0.4959165154264973 0.23531331592689295 0.10980036297640652 0.07114882506527415
5 0.6565335753176044 0.24934725848563968 0.1279491833030853 0.0926892950391645
