5 0.6254589963280294 0.40105386416861827 0.0795593635250918 0.07377049180327869
5 0.5287637698898409 0.3597775175644028 0.07711138310893512 0.06850117096018736
5 0.4326805385556915 0.38173302107728335 0.06119951040391676 0.06791569086651054
5 0.30538555691554464 0.4774590163934426 0.07099143206854344 0.05562060889929742
6 0.24265605875152996 0.4259367681498829 0.08017135862913095 0.0778688524590164
6 0.419828641370869 0.281615925058548 0.06731946144430843 0.08313817330210772
6 0.5287637698898409 0.2570257611241218 0.06854345165238677 0.08313817330210772
6 0.6630966952264381 0.3114754098360656 0.07527539779681762 0.08079625292740047
6 0.7570379436964504 0.5374707259953162 0.12362301101591186 0.09953161592505855
4 0.593329253365973 0.4885831381733021 0.07527539779681762 0.0860655737704918
4 0.6854345165238678 0.6150468384074942 0.07099143206854344 0.06147540983606557
4 0.5174418604651162 0.47365339578454335 0.07160342717258261 0.07494145199063232
4 0.4476744186046511 0.49121779859484777 0.06548347613219094 0.06440281030444965
4 0.36933904528763767 0.5322014051522248 0.05691554467564259 0.05035128805620609
3 0.39351285189718477 0.5831381733021077 0.05140758873929008 0.09484777517564402
3 0.44828641370869027 0.5626463700234192 0.055691554467564255 0.09836065573770492
3 0.5061199510403916 0.5447892271662763 0.059975520195838426 0.08723653395784543
3 0.5758873929008568 0.5556206088992974 0.06976744186046512 0.10187353629976581
2 0.5930232558139534 0.6978922716627635 0.11505507955936352 0.08430913348946135
1 0.40146878824969395 0.843384074941452 0.0869033047735618 0.11182669789227166
0 0.487454100367197 0.8445550351288056 0.11933904528763768 0.14695550351288056
