0 0.49288135593220345 0.8568345323741008 0.13830508474576272 0.16402877697841728
1 0.3969491525423729 0.8820143884892087 0.0928813559322034 0.14388489208633093
2 0.6132203389830508 0.718705035971223 0.17016949152542374 0.13381294964028778
4 0.7508474576271187 0.6205035971223022 0.10237288135593221 0.10863309352517986
4 0.6091525423728814 0.4050359712230216 0.10237288135593221 0.10503597122302158
4 0.5033898305084746 0.3946043165467626 0.09152542372881356 0.09712230215827339
4 0.4057627118644068 0.41762589928057553 0.08474576271186442 0.0985611510791367
4 0.32610169491525426 0.4669064748201439 0.0840677966101695 0.09064748201438849
6 0.8850847457627119 0.5571942446043165 0.15796610169491526 0.12446043165467627
3 0.3447457627118644 0.5597122302158274 0.07389830508474576 0.14532374100719425
3 0.4189830508474576 0.5028776978417266 0.07457627118644068 0.11510791366906475
3 0.4986440677966102 0.4827338129496403 0.06983050847457628 0.1223021582733813
3 0.5864406779661018 0.4971223021582734 0.08 0.13525179856115108
6 0.6938983050847458 0.1629496402877698 0.0888135593220339 0.10863309352517986
6 0.5176271186440679 0.10611510791366907 0.07932203389830508 0.10863309352517986
6 0.3447457627118644 0.15323741007194244 0.07389830508474576 0.11510791366906475
6 0.23762711864406783 0.27697841726618705 0.08067796610169492 0.11223021582733814
5 0.27796610169491526 0.36726618705035974 0.09084745762711866 0.06546762589928058
5 0.3766101694915254 0.2827338129496403 0.09016949152542374 0.08057553956834533
5 0.5064406779661017 0.23345323741007196 0.10711864406779661 0.07841726618705036
5 0.6515254237288136 0.2755395683453237 0.08542372881355932 0.07194244604316546
