5 0.6037489102005231 0.3236782902137233 0.11769834350479512 0.06805399325084364
5 0.43548387096774194 0.30539932508436446 0.10549258936355711 0.06974128233970754
5 0.29773321708805583 0.35770528683914515 0.13513513513513514 0.06974128233970754
5 0.1896251089799477 0.43222722159730037 0.10549258936355711 0.05118110236220473
6 0.17131647776809067 0.3489876265466817 0.11246730601569312 0.08717660292463443
6 0.2772449869224063 0.23818897637795278 0.10810810810810811 0.09055118110236221
6 0.41935483870967744 0.19460067491563557 0.12031386224934612 0.10573678290213724
6 0.6259808195292067 0.2269403824521935 0.12728857890148212 0.09955005624296964
6 0.8465562336530079 0.4521934758155231 0.13426329555361813 0.11698537682789653
4 0.6002615518744552 0.422665916760405 0.13513513513513514 0.09505061867266593
4 0.451176983435048 0.4274465691788527 0.12292938099389712 0.08886389201349833
4 0.33958151700087186 0.4606299212598426 0.11595466434176112 0.08886389201349833
4 0.23190932868352224 0.5129358830146232 0.12554489973844812 0.09223847019122611
4 0.7820401046207498 0.5573678290213724 0.12554489973844812 0.08886389201349833
3 0.5889276373147341 0.5059055118110237 0.11769834350479512 0.11529808773903263
3 0.457279860505667 0.5025309336332959 0.13513513513513514 0.10292463442069742
3 0.35658238884045335 0.532058492688414 0.0959023539668701 0.09786276715410575
3 0.27201394943330426 0.5778965129358831 0.10810810810810811 0.10742407199100114
2 0.6848299912816043 0.6856017997750282 0.1961639058413252 0.10123734533183353
1 0.4001743679163034 0.8709223847019123 0.16216216216216217 0.14904386951631046
0 0.5296425457715781 0.8397075365579303 0.2136006974716652 0.1833520809898763
