0 0.4662298387096774 0.8155373032169747 0.17439516129032256 0.15263518138261464
1 0.32711693548387094 0.8189596167008898 0.13407258064516128 0.15126625598904858
2 0.6436491935483871 0.6581108829568788 0.21875 0.12525667351129363
3 0.561491935483871 0.48904859685147156 0.1189516129032258 0.11978097193702943
3 0.45614919354838707 0.47707049965776865 0.09778225806451613 0.10403832991101984
3 0.36693548387096775 0.5133470225872689 0.10483870967741934 0.1054072553045859
3 0.28377016129032256 0.5537303216974675 0.09979838709677419 0.11909650924024641
4 0.7741935483870968 0.5677618069815195 0.1310483870967742 0.08692676249144421
4 0.5902217741935484 0.4000684462696783 0.10383064516129031 0.09650924024640657
4 0.4632056451612903 0.40417522245037646 0.11189516129032258 0.09377138945927446
4 0.35735887096774194 0.43737166324435317 0.10786290322580645 0.07939767282683094
4 0.24848790322580644 0.47638603696098564 0.10383064516129031 0.07939767282683094
6 0.8876008064516129 0.4804928131416838 0.1723790322580645 0.1108829568788501
6 0.6648185483870968 0.20396988364134155 0.11189516129032258 0.0999315537303217
6 0.46673387096774194 0.16290212183436004 0.12701612903225806 0.11225188227241616
6 0.313508064516129 0.20807665982203968 0.1310483870967742 0.1054072553045859
6 0.15120967741935484 0.3127994524298426 0.10887096774193548 0.10130047912388775
5 0.20766129032258063 0.40451745379876797 0.12701612903225806 0.05612594113620808
5 0.33064516129032256 0.3220396988364134 0.1189516129032258 0.07049965776865161
5 0.47782258064516125 0.2789185489390828 0.12701612903225806 0.07734428473648186
5 0.6376008064516129 0.3028747433264887 0.12399193548387097 0.06776180698151951
