5 0.5952380952380952 0.31377410468319555 0.09821428571428571 0.07768595041322314
5 0.7306547619047619 0.3986225895316804 0.08482142857142856 0.07768595041322314
5 0.4694940476190476 0.2771349862258953 0.09821428571428571 0.06942148760330578
5 0.3206845238095238 0.3071625344352617 0.09821428571428571 0.06115702479338842
6 0.13541666666666666 0.4418732782369146 0.13988095238095238 0.1234159779614325
6 0.27901785714285715 0.2115702479338843 0.09375 0.09146005509641872
6 0.4620535714285714 0.16088154269972452 0.13541666666666666 0.10358126721763085
6 0.6086309523809523 0.2024793388429752 0.09375 0.10523415977961431
6 0.7607886904761905 0.32093663911845727 0.09151785714285714 0.08319559228650136
4 0.3675595238095238 0.4121212121212121 0.11011904761904762 0.09807162534435261
4 0.22916666666666666 0.5476584022038568 0.10714285714285714 0.0815426997245179
4 0.484375 0.40881542699724516 0.11011904761904762 0.09476584022038567
4 0.5807291666666666 0.43498622589531677 0.08258928571428571 0.08980716253443526
4 0.6744791666666666 0.4798898071625344 0.10491071428571427 0.09476584022038567
3 0.38095238095238093 0.48787878787878786 0.1056547619047619 0.11515151515151514
3 0.49144345238095233 0.4867768595041322 0.10044642857142856 0.09531680440771349
3 0.5766369047619048 0.5071625344352617 0.08035714285714285 0.09972451790633607
3 0.6536458333333333 0.5487603305785124 0.08705357142857142 0.11349862258953167
2 0.3526785714285714 0.6630853994490358 0.1532738095238095 0.10853994490358125
0 0.453125 0.837190082644628 0.16220238095238093 0.1933884297520661
1 0.5729166666666666 0.8438016528925619 0.12351190476190475 0.14049586776859502
