1 0.3026960784313726 0.8371815286624205 0.1053921568627451 0.1727707006369427
0 0.428921568627451 0.8690286624203822 0.16993464052287582 0.20621019108280256
2 0.6147875816993464 0.6938694267515924 0.18218954248366015 0.16162420382165607
3 0.5780228758169935 0.473328025477707 0.09722222222222222 0.15047770700636942
3 0.4763071895424837 0.46417197452229303 0.08823529411764706 0.16082802547770703
3 0.4068627450980392 0.482484076433121 0.08660130718954248 0.15286624203821658
3 0.3243464052287582 0.5095541401273885 0.0784313725490196 0.14331210191082802
4 0.7749183006535948 0.6110668789808917 0.11356209150326797 0.10270700636942676
4 0.5976307189542484 0.36544585987261147 0.1119281045751634 0.12898089171974522
4 0.4877450980392157 0.3495222929936306 0.09967320261437909 0.11305732484076433
4 0.38643790849673204 0.3785828025477707 0.09477124183006536 0.11544585987261147
4 0.2973856209150327 0.42714968152866245 0.08660130718954248 0.09474522292993631
6 0.9027777777777778 0.5306528662420382 0.16666666666666669 0.125
6 0.6323529411764706 0.11504777070063694 0.09967320261437909 0.1106687898089172
6 0.49387254901960786 0.06011146496815287 0.08251633986928104 0.1106687898089172
6 0.36478758169934644 0.10867834394904459 0.08905228758169935 0.1106687898089172
6 0.19444444444444445 0.22929936305732485 0.09313725490196079 0.10828025477707007
5 0.2406045751633987 0.32722929936305734 0.08905228758169935 0.08121019108280256
5 0.3737745098039216 0.24164012738853505 0.09068627450980392 0.09474522292993631
5 0.49387254901960786 0.20621019108280256 0.09558823529411765 0.089171974522293
5 0.6127450980392157 0.24044585987261147 0.10130718954248366 0.07643312101910829
