5 0.6883445945945946 0.2633982947624848 0.10472972972972974 0.08221680876979293
5 0.5548986486486487 0.2582216808769793 0.1097972972972973 0.07551766138855054
5 0.4396114864864865 0.30115712545676004 0.09712837837837839 0.06881851400730815
5 0.3019425675675676 0.3766747868453106 0.10726351351351351 0.06516443361753958
6 0.2639358108108108 0.29476248477466505 0.11908783783783784 0.08038976857490865
6 0.41216216216216217 0.18544457978075515 0.09966216216216217 0.08708891595615104
6 0.5540540540540541 0.13733252131546894 0.12162162162162163 0.0907429963459196
6 0.6904560810810811 0.17235079171741777 0.09037162162162163 0.07551766138855054
6 0.8420608108108109 0.4591961023142509 0.09290540540540541 0.11327649208282582
4 0.6638513513513514 0.39616321559074297 0.1097972972972973 0.0907429963459196
4 0.546875 0.3946406820950061 0.09712837837837839 0.09744214372716199
4 0.4442567567567568 0.4238733252131547 0.09290540540540541 0.08769792935444579
4 0.35388513513513514 0.46254567600487206 0.09797297297297297 0.08221680876979293
4 0.785472972972973 0.5669914738124239 0.11993243243243244 0.07917174177831912
3 0.38513513513513514 0.547198538367844 0.09797297297297297 0.1285018270401949
3 0.4535472972972973 0.4963459196102314 0.10304054054054054 0.10962241169305724
3 0.5456081081081081 0.47442143727161995 0.08614864864864866 0.11693057247259439
3 0.6465371621621622 0.47107186358099873 0.09712837837837839 0.10657734470158343
2 0.6739864864864865 0.6875761266747868 0.1875 0.09744214372716199
1 0.43032094594594594 0.8191230207064555 0.12415540540540541 0.13398294762484775
0 0.5481418918918919 0.8142509135200974 0.18074324324324326 0.13398294762484775
