0 0.5368279569892473 0.8789910600255428 0.12419354838709677 0.1641123882503193
1 0.44489247311827956 0.8598339719029374 0.07473118279569893 0.1385696040868455
2 0.635752688172043 0.6816730523627076 0.11881720430107527 0.1475095785440613
3 0.5978494623655914 0.49169859514687103 0.08172043010752689 0.14687100893997446
3 0.5123655913978494 0.4926564495530013 0.07096774193548387 0.14495530012771393
3 0.4513440860215054 0.5296934865900383 0.06182795698924731 0.14495530012771393
3 0.39838709677419354 0.561941251596424 0.06881720430107527 0.12388250319284803
4 0.7513440860215054 0.5775862068965517 0.08763440860215053 0.1079182630906769
4 0.6080645161290322 0.39527458492975737 0.07634408602150537 0.1149425287356322
4 0.5131720430107527 0.39527458492975737 0.07688172043010753 0.10600255427841636
4 0.4338709677419355 0.43550446998722864 0.07096774193548387 0.11238825031928482
4 0.36451612903225805 0.4926564495530013 0.07849462365591398 0.1066411238825032
6 0.8459677419354839 0.5108556832694764 0.12204301075268817 0.11238825031928482
6 0.6817204301075269 0.16060025542784165 0.07096774193548387 0.11685823754789272
6 0.5196236559139785 0.10855683269476374 0.08225806451612903 0.11238825031928482
6 0.3473118279569892 0.1743295019157088 0.08387096774193549 0.11877394636015326
6 0.23978494623655913 0.33461047254150705 0.0913978494623656 0.10217113665389528
5 0.30295698924731185 0.41826309067688383 0.07473118279569893 0.07790549169859515
5 0.4010752688172043 0.3052362707535122 0.08602150537634409 0.0996168582375479
5 0.5314516129032258 0.2512771392081737 0.11344086021505376 0.09514687100893998
5 0.6545698924731183 0.28384418901660285 0.08225806451612903 0.09514687100893998
