5 0.6849912739965096 0.26576576576576577 0.10820244328097732 0.07807807807807808
5 0.5235602094240838 0.24962462462462462 0.09947643979057592 0.09534534534534535
5 0.3769633507853403 0.2939189189189189 0.1012216404886562 0.08183183183183183
5 0.25 0.42042042042042044 0.07766143106457243 0.07207207207207207
6 0.16361256544502617 0.35322822822822825 0.10907504363001745 0.09684684684684684
6 0.3468586387434555 0.16591591591591592 0.11256544502617802 0.14114114114114115
6 0.5117801047120419 0.10998498498498499 0.11954624781849912 0.12687687687687688
6 0.6836823734729494 0.1524024024024024 0.1055846422338569 0.1066066066066066
6 0.900087260034904 0.43993993993993996 0.1457242582897033 0.12012012012012012
4 0.6527050610820244 0.38926426426426425 0.10645724258289703 0.11636636636636637
4 0.5344677137870856 0.39226726726726724 0.09511343804537523 0.10285285285285285
4 0.42757417102966844 0.42454954954954954 0.09773123909249563 0.11786786786786786
4 0.3324607329842932 0.49286786786786785 0.0924956369982548 0.09084084084084083
4 0.805846422338569 0.5469219219219219 0.11256544502617802 0.09534534534534535
3 0.6383071553228622 0.48423423423423423 0.09511343804537523 0.12312312312312312
3 0.5401396160558465 0.4861111111111111 0.0924956369982548 0.1313813813813814
3 0.4572425828970332 0.5195195195195195 0.09075043630017453 0.12912912912912913
2 0.38699825479930194 0.5533033033033034 0.08638743455497383 0.12162162162162161
1 0.6954624781849913 0.6696696696696697 0.15706806282722513 0.12462462462462462
0 0.40663176265270506 0.8791291291291291 0.1099476439790576 0.14414414414414414
