0 0.573252688172043 0.796640826873385 0.18413978494623656 0.1607235142118863
1 0.4573252688172043 0.7935400516795865 0.12029569892473119 0.13488372093023254
2 0.7271505376344086 0.6343669250645995 0.19086021505376347 0.12868217054263564
3 0.6592741935483871 0.4483204134366925 0.11155913978494625 0.1255813953488372
3 0.5510752688172044 0.45503875968992247 0.08870967741935484 0.1131782945736434
3 0.47345430107526887 0.4837209302325581 0.07862903225806452 0.10956072351421188
3 0.4092741935483871 0.5219638242894057 0.0913978494623656 0.13333333333333333
4 0.7977150537634409 0.5237726098191214 0.10349462365591398 0.09560723514211886
4 0.6599462365591399 0.3682170542635659 0.10752688172043012 0.1049095607235142
4 0.539986559139785 0.37286821705426354 0.09879032258064517 0.0987080103359173
4 0.45295698924731187 0.40413436692506455 0.0913978494623656 0.10025839793281653
4 0.3733198924731183 0.46124031007751937 0.0974462365591398 0.0904392764857881
6 0.884744623655914 0.4217054263565891 0.13642473118279572 0.12403100775193797
6 0.6888440860215055 0.15271317829457362 0.10752688172043012 0.09354005167958655
6 0.5036962365591399 0.1193798449612403 0.11357526881720431 0.10956072351421188
6 0.36122311827956993 0.18940568475452194 0.0974462365591398 0.09354005167958655
6 0.23017473118279572 0.31291989664082687 0.10954301075268819 0.0842377260981912
5 0.2977150537634409 0.3891472868217054 0.11155913978494625 0.06821705426356589
5 0.40221774193548393 0.29767441860465116 0.10954301075268819 0.058914728682170535
5 0.5285618279569892 0.24108527131782945 0.10954301075268819 0.07906976744186046
5 0.6814516129032259 0.2537467700258398 0.12634408602150538 0.08268733850129198
