5 0.6974522292993631 0.26672484002326935 0.12101910828025478 0.09249563699825479
5 0.535031847133758 0.22716695753344968 0.11464968152866242 0.08202443280977312
5 0.3623496107572541 0.28766724840023267 0.12314225053078556 0.09714950552646888
5 0.2413305024769993 0.3682373472949389 0.11040339702760085 0.07562536358347877
6 0.18259023354564757 0.2766143106457242 0.14437367303609341 0.11227457824316463
6 0.33439490445859876 0.14107038976148922 0.11818825194621374 0.12507271669575334
6 0.5636942675159236 0.10325770796974985 0.11535739561217269 0.1273996509598604
6 0.7328379334748761 0.1518324607329843 0.11818825194621374 0.10354857475276323
6 0.9104741684359519 0.47294938917975565 0.1394196744515216 0.1314717859220477
4 0.6397735314932768 0.38016288539848747 0.11040339702760085 0.10762070971495055
4 0.5251238499646144 0.3743455497382199 0.10191082802547771 0.10762070971495055
4 0.40658174097664546 0.4077952297847586 0.11535739561217269 0.08609656777196044
4 0.3227176220806794 0.45433391506689935 0.09483368719037509 0.08842350203606748
4 0.8202406227883935 0.5578824898196626 0.14154281670205238 0.10354857475276323
3 0.6224345364472753 0.4723676556137289 0.11252653927813164 0.15241419429901104
3 0.5113234253361643 0.477021524141943 0.09978768577494693 0.14194299011052938
3 0.4274593064401982 0.4921465968586387 0.09483368719037509 0.12914485165794065
3 0.3570417551309271 0.5296684118673647 0.11535739561217269 0.135543920884235
2 0.6850672328379335 0.6739383362420012 0.2151450813871196 0.1227457824316463
1 0.42215145081387123 0.8368237347294939 0.11535739561217269 0.18091913903432227
0 0.5325548478414721 0.8333333333333333 0.18329794762915783 0.19604421175101802
