0 0.5205908683974932 0.7921250723798494 0.19427036705461057 0.19803126809496235
1 0.40957923008057295 0.795020266357846 0.13160250671441362 0.15402431962941515
2 0.6911369740376007 0.6022003474232773 0.17547000895255147 0.12275622466705269
3 0.6181736794986571 0.4429646786334684 0.11727842435094002 0.12044006948465547
3 0.4883616830796777 0.4522292993630573 0.10653536257833482 0.11117544875506657
3 0.39480752014324083 0.4759698899826288 0.08773500447627573 0.09264620729588882
3 0.311101163831692 0.5162130862767805 0.09579230080572963 0.08743485813549508
4 0.7940913160250671 0.4768384481760278 0.12533572068039392 0.08975101331789229
4 0.6360787824529991 0.3563983786913723 0.1244404655326768 0.09438332368268673
4 0.4955237242614145 0.3662420382165605 0.12085944494180842 0.09438332368268673
4 0.38406445837063563 0.40387955993051533 0.10922112802148612 0.09438332368268673
4 0.2837958818263205 0.4559930515344528 0.09847806624888093 0.08048639258830341
6 0.8845120859444942 0.3815865662999421 0.1683079677708147 0.12044006948465547
6 0.6835273052820053 0.16763173132599882 0.13160250671441362 0.10364794441227562
6 0.4991047448522829 0.13317892298784018 0.12085944494180842 0.11117544875506657
6 0.3384064458370636 0.18876664736537346 0.11996418979409132 0.1134916039374638
6 0.17770814682184422 0.29994209612044004 0.11369740376007162 0.09959467284308048
5 0.2287376902417189 0.3839027214823393 0.12085944494180842 0.05442964678633468
5 0.3531781557743957 0.29502026635784595 0.11369740376007162 0.07122177185871453
5 0.5044762757385854 0.2501447596988998 0.1244404655326768 0.06601042269832079
5 0.6835273052820053 0.260856977417487 0.11727842435094002 0.06890561667631731
