5 0.6647111913357401 0.30392156862745096 0.10018050541516246 0.08061002178649238
5 0.523014440433213 0.2716049382716049 0.1055956678700361 0.08278867102396514
5 0.3384476534296029 0.31445170660856936 0.09747292418772563 0.08278867102396514
5 0.1953971119133574 0.4179375453885258 0.08935018050541517 0.08061002178649238
6 0.11913357400722022 0.332244008714597 0.10830324909747292 0.1140159767610748
6 0.30505415162454874 0.18700072621641248 0.10288808664259928 0.10965867828612927
6 0.5243682310469314 0.1430646332607117 0.09747292418772563 0.11183732752360204
6 0.720216606498195 0.19680464778503995 0.11732851985559567 0.09876543209876543
6 0.8709386281588448 0.4923747276688453 0.16606498194945848 0.10457516339869281
4 0.6119133574007221 0.41249092229484385 0.10469314079422383 0.10893246187363835
4 0.4909747292418773 0.4048656499636892 0.10288808664259928 0.09368191721132897
4 0.3759025270758123 0.4328249818445897 0.10018050541516246 0.08714596949891068
4 0.2675992779783394 0.4793028322440087 0.10018050541516246 0.0915032679738562
4 0.7703068592057762 0.5791575889615105 0.11101083032490976 0.08932461873638345
3 0.5907039711191336 0.49310094408133626 0.1055956678700361 0.13798111837327523
3 0.4855595667870036 0.490559186637618 0.09205776173285199 0.13144517066085692
3 0.3953068592057762 0.5163398692810458 0.0884476534296029 0.12926652142338416
3 0.3203971119133574 0.5497458242556281 0.09386281588447654 0.1074800290486565
2 0.6421480144404332 0.6713870733478576 0.21931407942238268 0.12273057371096587
1 0.4092960288808664 0.8471314451706609 0.13267148014440433 0.16485112563543936
0 0.5148916967509025 0.836238198983297 0.15252707581227437 0.18082788671023964
