0 0.5596707818930041 0.8313403089187842 0.19341563786008228 0.18684603886397608
1 0.43209876543209874 0.8644743398106627 0.1316872427983539 0.1504733432984554
1 0.6587791495198903 0.6529646238166418 0.1652949245541838 0.13004484304932734
3 0.5973936899862825 0.512954658694569 0.12071330589849108 0.1260587942202292
3 0.4684499314128943 0.5209267563527653 0.12071330589849108 0.1260587942202292
3 0.3775720164609053 0.5515695067264573 0.08984910836762688 0.09765819631290483
3 0.31447187928669407 0.598156452416542 0.10356652949245541 0.11011459890383657
4 0.7668038408779149 0.5376183358246138 0.1344307270233196 0.0996512207274539
4 0.586076817558299 0.42102640757349274 0.11454046639231824 0.09765819631290483
4 0.4571330589849108 0.43447932237169906 0.10905349794238682 0.0996512207274539
4 0.3535665294924554 0.47409068261086196 0.10356652949245541 0.0931738913801694
4 0.2767489711934156 0.534130543099153 0.08984910836762688 0.08370702541106129
6 0.8367626886145404 0.4476831091180867 0.12345679012345678 0.1260587942202292
6 0.5709876543209876 0.21973094170403587 0.10631001371742112 0.09367214748380667
6 0.38717421124828527 0.20254110612855006 0.10905349794238682 0.10812157448928748
6 0.22359396433470505 0.25759840558046837 0.11796982167352536 0.10363726955655206
6 0.13271604938271603 0.3896362730443448 0.098079561042524 0.09566517189835574
5 0.19993141289437585 0.4671150971599402 0.10356652949245541 0.06726457399103139
5 0.289437585733882 0.36945690084703536 0.1262002743484225 0.0752366716492277
5 0.42661179698216734 0.3238664673642252 0.13991769547325103 0.10762331838565022
5 0.5805898491083676 0.31340308918784254 0.13100137174211246 0.10563029397110114
