5 0.6905609973285841 0.26598089639970607 0.13268032056990203 0.11462160176340926
5 0.5507569011576136 0.2413666421748714 0.12377560106856633 0.10947832476120499
5 0.402493321460374 0.2825128581925055 0.11219946571682991 0.10213078618662748
5 0.25467497773820125 0.35709037472446725 0.11754229741763134 0.09698750918442321
6 0.21504897595725733 0.24026451138868476 0.15405164737310775 0.10727406318883173
6 0.39180765805877116 0.13556208670095518 0.10863757791629564 0.1168258633357825
6 0.5369545859305431 0.0940484937545922 0.09082813891362422 0.1293166789125643
6 0.723953695458593 0.14658339456282143 0.10863757791629564 0.1138868479059515
6 0.8704363312555654 0.4827332843497428 0.14158504007123776 0.15429831006612785
4 0.6362422083704363 0.40705363703159436 0.11487088156723063 0.13225569434239529
4 0.5200356188780053 0.39419544452608374 0.09973285841495992 0.1168258633357825
4 0.4113980409617097 0.41807494489346064 0.09973285841495992 0.1293166789125643
4 0.29697239536954584 0.4515062454077884 0.11130899376669634 0.10213078618662748
4 0.7858414959928762 0.5977222630418809 0.13624220837043632 0.09772226304188096
3 0.6197684772929652 0.5066127847171197 0.11219946571682991 0.13739897134459955
3 0.5066785396260017 0.4977957384276267 0.09617097061442564 0.13005143277002204
3 0.4203027604630454 0.5224099926524614 0.09617097061442564 0.1396032329169728
3 0.32101513802315224 0.5437178545187362 0.09349955476402493 0.1366642174871418
2 0.6273374888691006 0.721895664952241 0.17186108637577915 0.1565025716385011
1 0.3192341941228851 0.8750918442321821 0.11487088156723063 0.15135929463629683
0 0.4572573463935886 0.8938280675973548 0.20213713268032057 0.16972814107274062
