0 0.38810316139767054 0.8560311284046693 0.20382695507487522 0.14688715953307394
1 0.24584026622296173 0.8360894941634242 0.10232945091514144 0.12743190661478598
2 0.6114808652246256 0.7154669260700389 0.22462562396006655 0.10894941634241245
3 0.5752911813643927 0.5680933852140078 0.12229617304492513 0.11089494163424124
3 0.4613144758735441 0.5561770428015564 0.10565723793677205 0.11138132295719845
3 0.36647254575707155 0.566147859922179 0.10565723793677205 0.09533073929961089
3 0.26788685524126454 0.5829280155642024 0.09151414309484193 0.0928988326848249
4 0.7416805324459235 0.6235408560311284 0.13560732113144758 0.08754863813229571
4 0.5969217970049917 0.4892996108949416 0.12229617304492513 0.10116731517509728
4 0.4750415973377704 0.48151750972762647 0.10815307820299501 0.09727626459143969
4 0.36314475873544094 0.4961089494163424 0.10232945091514144 0.08365758754863814
4 0.25707154742096505 0.5238326848249028 0.10815307820299501 0.07976653696498054
6 0.8585690515806988 0.5471789883268483 0.1930116472545757 0.10116731517509728
6 0.721297836938436 0.313715953307393 0.1497504159733777 0.09533073929961089
6 0.5445091514143094 0.2704280155642023 0.14891846921797006 0.09533073929961089
6 0.35108153078202997 0.2881809338521401 0.129783693843594 0.10749027237354086
6 0.16098169717138103 0.36648832684824906 0.1156405990016639 0.07733463035019456
5 0.21505823627287854 0.4438229571984436 0.12229617304492513 0.06566147859922179
5 0.3527454242928453 0.38934824902723736 0.11813643926788686 0.06371595330739299
5 0.5137271214642263 0.3754863813229572 0.12229617304492513 0.0632295719844358
5 0.6717970049916806 0.39931906614785995 0.12562396006655574 0.0632295719844358
