5 0.7109170305676856 0.2766990291262136 0.14847161572052403 0.09255663430420712
5 0.5393013100436681 0.25598705501618124 0.14759825327510917 0.08996763754045307
5 0.3794759825327511 0.3061488673139159 0.13013100436681224 0.09449838187702266
5 0.2388646288209607 0.37993527508090613 0.1091703056768559 0.07896440129449839
6 0.2240174672489083 0.27249190938511325 0.13362445414847163 0.12297734627831715
6 0.35982532751091706 0.16019417475728157 0.1275109170305677 0.14045307443365695
6 0.522707423580786 0.11326860841423948 0.15633187772925763 0.12944983818770225
6 0.725764192139738 0.156957928802589 0.14847161572052403 0.13398058252427184
6 0.9131004366812228 0.4747572815533981 0.15109170305676856 0.1365695792880259
4 0.6572052401746725 0.4097087378640777 0.13362445414847163 0.12297734627831715
4 0.5183406113537118 0.4129449838187702 0.12489082969432315 0.113915857605178
4 0.40305676855895195 0.44789644012944985 0.11266375545851529 0.10097087378640777
4 0.29170305676855895 0.48284789644012943 0.1275109170305677 0.113915857605178
4 0.8109170305676856 0.5864077669902913 0.15458515283842794 0.1203883495145631
3 0.6414847161572053 0.5200647249190938 0.14759825327510917 0.15598705501618124
3 0.5152838427947598 0.5168284789644013 0.11877729257641921 0.14692556634304207
3 0.41179039301310044 0.5420711974110033 0.09519650655021834 0.14045307443365695
3 0.31179039301310046 0.5692556634304207 0.10305676855895196 0.15857605177993528
2 0.6816593886462883 0.7213592233009709 0.22794759825327512 0.1313915857605178
1 0.3139737991266376 0.8896440129449839 0.1423580786026201 0.19093851132686085
0 0.4698689956331878 0.8841423948220065 0.251528384279476 0.17993527508090615
