0 0.5291181364392679 0.8927152317880794 0.19966722129783696 0.1695364238410596
1 0.3922628951747088 0.8874172185430463 0.13560732113144758 0.1509933774834437
2 0.7183860232945092 0.7377483443708609 0.23544093178036607 0.14834437086092717
3 0.6697171381031615 0.5165562913907285 0.1281198003327787 0.15894039735099338
3 0.5470049916805324 0.4913907284768212 0.10232945091514144 0.13642384105960265
3 0.444675540765391 0.5096026490066226 0.10732113144758736 0.123841059602649
3 0.34317803660565727 0.5665562913907285 0.1156405990016639 0.1490066225165563
4 0.8361064891846922 0.6033112582781457 0.15806988352745424 0.11655629139072848
4 0.6788685524126457 0.4208609271523179 0.1048252911813644 0.12251655629139073
4 0.5503327787021631 0.39437086092715234 0.13560732113144758 0.1185430463576159
4 0.42013311148086524 0.42119205298013246 0.12479201331114809 0.11390728476821192
4 0.3182196339434276 0.4817880794701987 0.10232945091514144 0.08940397350993377
6 0.9272046589018303 0.49933774834437084 0.13560732113144758 0.1205298013245033
6 0.7683028286189684 0.18774834437086094 0.11064891846921797 0.11986754966887417
6 0.569883527454243 0.10430463576158941 0.10815307820299501 0.1
6 0.37396006655574043 0.1509933774834437 0.11064891846921797 0.10331125827814569
6 0.17845257903494177 0.29172185430463576 0.10232945091514144 0.09602649006622517
5 0.24084858569051582 0.3834437086092715 0.12063227953410982 0.06754966887417219
5 0.3935108153078203 0.27847682119205297 0.1281198003327787 0.0695364238410596
5 0.5644758735440932 0.2314569536423841 0.11231281198003328 0.0814569536423841
5 0.7337770382695508 0.29072847682119207 0.14309484193011648 0.10596026490066225
