5 0.6240105540897097 0.2674029451137885 0.09894459102902374 0.09571619812583668
5 0.49109498680738783 0.249665327978581 0.09696569920844327 0.08701472556894244
5 0.3618073878627968 0.3192771084337349 0.09828496042216359 0.08299866131191432
5 0.2737467018469657 0.4340696117804551 0.07783641160949868 0.07161981258366801
6 0.19261213720316622 0.36345381526104414 0.09102902374670184 0.09236947791164658
6 0.3228891820580475 0.20682730923694778 0.10224274406332454 0.1111111111111111
6 0.479221635883905 0.1318607764390897 0.10224274406332454 0.11512717536813923
6 0.6322559366754618 0.15127175368139223 0.08509234828496041 0.12048192771084337
6 0.8199208443271767 0.3872155287817938 0.10817941952506596 0.11311914323962516
4 0.6035620052770448 0.3748326639892905 0.10158311345646438 0.107095046854083
4 0.5079155672823219 0.38420348058902276 0.10026385224274406 0.107095046854083
4 0.42150395778364114 0.42771084337349397 0.08047493403693931 0.107095046854083
4 0.3479551451187335 0.4956492637215529 0.09300791556728231 0.08902275769745649
4 0.7595646437994723 0.48694779116465864 0.1075197889182058 0.11847389558232932
3 0.5999340369393139 0.465528781793842 0.08377308707124011 0.12248995983935743
3 0.5197889182058048 0.46720214190093706 0.08707124010554089 0.1111111111111111
3 0.45217678100263853 0.504016064257028 0.07453825857519789 0.10174029451137885
3 0.39149076517150394 0.5491967871485943 0.08377308707124011 0.10910307898259705
2 0.6787598944591029 0.6228246318607764 0.14116094986807387 0.1278447121820616
1 0.45316622691292874 0.8179384203480589 0.08707124010554089 0.14859437751004015
0 0.5478232189973614 0.8092369477911646 0.15105540897097625 0.14323962516733602
