0 0.4991119005328597 0.85028427037271 0.20781527531083482 0.19456727732154136
1 0.3747779751332149 0.8297536323436513 0.11190053285968028 0.13708149084017687
2 0.6585257548845471 0.6389766266582438 0.21047957371225579 0.12823752368919772
3 0.58348134991119 0.4639924194567277 0.1296625222024867 0.1244472520530638
3 0.4613676731793961 0.47757422615287426 0.10213143872113677 0.10486418193303852
3 0.3774422735346359 0.498104864181933 0.09058614564831262 0.09412507896399241
3 0.30639431616341034 0.5379027163613392 0.09946714031971582 0.1092861655085281
4 0.7508880994671403 0.5173720783322805 0.13232682060390763 0.09475679090334807
4 0.5905861456483127 0.38945041061276053 0.1349911190053286 0.08780795957043587
4 0.46758436944937837 0.40082122552116234 0.11989342806394317 0.09665192672141502
4 0.35479573712255774 0.4264055590650663 0.11101243339253997 0.09602021478205937
4 0.2735346358792185 0.4810486418193303 0.108348134991119 0.08149084017687934
6 0.8108348134991119 0.4169298799747315 0.15097690941385436 0.1174984207201516
6 0.6194493783303731 0.17150979153506 0.12344582593250444 0.11307643714466202
6 0.45115452930728245 0.14592545799115603 0.1349911190053286 0.10486418193303852
6 0.2797513321492007 0.20593809222994314 0.1296625222024867 0.09222994314592545
6 0.14698046181172292 0.32469993682880605 0.12344582593250444 0.11118130132659507
5 0.19227353463587923 0.40587492103600753 0.12877442273534637 0.06001263423878711
5 0.30817051509769094 0.3098547062539482 0.11367673179396093 0.07264687302590019
5 0.4706927175843695 0.2634238787113076 0.108348134991119 0.07075173720783322
5 0.6016873889875667 0.2665824384080859 0.13587921847246892 0.07075173720783322
