5 0.7164570230607967 0.268480909829407 0.10587002096436059 0.08042242079610072
5 0.5482180293501049 0.2489845653939886 0.12368972746331237 0.08204711616571893
5 0.399895178197065 0.2867587327376117 0.11215932914046123 0.07148659626320064
5 0.2615303983228512 0.41714053614947194 0.11215932914046123 0.07554833468724614
6 0.18605870020964363 0.32940698619008935 0.13941299790356396 0.10966693744922826
6 0.3836477987421384 0.15028432168968317 0.14465408805031446 0.1510966693744923
6 0.5476939203354299 0.11047928513403736 0.11215932914046123 0.11697806661251015
6 0.7342767295597484 0.1620633631194151 0.11844863731656186 0.10966693744922826
6 0.9082809224318659 0.4033306255077173 0.13522012578616352 0.1437855402112104
4 0.3207547169811321 0.49147034930950445 0.11740041928721175 0.10073111291632818
4 0.43553459119496857 0.4228269699431356 0.11215932914046123 0.10966693744922826
4 0.5539832285115305 0.39886271324126726 0.11844863731656186 0.12185215272136474
4 0.6923480083857443 0.39236393176279444 0.11215932914046123 0.11210398050365555
4 0.8443396226415095 0.5138099106417546 0.1268343815513627 0.0917952883834281
3 0.3579664570230608 0.5682372055239643 0.10587002096436059 0.12428919577579203
3 0.44916142557651995 0.5166531275385865 0.10377358490566038 0.11860276198212835
3 0.5534591194968553 0.49918765231519086 0.12368972746331237 0.1372867587327376
3 0.6708595387840671 0.48456539398862714 0.10901467505241091 0.13078797725426483
2 0.7416142557651992 0.6596263200649878 0.1708595387840671 0.1462225832656377
1 0.43605870020964366 0.8813972380178716 0.12997903563941302 0.16246953696181965
0 0.569706498951782 0.8793663688058488 0.1918238993710692 0.17790414297319251
