0 0.4993811881188119 0.7750877192982456 0.22400990099009901 0.1943859649122807
1 0.34282178217821785 0.7684210526315789 0.1707920792079208 0.15157894736842104
2 0.6918316831683169 0.5828070175438596 0.2202970297029703 0.14245614035087717
3 0.5841584158415841 0.4147368421052631 0.13861386138613863 0.10666666666666666
3 0.43935643564356436 0.4214035087719298 0.1410891089108911 0.10736842105263157
3 0.3323019801980198 0.45052631578947366 0.1051980198019802 0.10526315789473684
3 0.22772277227722773 0.49228070175438593 0.13861386138613863 0.09614035087719297
4 0.8087871287128713 0.4705263157894736 0.12004950495049505 0.09894736842105263
4 0.5983910891089109 0.3291228070175438 0.12995049504950495 0.09684210526315788
4 0.4430693069306931 0.3350877192982456 0.14356435643564355 0.09473684210526315
4 0.3149752475247525 0.3652631578947368 0.12995049504950495 0.09333333333333332
4 0.1751237623762376 0.4221052631578947 0.15965346534653466 0.0863157894736842
6 0.9084158415841584 0.3698245614035087 0.15099009900990099 0.10526315789473684
6 0.6726485148514851 0.13543859649122805 0.13242574257425743 0.09403508771929824
6 0.46844059405940597 0.08526315789473683 0.12995049504950495 0.1031578947368421
6 0.2846534653465347 0.12807017543859647 0.13366336633663367 0.10596491228070175
6 0.055693069306930694 0.2670175438596491 0.10643564356435643 0.08912280701754385
5 0.10457920792079207 0.343859649122807 0.1373762376237624 0.05894736842105263
5 0.2871287128712871 0.2494736842105263 0.15346534653465346 0.07649122807017543
5 0.45853960396039606 0.2014035087719298 0.125 0.08421052631578947
5 0.6361386138613861 0.22105263157894736 0.1485148514851485 0.08842105263157894
