5 0.6310005783689994 0.287117903930131 0.09022556390977443 0.08296943231441048
5 0.5133024869866974 0.25709606986899564 0.0989010989010989 0.07860262008733623
5 0.37507229612492765 0.3155021834061135 0.07923655292076344 0.08296943231441048
5 0.26691729323308266 0.41484716157205237 0.06419895893580103 0.07096069868995633
6 0.2070561017929439 0.3539847161572052 0.08559861191440138 0.07914847161572051
6 0.3580104106419896 0.20360262008733623 0.08328513591671485 0.09716157205240174
6 0.5101214574898785 0.1580240174672489 0.08328513591671485 0.10316593886462881
6 0.6515326778484672 0.19132096069868995 0.09196067090803932 0.09334061135371179
6 0.8840370156159629 0.5360262008733624 0.12434933487565066 0.11135371179039301
4 0.5919606709080393 0.3941048034934498 0.10699826489300172 0.09934497816593886
4 0.4973973395026026 0.3864628820960698 0.0879120879120879 0.09061135371179038
4 0.41353383458646614 0.4197598253275109 0.0879120879120879 0.10152838427947598
4 0.33342972816657024 0.4795305676855895 0.08964719491035279 0.09115720524017466
4 0.7677848467322151 0.5889737991266375 0.11162521688837478 0.0927947598253275
3 0.5850202429149797 0.4710698689956332 0.09196067090803932 0.12336244541484716
3 0.4971081550028918 0.47325327510917026 0.09196067090803932 0.1353711790393013
3 0.42857142857142855 0.49153930131004364 0.07518796992481203 0.11080786026200873
3 0.369866975130133 0.5368449781659388 0.08155002891844997 0.11299126637554585
2 0.6480624638519374 0.6481986899563319 0.14979757085020243 0.14137554585152837
1 0.4190283400809716 0.8171397379912664 0.09427414690572584 0.13973799126637554
0 0.5150375939849624 0.8212336244541484 0.17987275882012724 0.1435589519650655
