0 0.46342685370741477 0.8377160030052593 0.18336673346693386 0.17129977460555973
1 0.3336673346693386 0.8362133734034561 0.12424849699398796 0.1457550713749061
2 0.6518036072144288 0.637114951164538 0.18937875751503006 0.15026296018031557
3 0.6247494989979959 0.4699474079639369 0.13527054108216433 0.1419984973703982
3 0.50250501002004 0.46806912096168296 0.11322645290581161 0.13974455296769348
3 0.4128256513026052 0.4827197595792637 0.10220440881763526 0.1284748309541698
3 0.3016032064128256 0.5048835462058603 0.10420841683366733 0.13974455296769348
4 0.7755511022044087 0.5071374906085651 0.12424849699398796 0.09917355371900827
4 0.6487975951903807 0.379038317054846 0.12124248496993988 0.11645379413974456
4 0.5190380761523046 0.3715251690458302 0.09819639278557113 0.11044327573253193
4 0.4018036072144288 0.39068369646882045 0.11823647294589178 0.1051840721262209
4 0.282064128256513 0.41810668670172807 0.10721442885771543 0.11044327573253193
6 0.8842685370741482 0.4158527422990233 0.1693386773547094 0.12246431254695718
6 0.7134268537074148 0.1589030803906837 0.11623246492985971 0.11645379413974456
6 0.5470941883767535 0.11232156273478588 0.11022044088176351 0.1284748309541698
6 0.41833667334669333 0.14274981217129978 0.11322645290581161 0.11419984973703982
6 0.219438877755511 0.23290758827948913 0.11022044088176351 0.10368144252441773
5 0.25200400801603207 0.3305785123966942 0.12925851703406813 0.08264462809917356
5 0.4018036072144288 0.2625845229151014 0.13627254509018036 0.09090909090909091
5 0.5516032064128256 0.2404207362885049 0.11322645290581161 0.08414725770097671
5 0.6838677354709418 0.2648384673178062 0.11322645290581161 0.09992486851990985
