5 0.6860854987426656 0.2662490211433046 0.11148365465213747 0.0971025841816758
5 0.5222129086336965 0.2541111981205951 0.0989103101424979 0.09945184025058731
5 0.42875104777870915 0.30853563038371185 0.10645431684828165 0.10180109631949882
5 0.3281642917015926 0.39780736100234926 0.11316010058675607 0.08144087705559906
6 0.31768650461022635 0.2873923257635082 0.10561609388097234 0.10806577916992952
6 0.4149203688181056 0.15074393108848866 0.09220452640402348 0.13390759592795615
6 0.5230511316010059 0.10023492560689115 0.13914501257334452 0.12999216914643696
6 0.7095557418273261 0.14526233359436178 0.11148365465213747 0.12764291307752546
6 0.8885163453478625 0.4522317932654659 0.1374685666387259 0.16992952231793265
4 0.6659681475272422 0.41738449490994517 0.1181894383906119 0.13469068128425998
4 0.5360435875943 0.43226311667971806 0.10813076278290025 0.11902897415818324
4 0.4404861693210394 0.4647611589663273 0.10142497904442582 0.105716523101018
4 0.3495389773679799 0.5082223962411903 0.10393964794635373 0.12529365700861395
4 0.8109807208717519 0.5908379013312451 0.11316010058675607 0.12137823022709475
3 0.3755238893545683 0.6182458888018794 0.09388097233864208 0.1480031323414252
3 0.44886839899413244 0.5841816758026624 0.08466051969823973 0.15505090054815976
3 0.5473595976529757 0.5442443226311668 0.12238055322715842 0.15661707126076743
3 0.6525565800502934 0.5391542678151918 0.12992455993294216 0.15896632732967894
2 0.7271584241408214 0.7517619420516837 0.17015926236378878 0.139389193422083
1 0.44341994970662196 0.961628817541112 0.12238055322715842 0.12999216914643696
0 0.5783738474434199 0.9404855129209084 0.18440905280804695 0.13469068128425998
