5 0.6195312500000001 0.27246835443037976 0.0859375 0.08037974683544304
5 0.508984375 0.25759493670886074 0.07890625000000001 0.07468354430379746
5 0.38710937500000003 0.2990506329113924 0.08984375 0.06772151898734177
5 0.265625 0.4006329113924051 0.08125 0.056962025316455694
6 0.22421875000000002 0.3218354430379747 0.08125 0.06772151898734177
6 0.36484375 0.18639240506329113 0.09062500000000001 0.09936708860759494
6 0.509375 0.13575949367088608 0.096875 0.10189873417721519
6 0.6265625 0.17468354430379748 0.0859375 0.08734177215189874
6 0.7386718750000001 0.37246835443037973 0.08515625 0.10063291139240506
4 0.597265625 0.3832278481012658 0.10078125 0.09430379746835443
4 0.49453125000000003 0.38354430379746834 0.0859375 0.08734177215189874
4 0.39882812500000003 0.41550632911392404 0.08828125 0.09050632911392405
4 0.31093750000000003 0.47436708860759497 0.07500000000000001 0.07658227848101266
4 0.716796875 0.4772151898734177 0.09609375 0.08734177215189874
3 0.339453125 0.5465189873417722 0.08828125 0.11455696202531646
3 0.40468750000000003 0.4901898734177215 0.0765625 0.0981012658227848
3 0.48945312500000004 0.47120253164556963 0.08984375 0.12848101265822784
3 0.58359375 0.46550632911392403 0.096875 0.11962025316455696
2 0.6390625000000001 0.6132911392405064 0.1453125 0.12658227848101267
1 0.408984375 0.783860759493671 0.11640625 0.15
0 0.5046875000000001 0.7908227848101266 0.16718750000000002 0.160126582278481
