0 0.5055172413793103 0.8117610454262602 0.14206896551724138 0.14374611076540136
1 0.4220689655172413 0.8030491599253267 0.09793103448275861 0.1375233354075918
2 0.6296551724137931 0.6546359676415682 0.16551724137931034 0.13192283758556317
3 0.5420689655172414 0.48879900435594276 0.07448275862068965 0.11138767890479154
3 0.46551724137931033 0.4881767268201618 0.08689655172413792 0.1014312383322962
3 0.3955172413793103 0.5146235220908525 0.06551724137931034 0.0821406347230865
3 0.34551724137931034 0.559738643434972 0.07862068965517241 0.08027380211574361
4 0.6775862068965517 0.537025513378967 0.07379310344827586 0.0672059738643435
4 0.5482758620689655 0.410392034847542 0.07862068965517241 0.09147479775980087
4 0.4527586206896551 0.4144368388301182 0.07793103448275862 0.09583074051026758
4 0.37310344827586206 0.4555071561916615 0.07586206896551724 0.089607965152458
4 0.3134482758620689 0.5183571873055383 0.08482758620689655 0.07093963907902924
6 0.7355172413793103 0.4427504667081518 0.11103448275862068 0.1088985687616677
6 0.583103448275862 0.20846297448662104 0.08482758620689655 0.089607965152458
6 0.39413793103448275 0.18855009334163036 0.07655172413793103 0.10329807093963908
6 0.2775862068965517 0.24953329184816428 0.0889655172413793 0.09583074051026758
6 0.18413793103448275 0.380522713130056 0.08689655172413792 0.08027380211574361
5 0.25620689655172413 0.4495955196017424 0.07655172413793103 0.06285003111387678
5 0.32448275862068965 0.35003111387678904 0.08068965517241379 0.05911636589919104
5 0.4262068965517241 0.3042937149968886 0.07999999999999999 0.07093963907902924
5 0.563103448275862 0.3117610454262601 0.08758620689655172 0.07093963907902924
