5 0.6459731543624161 0.25801282051282054 0.08926174496644294 0.09038461538461538
5 0.5171140939597315 0.21666666666666667 0.08657718120805369 0.07435897435897436
5 0.36711409395973155 0.25608974358974357 0.08053691275167785 0.07884615384615384
5 0.24966442953020132 0.3573717948717949 0.087248322147651 0.07884615384615384
6 0.1855704697986577 0.2689102564102564 0.10134228187919463 0.0967948717948718
6 0.3442953020134228 0.12596153846153846 0.08456375838926174 0.11858974358974358
6 0.5456375838926174 0.08461538461538462 0.10335570469798658 0.11794871794871795
6 0.686241610738255 0.14743589743589744 0.09060402684563758 0.11025641025641025
6 0.8681208053691275 0.4967948717948718 0.14026845637583893 0.12179487179487179
4 0.6100671140939598 0.3753205128205128 0.10335570469798658 0.11217948717948718
4 0.4983221476510067 0.36378205128205127 0.0785234899328859 0.10064102564102564
4 0.4053691275167785 0.38621794871794873 0.10335570469798658 0.09423076923076923
4 0.31140939597315437 0.4375 0.08859060402684563 0.09423076923076923
4 0.7546979865771811 0.5605769230769231 0.10536912751677852 0.09038461538461538
2 0.6271812080536913 0.6634615384615384 0.17919463087248322 0.1282051282051282
3 0.34127516778523487 0.5134615384615384 0.0785234899328859 0.1282051282051282
3 0.4167785234899329 0.4721153846153846 0.09261744966442953 0.11217948717948718
3 0.4892617449664429 0.4496794871794872 0.08053691275167785 0.13012820512820514
3 0.588255033557047 0.4621794871794872 0.09731543624161074 0.12051282051282051
1 0.3704697986577181 0.823076923076923 0.11140939597315436 0.17564102564102563
0 0.4674496644295302 0.8269230769230769 0.1563758389261745 0.1794871794871795
