0 0.48416719442685247 0.8276931754089115 0.1741608613046232 0.17202481669486747
1 0.3695376820772641 0.8189509306260576 0.09436352121595946 0.15454032712915963
2 0.6431285623812539 0.6469261139311901 0.16149461684610514 0.1319796954314721
3 0.5835972134262192 0.4681331077270164 0.09436352121595946 0.16469261139311903
3 0.47878404053198226 0.4633389734912578 0.08613046231792273 0.12803158488437677
3 0.4069031032298923 0.490975747320925 0.07916402786573781 0.11111111111111112
3 0.3220392653578214 0.5332769317540892 0.08169727675744141 0.12239142695995489
4 0.7688410386320456 0.5518894529046814 0.10766307789740343 0.10095882684715173
6 0.8888537048765042 0.4749012972363227 0.1285623812539582 0.1128031584884377
4 0.5940468651044966 0.36407219402143265 0.10512982900569981 0.11675126903553301
4 0.4759341355288157 0.3697123519458545 0.12222925902469918 0.10547095318668924
4 0.3803039898670044 0.4060913705583757 0.10702976567447751 0.1128031584884377
4 0.29132362254591515 0.46136491821771014 0.10512982900569981 0.10152284263959392
6 0.6348955034832172 0.1362098138747885 0.08803039898670044 0.10885504794134236
6 0.47878404053198226 0.10293288212069938 0.08613046231792273 0.12239142695995489
6 0.30810639645345156 0.16723068245910888 0.10069664344521849 0.10885504794134236
6 0.181760607979734 0.2882120699379583 0.09626345788473718 0.1071630005640158
5 0.23527549081697277 0.37817258883248733 0.11336288790373654 0.0727580372250423
5 0.3404053198226726 0.28257191201353643 0.11842938568714377 0.08009024252679076
5 0.47783407219759344 0.2253243090806543 0.11842938568714377 0.08742244782853921
5 0.6247625079164028 0.2388606880992668 0.1032298923369221 0.09193457416807671
