5 0.6738636363636363 0.3265255905511811 0.12954545454545455 0.07824803149606299
5 0.4928030303030303 0.3095472440944882 0.12045454545454545 0.08464566929133858
5 0.3503787878787879 0.37106299212598426 0.12045454545454545 0.09448818897637795
5 0.21931818181818183 0.4611220472440945 0.12348484848484849 0.058070866141732284
6 0.1787878787878788 0.3690944881889764 0.14242424242424243 0.09842519685039369
6 0.2996212121212121 0.2433562992125984 0.12045454545454545 0.10875984251968504
6 0.48674242424242425 0.18011811023622046 0.13257575757575757 0.11417322834645668
6 0.6890151515151515 0.21013779527559054 0.12954545454545455 0.11023622047244094
6 0.8837121212121212 0.4554625984251968 0.14469696969696969 0.13238188976377951
4 0.656439393939394 0.45029527559055116 0.12045454545454545 0.09645669291338582
4 0.5159090909090909 0.45718503937007876 0.1303030303030303 0.08661417322834646
4 0.3984848484848485 0.5054133858267716 0.11818181818181818 0.10236220472440945
4 0.2935606060606061 0.5546259842519685 0.11742424242424243 0.09251968503937008
4 0.8174242424242424 0.5802165354330708 0.13636363636363635 0.10039370078740158
3 0.6579545454545455 0.5265748031496063 0.11742424242424243 0.10826771653543307
3 0.5079545454545454 0.5381397637795275 0.12348484848484849 0.11269685039370078
3 0.4185606060606061 0.5718503937007874 0.10227272727272728 0.10236220472440945
3 0.3181818181818182 0.6168799212598425 0.12424242424242424 0.10875984251968504
2 0.7310606060606061 0.7315452755905512 0.1696969696969697 0.13238188976377951
1 0.4401515151515151 0.9333169291338582 0.1393939393939394 0.12253937007874016
0 0.5765151515151515 0.9119094488188976 0.2318181818181818 0.14468503937007873
