0 0.483974358974359 0.877379010331702 0.18076923076923077 0.17346383904295812
1 0.3737179487179487 0.8681348558999455 0.09743589743589744 0.1310494834148994
2 0.6467948717948718 0.722131593257205 0.14487179487179488 0.13268080478520933
3 0.617948717948718 0.5326264274061989 0.1282051282051282 0.1571506253398586
3 0.5041666666666667 0.5097879282218597 0.08782051282051281 0.1310494834148994
3 0.42115384615384616 0.5369766177270255 0.0782051282051282 0.12887438825448613
3 0.3310897435897436 0.5842849374660141 0.10192307692307692 0.13866231647634583
4 0.757051282051282 0.5940728656878738 0.13076923076923078 0.10712343665035344
4 0.6288461538461538 0.4290375203915171 0.10897435897435898 0.11092985318107666
4 0.5102564102564102 0.4230560087003806 0.1 0.10657966286025013
4 0.39487179487179486 0.4603045133224578 0.09230769230769231 0.10059815116911364
4 0.2951923076923077 0.5008156606851549 0.09294871794871795 0.09679173463839041
6 0.8791666666666667 0.5108754758020663 0.1544871794871795 0.11256117455138662
6 0.725 0.2036432843936922 0.1064102564102564 0.1027732463295269
6 0.5064102564102564 0.15225666122892875 0.11153846153846154 0.1250679717237629
6 0.28237179487179487 0.2077215878194671 0.10448717948717949 0.1185426862425231
6 0.16474358974358974 0.3365959760739532 0.11666666666666667 0.11092985318107666
5 0.22884615384615384 0.4170744970092441 0.1064102564102564 0.0706905927134312
5 0.3368589743589744 0.32653616095704185 0.10961538461538461 0.07449700924415442
5 0.5089743589743589 0.27814029363784665 0.12564102564102564 0.07884719956498096
5 0.6942307692307692 0.3123980424143556 0.12564102564102564 0.09081022294725394
