5 0.6179927667269439 0.2942008486562942 0.10216998191681735 0.0777934936350778
5 0.4624773960216998 0.2652050919377652 0.1220614828209765 0.07920792079207921
5 0.32504520795660036 0.3217821782178218 0.1166365280289331 0.0777934936350778
5 0.2088607594936709 0.4306930693069307 0.10488245931283906 0.06789250353606789
6 0.16455696202531644 0.3288543140028289 0.11211573236889692 0.11598302687411599
6 0.2870705244122966 0.16442715700141444 0.1274864376130199 0.12517680339462517
6 0.4561482820976492 0.10961810466760963 0.12929475587703435 0.1272984441301273
6 0.6306509945750451 0.1615983026874116 0.10759493670886075 0.11951909476661952
6 0.8670886075949367 0.46534653465346537 0.16817359855334538 0.157001414427157
4 0.5985533453887885 0.4292786421499293 0.1301989150090416 0.12164073550212165
4 0.4674502712477396 0.43352192362093356 0.10669077757685352 0.11315417256011316
4 0.36211573236889694 0.47913719943422917 0.10940325497287522 0.11386138613861387
4 0.27124773960216997 0.528995756718529 0.11211573236889692 0.09335219236209336
4 0.7608499095840868 0.5845120226308346 0.1274864376130199 0.10961810466760963
3 0.596745027124774 0.5318246110325319 0.11211573236889692 0.13578500707213578
3 0.4778481012658228 0.5392503536067893 0.10216998191681735 0.14922206506364924
3 0.38743218806509944 0.5717821782178218 0.10940325497287522 0.1478076379066478
3 0.3047016274864376 0.6145685997171146 0.10669077757685352 0.1371994342291372
2 0.6713381555153707 0.7333804809052334 0.18354430379746836 0.1471004243281471
1 0.4000904159132007 0.9434229137199435 0.13471971066907776 0.13012729844413012
0 0.5262206148282097 0.9303394625176804 0.2043399638336347 0.14356435643564358
