0 0.5233944954128441 0.7018134715025907 0.23577981651376148 0.14455958549222797
1 0.38623853211009174 0.7383419689119171 0.14495412844036698 0.11709844559585492
2 0.6720183486238532 0.5689119170984456 0.19908256880733946 0.10777202072538859
3 0.6022935779816514 0.43316062176165804 0.10550458715596331 0.09637305699481864
3 0.4692660550458716 0.4339378238341969 0.0926605504587156 0.08860103626943004
3 0.36834862385321104 0.4544041450777202 0.0926605504587156 0.08290155440414507
3 0.2756880733944954 0.4865284974093264 0.0981651376146789 0.07461139896373056
4 0.8018348623853211 0.4836787564766839 0.13944954128440368 0.07616580310880829
4 0.6192660550458716 0.3632124352331606 0.10825688073394496 0.08186528497409326
4 0.4756880733944954 0.3704663212435233 0.11651376146788991 0.07564766839378238
4 0.35825688073394496 0.3953367875647668 0.11834862385321102 0.07564766839378238
4 0.24954128440366974 0.4339378238341969 0.10825688073394496 0.06891191709844559
6 0.9022935779816514 0.40336787564766835 0.16238532110091744 0.08341968911917098
6 0.6614678899082569 0.1878238341968912 0.10091743119266056 0.07305699481865284
6 0.4963302752293578 0.16476683937823833 0.09541284403669725 0.08186528497409326
6 0.32706422018348624 0.19585492227979273 0.12385321100917432 0.08601036269430051
6 0.12155963302752294 0.305440414507772 0.11100917431192661 0.0772020725388601
5 0.18119266055045874 0.3704663212435233 0.11651376146788991 0.049740932642487044
5 0.3412844036697248 0.29093264248704664 0.13761467889908258 0.05958549222797927
5 0.494954128440367 0.26010362694300515 0.13486238532110092 0.056994818652849735
5 0.6422018348623854 0.26528497409326424 0.13394495412844037 0.061139896373056994
