5 0.6179878048780488 0.3111948955916473 0.09451219512195122 0.08990719257540603
5 0.4576219512195122 0.2691415313225058 0.10792682926829268 0.08816705336426914
5 0.313109756097561 0.32830626450116007 0.09939024390243903 0.08584686774941995
5 0.21158536585365853 0.44547563805104406 0.0951219512195122 0.07076566125290024
6 0.13475609756097562 0.3723897911832946 0.10853658536585366 0.08352668213457076
6 0.2655487804878049 0.20794663573085845 0.09451219512195122 0.11194895591647332
6 0.4722560975609756 0.13196055684454755 0.10670731707317073 0.12703016241299303
6 0.6698170731707317 0.20678654292343387 0.1445121951219512 0.10962877030162413
6 0.8664634146341463 0.5110208816705336 0.1353658536585366 0.12412993039443154
4 0.5704268292682927 0.41647331786542924 0.09939024390243903 0.11136890951276102
4 0.45670731707317075 0.412122969837587 0.09268292682926829 0.11194895591647332
4 0.3570121951219512 0.44547563805104406 0.08353658536585366 0.10092807424593966
4 0.2780487804878049 0.5087006960556845 0.09268292682926829 0.08584686774941995
4 0.7646341463414634 0.5971577726218097 0.11341463414634147 0.09686774941995359
3 0.5570121951219512 0.5043503480278422 0.09451219512195122 0.12470997679814384
3 0.4609756097560976 0.4950696055684455 0.08414634146341464 0.10962877030162413
3 0.3853658536585366 0.5269721577726217 0.07195121951219512 0.10962877030162413
3 0.3198170731707317 0.5667053364269141 0.08109756097560976 0.10324825986078887
2 0.625 0.705046403712297 0.18292682926829268 0.132830626450116
1 0.3728658536585366 0.8761600928074246 0.10182926829268292 0.1502320185614849
0 0.47560975609756095 0.8825406032482598 0.16707317073170733 0.1676334106728538
