0 0.4866615853658537 0.7907725321888412 0.18064024390243902 0.1684549356223176
1 0.37614329268292684 0.7918454935622318 0.12423780487804878 0.14484978540772533
2 0.6280487804878049 0.6177575107296137 0.17378048780487806 0.13358369098712447
3 0.5663109756097561 0.4552038626609442 0.12804878048780488 0.1421673819742489
3 0.4523628048780488 0.440450643776824 0.10289634146341464 0.11158798283261803
3 0.3711890243902439 0.47639484978540775 0.0899390243902439 0.10085836909871244
3 0.2892530487804878 0.5329935622317596 0.10289634146341464 0.1271459227467811
4 0.7313262195121951 0.4938304721030043 0.10746951219512195 0.08315450643776824
4 0.5750762195121951 0.3626609442060086 0.11204268292682927 0.08798283261802575
4 0.46608231707317077 0.36722103004291845 0.09679878048780488 0.09388412017167382
4 0.35251524390243905 0.4020922746781116 0.11509146341463415 0.08744635193133048
4 0.2580030487804878 0.46003218884120173 0.11204268292682927 0.08100858369098712
5 0.6097560975609756 0.25456008583690987 0.13414634146341464 0.08315450643776824
5 0.4706554878048781 0.24222103004291845 0.10899390243902439 0.06598712446351931
5 0.33727134146341464 0.29050429184549353 0.12728658536585366 0.07027896995708155
5 0.18140243902439024 0.3878755364806867 0.0899390243902439 0.06759656652360516
6 0.8147865853658537 0.384656652360515 0.14329268292682928 0.11802575107296137
6 0.6360518292682927 0.16335836909871246 0.12728658536585366 0.10032188841201717
6 0.46455792682926833 0.12607296137339055 0.10289634146341464 0.10085836909871244
6 0.2999237804878049 0.1732832618025751 0.10289634146341464 0.10300429184549356
6 0.11928353658536586 0.3090128755364807 0.11509146341463415 0.09871244635193133
