6 0.6176242236024845 0.25426509186351703 0.10015527950310558 0.08464566929133858
6 0.453027950310559 0.22506561679790027 0.10015527950310558 0.07874015748031496
6 0.2942546583850931 0.281496062992126 0.10714285714285714 0.07086614173228346
6 0.19254658385093165 0.3992782152230971 0.09627329192546583 0.07283464566929133
6 0.09588509316770186 0.32874015748031493 0.11723602484472048 0.08530183727034121
6 0.2247670807453416 0.1673228346456693 0.12189440993788819 0.11286089238845144
6 0.43517080745341613 0.09251968503937008 0.10791925465838509 0.11286089238845144
6 0.6354813664596273 0.1410761154855643 0.12189440993788819 0.10498687664041995
6 0.8951863354037266 0.4973753280839895 0.15993788819875776 0.10498687664041995
4 0.5916149068322981 0.3723753280839895 0.11024844720496893 0.10301837270341208
4 0.4658385093167702 0.36089238845144356 0.10248447204968944 0.10892388451443569
4 0.3637422360248447 0.3992782152230971 0.10481366459627328 0.10695538057742782
4 0.2748447204968944 0.45603674540682415 0.10248447204968944 0.08530183727034121
4 0.7608695652173912 0.5721784776902887 0.11024844720496893 0.09711286089238845
3 0.5702639751552795 0.4540682414698163 0.10015527950310558 0.11286089238845144
3 0.468167701863354 0.44586614173228345 0.09316770186335403 0.11351706036745407
3 0.39208074534161486 0.4744094488188976 0.08850931677018634 0.10892388451443569
3 0.3167701863354037 0.5164041994750657 0.09627329192546583 0.11286089238845144
2 0.6281055900621118 0.6689632545931758 0.16925465838509315 0.12139107611548557
1 0.36296583850931674 0.8667979002624672 0.1358695652173913 0.16141732283464566
0 0.49107142857142855 0.8526902887139107 0.2010869565217391 0.1883202099737533
