0 0.488555078683834 0.8347750865051904 0.16738197424892703 0.16897347174163785
1 0.38662374821173107 0.8275663206459054 0.11659513590844063 0.1453287197231834
2 0.6434191702432046 0.6845444059976932 0.16952789699570817 0.11534025374855825
3 0.6208869814020028 0.5135524798154556 0.11874105865522175 0.12399077277970012
3 0.5028612303290415 0.5005767012687428 0.0844062947067239 0.10265282583621685
3 0.4302575107296137 0.5230680507497116 0.08226037195994278 0.10495963091118801
3 0.34012875536480686 0.558246828143022 0.0765379113018598 0.09803921568627451
4 0.775035765379113 0.5784313725490197 0.1380543633762518 0.09803921568627451
4 0.6237482117310443 0.4270472895040369 0.10300429184549356 0.10438292964244522
4 0.5135908440629471 0.41810841983852365 0.10014306151645208 0.10034602076124567
4 0.4145207439198855 0.4417531718569781 0.09799713876967096 0.10034602076124567
4 0.3190271816881259 0.4962514417531719 0.09298998569384835 0.09400230680507497
6 0.8898426323319027 0.4942329873125721 0.1530758226037196 0.11995386389850057
6 0.6684549356223176 0.21539792387543252 0.11087267525035766 0.11937716262975778
6 0.5189556509298998 0.18223760092272204 0.1223175965665236 0.10265282583621685
6 0.3905579399141631 0.21539792387543252 0.08726752503576538 0.11361014994232987
6 0.20779685264663805 0.33938869665513266 0.09799713876967096 0.09630911188004614
5 0.25393419170243203 0.41608996539792387 0.09585121602288985 0.061707035755478666
5 0.3905579399141631 0.33275663206459055 0.09298998569384835 0.07497116493656286
5 0.5014306151645207 0.2964244521337947 0.10872675250357654 0.07497116493656286
5 0.6591559370529327 0.3168973471741638 0.11087267525035766 0.0859284890426759
