5 0.6155679110405083 0.2731391585760518 0.10484511517077044 0.0970873786407767
5 0.43963463065925334 0.24142394822006472 0.12946783161239078 0.08414239482200647
5 0.2875297855440826 0.2815533980582524 0.1159650516282764 0.07637540453074433
5 0.17355043685464652 0.37346278317152104 0.1119936457505957 0.07119741100323625
6 0.1199364575059571 0.28317152103559873 0.10325655281969817 0.08349514563106797
6 0.2509928514694202 0.15016181229773462 0.11437648927720412 0.1203883495145631
6 0.45234312946783156 0.10453074433656959 0.1278792692613185 0.12362459546925567
6 0.6342335186656076 0.15016181229773462 0.13899920571882446 0.11262135922330098
6 0.8959491660047656 0.5271844660194175 0.17474185861795075 0.11844660194174758
4 0.5706910246227164 0.38511326860841427 0.10563939634630659 0.1203883495145631
4 0.4455917394757744 0.38090614886731394 0.10484511517077044 0.0964401294498382
4 0.33717235901509135 0.40614886731391586 0.1119936457505957 0.10420711974110032
4 0.2374900714853058 0.4527508090614887 0.10961080222398728 0.10161812297734628
4 0.7430500397140587 0.5967637540453075 0.1278792692613185 0.1022653721682848
3 0.5540111199364575 0.4702265372168285 0.10722795869737886 0.11844660194174758
3 0.4384432088959491 0.4728155339805825 0.08737092930897537 0.11326860841423948
3 0.3494837172359015 0.4883495145631068 0.08260524225575853 0.10420711974110032
3 0.27879269261318507 0.5174757281553398 0.08895949166004766 0.1080906148867314
2 0.5984908657664813 0.6870550161812298 0.20095313741064336 0.11844660194174758
1 0.3276409849086577 0.843042071197411 0.13423351866560762 0.14951456310679612
0 0.43208895949166004 0.8375404530744337 0.1636219221604448 0.15663430420711974
