0 0.5068306010928961 0.8162522741055185 0.2103825136612022 0.16616130988477865
1 0.3870673952641166 0.8408126137052759 0.1366120218579235 0.15463917525773196
2 0.6657559198542805 0.656155245603396 0.16757741347905283 0.1212856276531231
3 0.6092896174863388 0.45603395997574286 0.12932604735883424 0.1249241964827168
3 0.4899817850637523 0.45118253486961796 0.1092896174863388 0.1212856276531231
3 0.38843351548269583 0.4693753790175864 0.09562841530054644 0.10673135233474834
3 0.28734061930783245 0.5160703456640389 0.09016393442622951 0.11036992116434202
4 0.8032786885245902 0.514251061249242 0.16757741347905283 0.10309278350515465
4 0.6311475409836066 0.3699211643420255 0.11475409836065574 0.09702850212249849
4 0.49089253187613846 0.3629472407519709 0.11475409836065574 0.08793208004851426
4 0.3802367941712204 0.3969072164948454 0.11202185792349727 0.09520921770770165
4 0.27641165755919855 0.4442086112795634 0.11748633879781421 0.08914493632504548
6 0.924408014571949 0.42116434202547 0.16029143897996356 0.12674348089751364
6 0.779143897996357 0.15888417222559126 0.16484517304189436 0.09338993329290479
6 0.48360655737704916 0.09520921770770165 0.12932604735883424 0.10794420861127957
6 0.31010928961748635 0.15039417828987264 0.12295081967213115 0.10673135233474834
6 0.15710382513661203 0.26318981200727715 0.1320582877959927 0.11158277744087326
5 0.19763205828779598 0.3605215281989084 0.13479052823315119 0.06731352334748332
5 0.3392531876138434 0.2716798059429958 0.12659380692167577 0.07640994542146756
5 0.4977231329690346 0.2186173438447544 0.13934426229508196 0.08550636749545179
5 0.6967213114754098 0.25197089144936324 0.14025500910746813 0.08550636749545179
